1.00000000e+20 0.00000000e+00
9.50556592e+19 0.00000000e+00
9.03557835e+19 0.00000000e+00
8.58882856e+19 0.00000000e+00
8.16416760e+19 0.00000000e+00
7.76050334e+19 0.00000000e+00
7.37679760e+19 0.00000000e+00
7.01206359e+19 0.00000000e+00
6.66536327e+19 0.00000000e+00
6.33580499e+19 0.00000000e+00
6.02254120e+19 0.00000000e+00
5.72476624e+19 0.00000000e+00
5.44171429e+19 0.00000000e+00
5.17265739e+19 0.00000000e+00
4.91690358e+19 0.00000000e+00
4.67379511e+19 0.00000000e+00
4.44270675e+19 0.00000000e+00
4.22304419e+19 0.00000000e+00
4.01424249e+19 0.00000000e+00
3.81576466e+19 0.00000000e+00
3.62710025e+19 0.00000000e+00
3.44776405e+19 0.00000000e+00
3.27729485e+19 0.00000000e+00
3.11525422e+19 0.00000000e+00
2.96122544e+19 0.00000000e+00
2.81481236e+19 0.00000000e+00
2.67563844e+19 0.00000000e+00
2.54334576e+19 0.00000000e+00
2.41759408e+19 0.00000000e+00
2.29805999e+19 0.00000000e+00
2.18443607e+19 0.00000000e+00
2.07643011e+19 0.00000000e+00
1.97376433e+19 0.00000000e+00
1.87617469e+19 0.00000000e+00
1.78341022e+19 0.00000000e+00
1.69523234e+19 0.00000000e+00
1.61141428e+19 0.00000000e+00
1.53174046e+19 0.00000000e+00
1.45600600e+19 0.00000000e+00
1.38401610e+19 0.00000000e+00
1.31558562e+19 0.00000000e+00
1.25053859e+19 0.00000000e+00
1.18870770e+19 0.00000000e+00
1.12993394e+19 0.00000000e+00
1.07406615e+19 0.00000000e+00
1.02096066e+19 0.00000000e+00
9.70480888e+18 0.00000000e+00
9.22497005e+18 0.00000000e+00
8.76885609e+18 0.00000000e+00
8.33529397e+18 0.00000000e+00
7.92316862e+18 0.00000000e+00
7.53142017e+18 0.00000000e+00
7.15904109e+18 0.00000000e+00
6.80507370e+18 0.00000000e+00
6.46860766e+18 0.00000000e+00
6.14877765e+18 0.00000000e+00
5.84476113e+18 0.00000000e+00
5.55577622e+18 0.00000000e+00
5.28107971e+18 0.00000000e+00
5.01996513e+18 0.00000000e+00
4.77176095e+18 0.00000000e+00
4.53582883e+18 0.00000000e+00
4.31156199e+18 0.00000000e+00
4.09838367e+18 0.00000000e+00
3.89574562e+18 0.00000000e+00
3.70312668e+18 0.00000000e+00
3.52003147e+18 0.00000000e+00
3.34598912e+18 0.00000000e+00
3.18055202e+18 0.00000000e+00
3.02329468e+18 0.00000000e+00
2.87381269e+18 0.00000000e+00
2.73172160e+18 0.00000000e+00
2.59665597e+18 0.00000000e+00
2.46826845e+18 0.00000000e+00
2.34622885e+18 0.00000000e+00
2.23022330e+18 0.00000000e+00
2.11995346e+18 0.00000000e+00
2.01513573e+18 0.00000000e+00
1.91550056e+18 0.00000000e+00
1.82079168e+18 0.00000000e+00
1.73076553e+18 0.00000000e+00
1.64519059e+18 0.00000000e+00
1.56384676e+18 0.00000000e+00
1.48652484e+18 0.00000000e+00
1.41302599e+18 0.00000000e+00
1.34316117e+18 0.00000000e+00
1.27675070e+18 0.00000000e+00
1.21362380e+18 0.00000000e+00
1.15361810e+18 0.00000000e+00
1.09657929e+18 0.00000000e+00
1.04236067e+18 0.00000000e+00
9.90822810e+17 0.00000000e+00
9.41833153e+17 0.00000000e+00
8.95265713e+17 0.00000000e+00
8.51000725e+17 0.00000000e+00
8.08924349e+17 0.00000000e+00
7.68928372e+17 0.00000000e+00
7.30909933e+17 0.00000000e+00
6.94771255e+17 0.00000000e+00
6.60419396e+17 0.00000000e+00
6.27766011e+17 0.00000000e+00
5.96727120e+17 0.00000000e+00
5.67222897e+17 0.00000000e+00
5.39177464e+17 0.00000000e+00
5.12518693e+17 1.12982530e-59
4.87178022e+17 1.23356684e-57
4.63090280e+17 5.30632410e-56
4.40193519e+17 1.73309029e-54
4.18428851e+17 4.89020850e-53
3.97740302e+17 1.08344560e-51
3.78074666e+17 2.15831684e-50
3.59381366e+17 4.20204986e-49
3.41612327e+17 6.16836142e-48
3.24721849e+17 8.73991099e-47
3.08666494e+17 1.03808330e-45
2.93404971e+17 1.03358309e-44
2.78898029e+17 9.93315404e-44
2.65108360e+17 7.19766377e-43
2.52000499e+17 5.09722646e-42
2.39540736e+17 3.86728539e-41
2.27697026e+17 2.39247365e-40
2.16438909e+17 1.17586138e-39
2.05737431e+17 6.56684570e-39
1.95565072e+17 3.29068671e-38
1.85895668e+17 1.24473380e-37
1.76704353e+17 5.38925416e-37
1.67967487e+17 1.87287885e-36
1.59662602e+17 7.11045755e-36
1.51768339e+17 2.16882179e-35
1.44264395e+17 7.22698296e-35
1.37131472e+17 2.51152815e-34
1.30351224e+17 5.91756816e-34
1.23906216e+17 1.73408086e-33
1.17779870e+17 4.64795624e-33
1.11956432e+17 9.44875059e-33
1.06420924e+17 2.52718123e-32
1.01159111e+17 5.24765412e-32
9.61574600e+16 1.06678661e-31
9.14031075e+16 2.21042451e-31
8.68838264e+16 4.66810607e-31
8.25879939e+16 8.51633593e-31
7.85045620e+16 1.59413839e-30
7.46230289e+16 2.43314420e-30
7.09334120e+16 5.13845878e-30
6.74262224e+16 7.85837847e-30
6.40924402e+16 1.29259324e-29
6.09234915e+16 2.11211904e-29
5.79112265e+16 3.37064391e-29
5.50478981e+16 4.26993142e-29
5.23261424e+16 6.82386911e-29
4.97389596e+16 9.80878328e-29
4.72796959e+16 1.54094402e-28
4.49420266e+16 2.20998244e-28
4.27199397e+16 2.73224580e-28
4.06077203e+16 3.43853234e-28
3.85999362e+16 5.62567302e-28
3.66914238e+16 6.96133002e-28
3.48772747e+16 8.38817045e-28
3.31528234e+16 1.11274453e-27
3.15136348e+16 1.34525212e-27
2.99554933e+16 1.78063058e-27
2.84743917e+16 2.14321061e-27
2.70665207e+16 2.64994525e-27
2.57282597e+16 3.33546068e-27
2.44561668e+16 3.25195761e-27
2.32469706e+16 4.12037239e-27
2.20975611e+16 5.18910138e-27
2.10049824e+16 5.06244069e-27
1.99664245e+16 6.26813663e-27
1.89792164e+16 7.55414010e-27
1.80408193e+16 8.79340282e-27
1.71488197e+16 9.78936453e-27
1.63009236e+16 1.03422118e-26
1.54949504e+16 1.15648417e-26
1.47288272e+16 1.28698458e-26
1.40005838e+16 1.49968593e-26
1.33083472e+16 1.46714155e-26
1.26503372e+16 1.76735183e-26
1.20248614e+16 1.73036267e-26
1.14303113e+16 1.70285055e-26
1.08651577e+16 2.10440469e-26
1.03279473e+16 2.07015669e-26
9.81729841e+15 2.03340445e-26
9.33189772e+15 2.55506318e-26
8.87049689e+15 2.52122519e-26
8.43190929e+15 2.49693927e-26
8.01500696e+15 3.16842471e-26
7.61871770e+15 3.09581611e-26
7.24202233e+15 3.08272904e-26
6.88395207e+15 3.08109104e-26
6.54358602e+15 3.02240935e-26
6.22004883e+15 3.80027975e-26
5.91250841e+15 3.79278458e-26
5.62017385e+15 3.78234562e-26
5.34229330e+15 3.79146237e-26
5.07815211e+15 3.80141185e-26
4.82707097e+15 3.84316856e-26
4.58840413e+15 4.66731326e-26
4.36153779e+15 4.63477288e-26
4.14588850e+15 4.76975482e-26
3.94090164e+15 4.70618011e-26
3.74605003e+15 4.92977300e-26
3.56083255e+15 4.95928279e-26
3.38477286e+15 5.00039255e-26
3.21741815e+15 6.06558256e-26
3.05833803e+15 6.00753278e-26
2.90712338e+15 6.11083687e-26
2.76338529e+15 6.26444133e-26
2.62675410e+15 6.56092071e-26
2.49687843e+15 6.79390899e-26
2.37342425e+15 6.78598983e-26
2.25607407e+15 7.09593684e-26
2.14452608e+15 8.66855339e-26
2.03849340e+15 8.60928420e-26
1.93770334e+15 8.39788678e-26
1.84189668e+15 8.76651004e-26
1.75082703e+15 9.13737707e-26
1.66426018e+15 9.20491441e-26
1.58197348e+15 1.03952456e-25
1.50375532e+15 1.05261443e-25
1.42940453e+15 1.06813651e-25
1.35872990e+15 1.15501995e-25
1.29154967e+15 1.16307359e-25
1.22769105e+15 1.24114392e-25
1.16698982e+15 1.24373099e-25
1.10928986e+15 1.38356786e-25
1.05444279e+15 1.47144266e-25
1.00230755e+15 1.53128574e-25
9.52750047e+14 1.59587781e-25
9.05642838e+14 1.67053407e-25
8.60864770e+14 1.81031126e-25
8.18300682e+14 1.87650081e-25
7.77841107e+14 1.88994684e-25
7.39381992e+14 1.99041460e-25
7.02824426e+14 2.11937508e-25
6.68074392e+14 2.31125321e-25
6.35042517e+14 2.35443306e-25
6.03643851e+14 2.47716398e-25
5.73797641e+14 2.60618968e-25
5.45427131e+14 2.80611208e-25
5.18459354e+14 2.88505398e-25
4.92824957e+14 3.13233245e-25
4.68458012e+14 3.17840247e-25
4.45295851e+14 3.40026851e-25
4.23278907e+14 3.60150592e-25
4.02350555e+14 3.76457208e-25
3.82456972e+14 3.84806805e-25
3.63546996e+14 4.14351177e-25
3.45571994e+14 4.32784666e-25
3.28485737e+14 4.43414471e-25
3.12244282e+14 4.74512262e-25
2.96805861e+14 4.95887162e-25
2.82130768e+14 5.31318198e-25
2.68181261e+14 5.40235692e-25
2.54921465e+14 5.82077140e-25
2.42317279e+14 6.15833919e-25
2.30336287e+14 6.30802142e-25
2.18947676e+14 6.86141531e-25
2.08122157e+14 7.10166500e-25
1.97831888e+14 7.54186897e-25
1.88050406e+14 7.73582678e-25
1.78752553e+14 8.10258028e-25
1.69914417e+14 8.41538458e-25
1.61513269e+14 9.03370958e-25
1.53527503e+14 9.52187422e-25
1.45936580e+14 1.02105373e-24
1.38720978e+14 1.05978479e-24
1.31862140e+14 1.11670022e-24
1.25342427e+14 1.16681338e-24
1.19145070e+14 1.23867362e-24
1.13254132e+14 1.30357989e-24
1.07654461e+14 1.36986734e-24
1.02331658e+14 1.42403659e-24
9.72720319e+13 1.52393252e-24
9.24625712e+13 1.60223472e-24
8.78909065e+13 1.65386359e-24
8.35452806e+13 1.74348103e-24
7.94145172e+13 1.84162928e-24
7.54879928e+13 1.94836443e-24
7.17556092e+13 2.05727510e-24
6.82077673e+13 2.15213987e-24
6.48353429e+13 2.27617153e-24
6.16296626e+13 2.37782463e-24
5.85824820e+13 2.49301125e-24
5.56859644e+13 2.63678496e-24
5.29326606e+13 2.76488378e-24
5.03154895e+13 2.89524350e-24
4.78277202e+13 3.06699577e-24
4.54629547e+13 3.20461965e-24
4.32151113e+13 3.39484023e-24
4.10784089e+13 3.56111741e-24
3.90473524e+13 3.74780865e-24
3.71167182e+13 3.96425430e-24
3.52815412e+13 4.13728548e-24
3.35371015e+13 4.36909978e-24
3.18789129e+13 4.60009992e-24
3.03027108e+13 4.82246980e-24
2.88044415e+13 5.08951704e-24
2.73802518e+13 5.35430468e-24
2.60264788e+13 5.61377852e-24
2.47396410e+13 5.92784564e-24
2.35164288e+13 6.23038209e-24
2.23536965e+13 6.54879513e-24
2.12484535e+13 6.89276876e-24
2.01978576e+13 7.26122541e-24
1.91992067e+13 7.63058203e-24
1.82499324e+13 8.01855248e-24
1.73475936e+13 8.42709947e-24
1.64898694e+13 8.85888990e-24
1.56745541e+13 9.34704659e-24
1.48995507e+13 9.83599825e-24
1.41628662e+13 1.03344573e-23
1.34626058e+13 1.08691874e-23
1.27969687e+13 1.14522832e-23
1.21642429e+13 1.20193692e-23
1.15628013e+13 1.26582002e-23
1.09910970e+13 1.33258344e-23
1.04476597e+13 1.40209724e-23
9.93109181e+12 1.47562225e-23
9.44006479e+12 1.54918659e-23
8.97331581e+12 1.63032492e-23
8.52964450e+12 1.71529570e-23
8.10790981e+12 1.80483253e-23
7.70702711e+12 1.89812507e-23
7.32596543e+12 1.99905501e-23
6.96374473e+12 2.10199161e-23
6.61943346e+12 2.20891696e-23
6.29214611e+12 2.32663315e-23
5.98104096e+12 2.44539998e-23
5.68531791e+12 2.57454282e-23
5.40421642e+12 2.70842389e-23
5.13701354e+12 2.85028806e-23
4.88302209e+12 2.99667559e-23
4.64158883e+12 3.15317463e-23
4.41209286e+12 3.31678658e-23
4.19394396e+12 3.49093738e-23
3.98658107e+12 3.67112721e-23
3.78947092e+12 3.86141011e-23
3.60210656e+12 4.06316069e-23
3.42400614e+12 4.27599978e-23
3.25471161e+12 4.49695093e-23
3.09378757e+12 4.73031977e-23
2.94082017e+12 4.97755602e-23
2.79541600e+12 5.23661717e-23
2.65720111e+12 5.50874732e-23
2.52582003e+12 5.79466374e-23
2.40093488e+12 6.09666811e-23
2.28222447e+12 6.41337285e-23
2.16938352e+12 6.74641619e-23
2.06212180e+12 7.09875025e-23
1.96016347e+12 7.46792625e-23
1.86324631e+12 7.85590887e-23
1.77112106e+12 8.26463310e-23
1.68355080e+12 8.69270361e-23
1.60031031e+12 9.14613684e-23
1.52118552e+12 9.62032855e-23
1.44597292e+12 1.01222122e-22
1.37447909e+12 1.06485421e-22
1.30652016e+12 1.11998395e-22
1.24192135e+12 1.17841355e-22
1.18051653e+12 1.23972588e-22
1.12214777e+12 1.30438294e-22
1.06666496e+12 1.37204866e-22
1.01392541e+12 1.44330718e-22
9.63793480e+11 1.51858642e-22
9.16140246e+11 1.59731736e-22
8.70843150e+11 1.68074624e-22
8.27785697e+11 1.76808893e-22
7.86857151e+11 1.85991413e-22
7.47952252e+11 1.95676560e-22
7.10970943e+11 2.05850041e-22
6.75818117e+11 2.16560603e-22
6.42403366e+11 2.27827317e-22
6.10640754e+11 2.39673592e-22
5.80448594e+11 2.52146586e-22
5.51749238e+11 2.65233078e-22
5.24468875e+11 2.79047489e-22
4.98537346e+11 2.93554151e-22
4.73887961e+11 3.08829880e-22
4.50457325e+11 3.24916195e-22
4.28185180e+11 3.41779760e-22
4.07014245e+11 3.59549483e-22
3.86890074e+11 3.78264567e-22
3.67760910e+11 3.97942763e-22
3.49577557e+11 4.18645704e-22
3.32293252e+11 4.40418036e-22
3.15863541e+11 4.63347793e-22
3.00246171e+11 4.87432176e-22
2.85400977e+11 5.12774485e-22
2.71289780e+11 5.39467174e-22
2.57876289e+11 5.67510521e-22
2.45126006e+11 5.97036464e-22
2.33006141e+11 6.28100501e-22
2.21485523e+11 6.60764845e-22
2.10534524e+11 6.95136733e-22
2.00124980e+11 7.31282961e-22
1.90230119e+11 7.69329689e-22
1.80824493e+11 8.09360074e-22
1.71883914e+11 8.51448525e-22
1.63385388e+11 8.95721158e-22
1.55307057e+11 9.42328621e-22
1.47628147e+11 9.91332953e-22
1.40328908e+11 1.04289062e-21
1.33390569e+11 1.09713779e-21
1.26795285e+11 1.15422383e-21
1.20526094e+11 1.21424492e-21
1.14566873e+11 1.27740564e-21
1.08902296e+11 1.34388042e-21
1.03517796e+11 1.41375181e-21
9.83995230e+10 1.48729726e-21
9.35343152e+10 1.56465483e-21
8.89096599e+10 1.64601967e-21
8.45136633e+10 1.73166405e-21
8.03350198e+10 1.82171785e-21
7.63629826e+10 1.91650482e-21
7.25873365e+10 2.01617732e-21
6.89983712e+10 2.12104789e-21
6.55868566e+10 2.23138278e-21
6.23440189e+10 2.34742795e-21
5.92615181e+10 2.46953950e-21
5.63314267e+10 2.59800757e-21
5.35462090e+10 2.73311701e-21
5.08987019e+10 2.87528933e-21
4.83820966e+10 3.02483296e-21
4.59899209e+10 3.18217544e-21
4.37160225e+10 3.34769898e-21
4.15545533e+10 3.52181099e-21
3.94999546e+10 3.70500762e-21
3.75469422e+10 3.89774232e-21
3.56904935e+10 4.10049714e-21
3.39258338e+10 4.31375661e-21
3.22484250e+10 4.53816738e-21
3.06539530e+10 4.77421258e-21
2.91383170e+10 5.02252996e-21
2.76976194e+10 5.28378885e-21
2.63281547e+10 5.55861951e-21
2.50264010e+10 5.84773988e-21
2.37890104e+10 6.15193541e-21
2.26128007e+10 6.47192869e-21
2.14947467e+10 6.80853977e-21
2.04319732e+10 7.16270542e-21
1.94217468e+10 7.53527326e-21
1.84614695e+10 7.92722687e-21
1.75486715e+10 8.33955813e-21
1.66810054e+10 8.77335613e-21
1.58562396e+10 9.22968912e-21
1.50722531e+10 9.70976463e-21
1.43270295e+10 1.02148364e-20
1.36186524e+10 1.07461535e-20
1.29452998e+10 1.13051220e-20
1.23052400e+10 1.18931653e-20
1.16968270e+10 1.25117657e-20
1.11184960e+10 1.31625889e-20
1.05687597e+10 1.38472557e-20
1.00462042e+10 1.45675198e-20
9.54948564e+09 1.53252870e-20
9.07732653e+09 1.61224342e-20
8.62851257e+09 1.69609902e-20
8.20188950e+09 1.78432312e-20
7.79636013e+09 1.87713687e-20
7.41088152e+09 1.97477465e-20
7.04446228e+09 2.07749395e-20
6.69616005e+09 2.18555454e-20
6.36507908e+09 2.29923751e-20
6.05036788e+09 2.41883140e-20
5.75121707e+09 2.54464830e-20
5.46685730e+09 2.67700858e-20
5.19655724e+09 2.81625446e-20
4.93962174e+09 2.96274236e-20
4.69539001e+09 3.11684761e-20
4.46323393e+09 3.27897261e-20
4.24255643e+09 3.44952710e-20
4.03278998e+09 3.62895609e-20
3.83339510e+09 3.81771647e-20
3.64385898e+09 4.01629770e-20
3.46369418e+09 4.22520291e-20
3.29243733e+09 4.44497807e-20
3.12964801e+09 4.67618712e-20
2.97490755e+09 4.91942223e-20
2.82781798e+09 5.17530278e-20
2.68800102e+09 5.44449577e-20
2.55509709e+09 5.72769288e-20
2.42876438e+09 6.02562526e-20
2.30867799e+09 6.33904387e-20
2.19452909e+09 6.66877288e-20
2.08602409e+09 7.01564867e-20
1.98288395e+09 7.38056944e-20
1.88484341e+09 7.76447536e-20
1.79165033e+09 8.16834588e-20
1.70306503e+09 8.59322268e-20
1.61885969e+09 9.04020159e-20
1.53881775e+09 9.51042721e-20
1.46273336e+09 1.00051163e-19
1.39041083e+09 1.05255344e-19
1.32166418e+09 1.10730223e-19
1.25631660e+09 1.16489915e-19
1.19420003e+09 1.22549123e-19
1.13515471e+09 1.28923521e-19
1.07902879e+09 1.35629532e-19
1.02567793e+09 1.42684343e-19
9.74964918e+08 1.50106088e-19
9.26759330e+08 1.57913879e-19
8.80937190e+08 1.66127827e-19
8.37380654e+08 1.74768973e-19
7.95977700e+08 1.83859589e-19
7.56621850e+08 1.93423118e-19
7.19211887e+08 2.03484037e-19
6.83651600e+08 2.14068318e-19
6.49849535e+08 2.25203154e-19
6.17718760e+08 2.36917129e-19
5.87176639e+08 2.49240463e-19
5.58144625e+08 2.62204689e-19
5.30548053e+08 2.75843359e-19
5.04315949e+08 2.90191382e-19
4.79380850e+08 3.05285783e-19
4.55678627e+08 3.21165232e-19
4.33148322e+08 3.37870737e-19
4.11731993e+08 3.55445171e-19
3.91374560e+08 3.73933720e-19
3.72023668e+08 3.93383977e-19
3.53629550e+08 4.13845914e-19
3.36144900e+08 4.35372234e-19
3.19524751e+08 4.58018176e-19
3.03726358e+08 4.81842137e-19
2.88709092e+08 5.06905201e-19
2.74434330e+08 5.33272013e-19
2.60865362e+08 5.61010278e-19
2.47967289e+08 5.90191351e-19
2.35706941e+08 6.20890280e-19
2.24052787e+08 6.53186003e-19
2.12974854e+08 6.87161666e-19
2.02444651e+08 7.22904461e-19
1.92435098e+08 7.60506497e-19
1.82920450e+08 8.00064485e-19
1.73876240e+08 8.41679963e-19
1.65279206e+08 8.85460150e-19
1.57107239e+08 9.31517526e-19
1.49339322e+08 9.79970624e-19
1.41955477e+08 1.03094403e-18
1.34936714e+08 1.08456879e-18
1.28264983e+08 1.14098287e-18
1.21923125e+08 1.20033133e-18
1.15894830e+08 1.26276683e-18
1.10164595e+08 1.32844992e-18
1.04717682e+08 1.39754955e-18
9.95400829e+07 1.47024336e-18
9.46184819e+07 1.54671841e-18
8.99402217e+07 1.62717131e-18
8.54932707e+07 1.71180898e-18
8.12661920e+07 1.80084908e-18
7.72481145e+07 1.89452065e-18
7.34287045e+07 1.99306453e-18
6.97981391e+07 2.09673425e-18
6.63470812e+07 2.20579629e-18
6.30666554e+07 2.32053126e-18
5.99484250e+07 2.44123422e-18
5.69843706e+07 2.56821555e-18
5.41668691e+07 2.70180183e-18
5.14886745e+07 2.84233665e-18
4.89428990e+07 2.99018140e-18
4.65229952e+07 3.14571631e-18
4.42227398e+07 3.30934146e-18
4.20362168e+07 3.48147755e-18
3.99578030e+07 3.66256735e-18
3.79821531e+07 3.85307662e-18
3.61041860e+07 4.05349520e-18
3.43190720e+07 4.26433863e-18
3.26222201e+07 4.48614915e-18
3.10092664e+07 4.71949716e-18
2.94760626e+07 4.96498285e-18
2.80186656e+07 5.22323751e-18
2.66333273e+07 5.49492530e-18
2.53164848e+07 5.78074508e-18
2.40647515e+07 6.08143176e-18
2.28749082e+07 6.39775878e-18
2.17438948e+07 6.73053956e-18
2.06688025e+07 7.08063002e-18
1.96468665e+07 7.44893053e-18
1.86754584e+07 7.83638831e-18
1.77520801e+07 8.24399969e-18
1.68743568e+07 8.67281314e-18
1.60400311e+07 9.12393138e-18
1.52469573e+07 9.59851465e-18
1.44930957e+07 1.00977835e-17
1.37765077e+07 1.06230219e-17
1.30953502e+07 1.11755806e-17
1.24478715e+07 1.17568809e-17
1.18324063e+07 1.23684176e-17
1.12473718e+07 1.30117635e-17
1.06912634e+07 1.36885731e-17
1.01626509e+07 1.44005872e-17
9.66017480e+06 1.51496369e-17
9.18254284e+06 1.59376485e-17
8.72852662e+06 1.67666487e-17
8.29695852e+06 1.76387695e-17
7.88672862e+06 1.85562539e-17
7.49678187e+06 1.95214614e-17
7.12611543e+06 2.05368744e-17
6.77377600e+06 2.16051043e-17
6.43885743e+06 2.27288984e-17
6.12049837e+06 2.39111470e-17
5.81788007e+06 2.51548904e-17
5.53022426e+06 2.64633273e-17
5.25679112e+06 2.78398230e-17
4.99687745e+06 2.92879173e-17
4.74981480e+06 3.08113345e-17
4.51496777e+06 3.24139926e-17
4.29173238e+06 3.41000133e-17
4.07953450e+06 3.58737327e-17
3.87782841e+06 3.77397125e-17
3.68609536e+06 3.97027516e-17
3.50384225e+06 4.17678986e-17
3.33060034e+06 4.39404647e-17
3.16592411e+06 4.62260371e-17
3.00939003e+06 4.86304941e-17
2.86059554e+06 5.11600195e-17
2.71915794e+06 5.38211185e-17
2.58471351e+06 5.66206353e-17
2.45691646e+06 5.95657694e-17
2.33543814e+06 6.26640952e-17
2.21996612e+06 6.59235811e-17
2.11020343e+06 6.93526097e-17
2.00586778e+06 7.29600000e-17
1.90669084e+06 7.67550293e-17
1.81241755e+06 8.07474579e-17
1.72280545e+06 8.49475533e-17
1.63762407e+06 8.93661175e-17
1.55665436e+06 9.40145142e-17
1.47968806e+06 9.89046980e-17
1.40652724e+06 1.04049246e-16
1.33698374e+06 1.09461388e-16
1.27087871e+06 1.15155044e-16
1.20804213e+06 1.21144856e-16
1.14831241e+06 1.27446230e-16
1.09153594e+06 1.34075370e-16
1.03756668e+06 1.41049327e-16
9.86265846e+05 1.48386035e-16
9.37501502e+05 1.56104363e-16
8.91148232e+05 1.64224161e-16
8.47086827e+05 1.72766312e-16
8.05203967e+05 1.81752784e-16
7.65391939e+05 1.91206689e-16
7.27548353e+05 2.01152340e-16
6.91575883e+05 2.11615315e-16
6.57382014e+05 2.22622524e-16
6.24878807e+05 2.34202275e-16
5.93982669e+05 2.46384347e-16
5.64614142e+05 2.59200072e-16
5.36697695e+05 2.72682409e-16
5.10161531e+05 2.86866031e-16
4.84937407e+05 3.01787415e-16
4.60960449e+05 3.17484937e-16
4.38168993e+05 3.33998968e-16
4.16504425e+05 3.51371978e-16
3.95911027e+05 3.69648646e-16
3.76335836e+05 3.88875977e-16
3.57728510e+05 4.09103419e-16
3.40041193e+05 4.30382993e-16
3.23228398e+05 4.52769426e-16
3.07246884e+05 4.76320291e-16
2.92055551e+05 5.01096155e-16
2.77615329e+05 5.27160737e-16
2.63889081e+05 5.54581069e-16
2.50841506e+05 5.83427670e-16
2.38439047e+05 6.13774728e-16
2.26649808e+05 6.45700289e-16
2.15443469e+05 6.79286457e-16
2.04791210e+05 7.14619610e-16
1.94665634e+05 7.51790615e-16
1.85040702e+05 7.90895069e-16
1.75891659e+05 8.32033539e-16
1.67194976e+05 8.75311824e-16
1.58928287e+05 9.20841226e-16
1.51070330e+05 9.68738835e-16
1.43600898e+05 1.01912783e-15
1.36500781e+05 1.07213781e-15
1.29751717e+05 1.12790509e-15
1.23336350e+05 1.18657310e-15
1.17238180e+05 1.24829271e-15
1.11441525e+05 1.31322265e-15
1.05931476e+05 1.38152992e-15
1.00693863e+05 1.45339016e-15
9.57152154e+04 1.52898820e-15
9.09827289e+04 1.60851845e-15
8.64842328e+04 1.69218544e-15
8.22081576e+04 1.78020433e-15
7.81435061e+04 1.87280149e-15
7.42798248e+04 1.97021506e-15
7.06071771e+04 2.07269555e-15
6.71161177e+04 2.18050651e-15
6.37976681e+04 2.29392520e-15
6.06432940e+04 2.41324331e-15
5.76448828e+04 2.53876767e-15
5.47947234e+04 2.67082110e-15
5.20854855e+04 2.80974320e-15
4.95102016e+04 2.95589123e-15
4.70622485e+04 3.10964103e-15
4.47353305e+04 3.27138800e-15
4.25234633e+04 3.44154810e-15
4.04209584e+04 3.62055891e-15
3.84224085e+04 3.80888079e-15
3.65226736e+04 4.00699802e-15
3.47168682e+04 4.21542010e-15
3.30003479e+04 4.43468300e-15
3.13686982e+04 4.66535058e-15
2.98177229e+04 4.90801602e-15
2.83434331e+04 5.16330334e-15
2.69420371e+04 5.43186905e-15
2.56099310e+04 5.71440376e-15
2.43436887e+04 6.01163403e-15
2.31400538e+04 6.32432420e-15
2.19959307e+04 6.65327833e-15
2.09083769e+04 6.99934235e-15
1.98745955e+04 7.36340613e-15
1.88919278e+04 7.74640587e-15
1.79578465e+04 8.14932641e-15
1.70699493e+04 8.57320383e-15
1.62259529e+04 9.01912810e-15
1.54236865e+04 9.48824586e-15
1.46610868e+04 9.98176336e-15
1.39361927e+04 1.05009496e-14
1.32471399e+04 1.10471396e-14
1.25921561e+04 1.16217377e-14
1.19695570e+04 1.22262214e-14
1.13777413e+04 1.28621450e-14
1.08151870e+04 1.35311435e-14
1.02804473e+04 1.42349370e-14
9.77214697e+03 1.49753351e-14
9.28897872e+03 1.57542413e-14
8.82969996e+03 1.65736584e-14
8.39312950e+03 1.74356931e-14
7.97814457e+03 1.83425616e-14
7.58367791e+03 1.92965954e-14
7.20871503e+03 2.03002472e-14
6.85229160e+03 2.13560973e-14
6.51349095e+03 2.24668600e-14
6.19144176e+03 2.36353908e-14
5.88531578e+03 2.48646936e-14
5.59432571e+03 2.61579285e-14
5.31772318e+03 2.75184198e-14
5.05479682e+03 2.89496647e-14
4.80487044e+03 3.04553421e-14
4.56730127e+03 3.20393220e-14
4.34147833e+03 3.37056758e-14
4.12682085e+03 3.54586864e-14
3.92277676e+03 3.73028591e-14
3.72882131e+03 3.92429335e-14
3.54445567e+03 4.12838955e-14
3.36920571e+03 4.34309901e-14
3.20262069e+03 4.56897347e-14
3.04427221e+03 4.80659334e-14
2.89375302e+03 5.05656919e-14
2.75067601e+03 5.31954331e-14
2.61467321e+03 5.59619136e-14
2.48539486e+03 5.88722407e-14
2.36250847e+03 6.19338912e-14
2.24569800e+03 6.51547299e-14
2.13466303e+03 6.85430303e-14
2.02911802e+03 7.21074953e-14
1.92879151e+03 7.58572798e-14
1.83342548e+03 7.98020141e-14
1.74277468e+03 8.39518282e-14
1.65660596e+03 8.83173781e-14
1.57469771e+03 9.29098729e-14
1.49683929e+03 9.77411032e-14
1.42283046e+03 1.02823472e-13
1.35248087e+03 1.08170024e-13
1.28560961e+03 1.13794484e-13
1.22204469e+03 1.19711285e-13
1.16162263e+03 1.25935612e-13
1.10418805e+03 1.32483434e-13
1.04959323e+03 1.39371550e-13
9.97697764e+02 1.46617630e-13
9.48368187e+02 1.54240259e-13
9.01477631e+02 1.62258985e-13
8.56905505e+02 1.70694370e-13
8.14537177e+02 1.79568039e-13
7.74263683e+02 1.88902740e-13
7.35981448e+02 1.98722395e-13
6.99592017e+02 2.09052168e-13
6.65001803e+02 2.19918522e-13
6.32121848e+02 2.31349292e-13
6.00867589e+02 2.43373751e-13
5.71158648e+02 2.56022687e-13
5.42918618e+02 2.69328478e-13
5.16074871e+02 2.83325177e-13
4.90558371e+02 2.98048594e-13
4.66303493e+02 3.13536391e-13
4.43247859e+02 3.29828174e-13
4.21332174e+02 3.46965590e-13
4.00500076e+02 3.64992438e-13
3.80697987e+02 3.83954775e-13
3.61874981e+02 4.03901029e-13
3.43982649e+02 4.24882126e-13
3.26974974e+02 4.46951614e-13
3.10808217e+02 4.70165796e-13
2.95440800e+02 4.94583874e-13
2.80833200e+02 5.20268090e-13
2.66947849e+02 5.47283887e-13
2.53749038e+02 5.75700071e-13
2.41202821e+02 6.05588974e-13
2.29276931e+02 6.37026644e-13
2.17940698e+02 6.70093022e-13
2.07164968e+02 7.04872148e-13
1.96922026e+02 7.41452361e-13
1.87185529e+02 7.79926520e-13
1.77930439e+02 8.20392227e-13
1.69132952e+02 8.62952071e-13
1.60770442e+02 9.07713874e-13
1.52821404e+02 9.54790952e-13
1.45265393e+02 1.00430239e-12
1.38082977e+02 1.05637335e-12
1.31255684e+02 1.11113533e-12
1.24765955e+02 1.16872651e-12
1.18597101e+02 1.22929210e-12
1.12733256e+02 1.29298463e-12
1.07159340e+02 1.35996439e-12
1.01861017e+02 1.43039974e-12
9.68246612e+01 1.50446755e-12
9.20373200e+01 1.58235362e-12
8.74866812e+01 1.66425307e-12
8.31610415e+01 1.75037087e-12
7.90492762e+01 1.84092226e-12
7.51408106e+01 1.93613328e-12
7.14255929e+01 2.03624127e-12
6.78940681e+01 2.14149547e-12
6.45371540e+01 2.25215751e-12
6.13462172e+01 2.36850210e-12
5.83130511e+01 2.49081760e-12
5.54298552e+01 2.61940668e-12
5.26892142e+01 2.75458703e-12
5.00840799e+01 2.89669207e-12
4.76077523e+01 3.04607166e-12
4.52538628e+01 3.20309294e-12
4.30163576e+01 3.36814111e-12
4.08894823e+01 3.54162029e-12
3.88677669e+01 3.72395440e-12
3.69460121e+01 3.91558812e-12
3.51192753e+01 4.11698783e-12
3.33828586e+01 4.32864262e-12
3.17322963e+01 4.55106535e-12
3.01633435e+01 4.78479376e-12
2.86719650e+01 5.02109943e-12
2.72543253e+01 5.27768126e-12
2.59067786e+01 5.54711110e-12
2.46258592e+01 5.83000224e-12
2.34082728e+01 6.12699365e-12
2.22508880e+01 6.43875051e-12
2.11507282e+01 6.76596476e-12
2.01049642e+01 7.10935554e-12
1.91109062e+01 7.46966951e-12
1.81659979e+01 7.84768108e-12
1.72678090e+01 8.24419250e-12
1.64140297e+01 8.66003372e-12
1.56024641e+01 9.09606210e-12
1.48310251e+01 9.55314119e-12
1.40977287e+01 1.00318072e-11
1.34006890e+01 1.05330922e-11
1.27381132e+01 1.10587939e-11
1.21082975e+01 1.16090590e-11
1.15096220e+01 1.21857442e-11
1.09405471e+01 1.27887465e-11
1.03996091e+01 1.34197587e-11
9.88541702e+00 1.40796382e-11
9.39664831e+00 1.47694254e-11
8.93204600e+00 1.54901321e-11
8.49041520e+00 1.62427675e-11
8.07062014e+00 1.70283129e-11
7.67158118e+00 1.78477171e-11
7.29227206e+00 1.87018841e-11
6.93171728e+00 1.95916568e-11
6.58898955e+00 2.05178030e-11
6.26320745e+00 2.14809960e-11
5.95353313e+00 2.24817938e-11
5.65917016e+00 2.35206138e-11
5.37936150e+00 2.45977038e-11
5.11338754e+00 2.57131054e-11
4.86056423e+00 2.68666101e-11
4.62024137e+00 2.80577039e-11
4.39180089e+00 2.92854967e-11
4.17465529e+00 3.05486341e-11
3.96824610e+00 3.18451858e-11
3.77204249e+00 3.31725091e-11
3.58553986e+00 3.45270829e-11
3.40825855e+00 3.59043152e-11
3.23974263e+00 3.72983260e-11
3.07955871e+00 3.87017152e-11
2.92729484e+00 4.01053308e-11
2.78255940e+00 4.14980581e-11
2.64498018e+00 4.28666586e-11
2.51420335e+00 4.41956913e-11
2.38989257e+00 4.54675539e-11
2.27172813e+00 4.66626768e-11
2.15940615e+00 4.77598988e-11
2.05263775e+00 4.87370398e-11
1.95114835e+00 4.95716606e-11
1.85467692e+00 5.02419876e-11
1.76297538e+00 5.07279392e-11
1.67580786e+00 5.10121776e-11
1.59295021e+00 5.10810887e-11
1.51418933e+00 5.09255995e-11
1.43932264e+00 5.05417451e-11
1.36815763e+00 4.99309267e-11
1.30051125e+00 4.90998423e-11
1.23620954e+00 4.80601069e-11
1.17508713e+00 4.68276142e-11
1.11698682e+00 4.54217186e-11
1.06175918e+00 4.38643232e-11
1.00926219e+00 4.21789572e-11
9.59360829e-01 4.03899109e-11
9.11926760e-01 3.85214758e-11
8.66837993e-01 3.65973118e-11
8.23978568e-01 3.46399494e-11
7.83238260e-01 3.26704143e-11
7.44512291e-01 3.07079595e-11
7.07701066e-01 2.87698845e-11
6.72709914e-01 2.68714236e-11
6.39448843e-01 2.50256908e-11
6.07832313e-01 2.32436717e-11
5.77779012e-01 2.15342573e-11
5.49211648e-01 1.99043149e-11
5.22056753e-01 1.83587945e-11
4.96244488e-01 1.69008680e-11
4.71708469e-01 1.55320936e-11
4.48385595e-01 1.42526010e-11
4.26215883e-01 1.30612896e-11
4.05142317e-01 1.19560320e-11
3.85110700e-01 1.09338746e-11
3.66069515e-01 9.99122810e-12
3.47969790e-01 9.12404446e-12
3.30764978e-01 8.32797378e-12
3.14410830e-01 7.59850098e-12
2.98865287e-01 6.93106022e-12
2.84088369e-01 6.32115667e-12
2.70042072e-01 5.76437164e-12
2.56690272e-01 5.25644834e-12
2.43998630e-01 4.79335522e-12
2.31934506e-01 4.37129490e-12
2.20466874e-01 3.98671856e-12
2.09566240e-01 3.63633135e-12
1.99204571e-01 3.31709093e-12
1.89355218e-01 3.02620094e-12
1.79992851e-01 2.76110075e-12
1.71093391e-01 2.51945274e-12
1.62633950e-01 2.29912810e-12
1.54592774e-01 2.09819182e-12
1.46949180e-01 1.91488761e-12
1.39683512e-01 1.74762291e-12
1.32777083e-01 1.59495461e-12
1.26212131e-01 1.45557541e-12
1.19971774e-01 1.32830105e-12
1.14039960e-01 1.21205856e-12
1.08401436e-01 1.10827975e-12
1.03041699e-01 1.01106837e-12
9.79469667e-02 9.22220147e-13
9.31041349e-02 8.41015134e-13
8.85007491e-02 7.66798723e-13
8.41249705e-02 6.98974992e-13
7.99655453e-02 6.37000774e-13
7.60117762e-02 5.80380396e-13
7.22534949e-02 5.28661020e-13
6.86810359e-02 4.81428509e-13
6.52852114e-02 4.38303786e-13
6.20572881e-02 3.98648399e-13
5.89889643e-02 3.62833136e-13
5.60723488e-02 3.30150766e-13
5.32999408e-02 3.00334809e-13
5.06646101e-02 2.73141120e-13
4.81595791e-02 2.48345952e-13
4.57784054e-02 2.25744210e-13
4.35149650e-02 2.05147872e-13
4.13634368e-02 1.86384555e-13
3.93182876e-02 1.69296223e-13
3.73742574e-02 1.53738002e-13
3.55263468e-02 1.39577106e-13
3.37698031e-02 1.26691852e-13
3.21001090e-02 1.14970758e-13
3.05129702e-02 1.04311724e-13
2.90043049e-02 9.46212645e-14
2.75702333e-02 8.58138188e-14
2.62070670e-02 7.78111042e-14
2.49113003e-02 7.05310045e-14
2.36796007e-02 6.39271337e-14
2.25088005e-02 5.79318865e-14
2.13958887e-02 5.24904980e-14
2.03380031e-02 4.75529543e-14
1.93324229e-02 4.30736027e-14
1.83765620e-02 3.90107917e-14
1.74679622e-02 3.53265376e-14
1.66042866e-02 3.19862178e-14
1.57833141e-02 2.89582866e-14
1.50029332e-02 2.62140146e-14
1.42611371e-02 2.37272473e-14
1.35560179e-02 2.14741837e-14
1.28857621e-02 1.94331723e-14
1.22486461e-02 1.75845244e-14
1.16430313e-02 1.59103417e-14
1.10673602e-02 1.43943588e-14
1.05201522e-02 1.30217988e-14
1.00000000e-02 1.17792410e-14
