1.00000000e+20 0.00000000e+00
9.50556592e+19 0.00000000e+00
9.03557835e+19 0.00000000e+00
8.58882856e+19 0.00000000e+00
8.16416760e+19 0.00000000e+00
7.76050334e+19 0.00000000e+00
7.37679760e+19 0.00000000e+00
7.01206359e+19 0.00000000e+00
6.66536327e+19 0.00000000e+00
6.33580499e+19 0.00000000e+00
6.02254120e+19 0.00000000e+00
5.72476624e+19 0.00000000e+00
5.44171429e+19 0.00000000e+00
5.17265739e+19 0.00000000e+00
4.91690358e+19 0.00000000e+00
4.67379511e+19 0.00000000e+00
4.44270675e+19 0.00000000e+00
4.22304419e+19 0.00000000e+00
4.01424249e+19 0.00000000e+00
3.81576466e+19 0.00000000e+00
3.62710025e+19 0.00000000e+00
3.44776405e+19 0.00000000e+00
3.27729485e+19 0.00000000e+00
3.11525422e+19 0.00000000e+00
2.96122544e+19 0.00000000e+00
2.81481236e+19 0.00000000e+00
2.67563844e+19 0.00000000e+00
2.54334576e+19 0.00000000e+00
2.41759408e+19 0.00000000e+00
2.29805999e+19 0.00000000e+00
2.18443607e+19 0.00000000e+00
2.07643011e+19 0.00000000e+00
1.97376433e+19 0.00000000e+00
1.87617469e+19 0.00000000e+00
1.78341022e+19 0.00000000e+00
1.69523234e+19 0.00000000e+00
1.61141428e+19 0.00000000e+00
1.53174046e+19 0.00000000e+00
1.45600600e+19 0.00000000e+00
1.38401610e+19 0.00000000e+00
1.31558562e+19 0.00000000e+00
1.25053859e+19 0.00000000e+00
1.18870770e+19 0.00000000e+00
1.12993394e+19 0.00000000e+00
1.07406615e+19 0.00000000e+00
1.02096066e+19 0.00000000e+00
9.70480888e+18 0.00000000e+00
9.22497005e+18 0.00000000e+00
8.76885609e+18 0.00000000e+00
8.33529397e+18 0.00000000e+00
7.92316862e+18 0.00000000e+00
7.53142017e+18 0.00000000e+00
7.15904109e+18 0.00000000e+00
6.80507370e+18 0.00000000e+00
6.46860766e+18 0.00000000e+00
6.14877765e+18 0.00000000e+00
5.84476113e+18 0.00000000e+00
5.55577622e+18 0.00000000e+00
5.28107971e+18 0.00000000e+00
5.01996513e+18 0.00000000e+00
4.77176095e+18 0.00000000e+00
4.53582883e+18 0.00000000e+00
4.31156199e+18 0.00000000e+00
4.09838367e+18 0.00000000e+00
3.89574562e+18 0.00000000e+00
3.70312668e+18 0.00000000e+00
3.52003147e+18 0.00000000e+00
3.34598912e+18 0.00000000e+00
3.18055202e+18 0.00000000e+00
3.02329468e+18 0.00000000e+00
2.87381269e+18 0.00000000e+00
2.73172160e+18 0.00000000e+00
2.59665597e+18 0.00000000e+00
2.46826845e+18 0.00000000e+00
2.34622885e+18 0.00000000e+00
2.23022330e+18 0.00000000e+00
2.11995346e+18 0.00000000e+00
2.01513573e+18 0.00000000e+00
1.91550056e+18 0.00000000e+00
1.82079168e+18 0.00000000e+00
1.73076553e+18 0.00000000e+00
1.64519059e+18 0.00000000e+00
1.56384676e+18 0.00000000e+00
1.48652484e+18 0.00000000e+00
1.41302599e+18 0.00000000e+00
1.34316117e+18 0.00000000e+00
1.27675070e+18 0.00000000e+00
1.21362380e+18 0.00000000e+00
1.15361810e+18 0.00000000e+00
1.09657929e+18 0.00000000e+00
1.04236067e+18 0.00000000e+00
9.90822810e+17 0.00000000e+00
9.41833153e+17 0.00000000e+00
8.95265713e+17 0.00000000e+00
8.51000725e+17 0.00000000e+00
8.08924349e+17 0.00000000e+00
7.68928372e+17 0.00000000e+00
7.30909933e+17 0.00000000e+00
6.94771255e+17 0.00000000e+00
6.60419396e+17 0.00000000e+00
6.27766011e+17 0.00000000e+00
5.96727120e+17 0.00000000e+00
5.67222897e+17 0.00000000e+00
5.39177464e+17 0.00000000e+00
5.12518693e+17 3.45534260e-58
4.87178022e+17 3.77261516e-56
4.63090280e+17 1.62283211e-54
4.40193519e+17 5.30030682e-53
4.18428851e+17 1.49557155e-51
3.97740302e+17 3.31349967e-50
3.78074666e+17 6.60077637e-49
3.59381366e+17 1.28511213e-47
3.41612327e+17 1.88646883e-46
3.24721849e+17 2.67292535e-45
3.08666494e+17 3.17476822e-44
2.93404971e+17 3.16100523e-43
2.78898029e+17 3.03785465e-42
2.65108360e+17 2.20126017e-41
2.52000499e+17 1.55888382e-40
2.39540736e+17 1.18273117e-39
2.27697026e+17 7.31689770e-39
2.16438909e+17 3.59613466e-38
2.05737431e+17 2.00833720e-37
1.95565072e+17 1.00639011e-36
1.85895668e+17 3.80676708e-36
1.76704353e+17 1.64819460e-35
1.67967487e+17 5.72782189e-35
1.59662602e+17 2.17458991e-34
1.51768339e+17 6.63290363e-34
1.44264395e+17 2.21022685e-33
1.37131472e+17 7.68100186e-33
1.30351224e+17 1.80976877e-32
1.23906216e+17 5.30333625e-32
1.17779870e+17 1.42148359e-31
1.11956432e+17 2.88970963e-31
1.06420924e+17 7.72887364e-31
1.01159111e+17 1.60488908e-30
9.61574600e+16 3.26255151e-30
9.14031075e+16 6.76013715e-30
8.68838264e+16 1.42764601e-29
8.25879939e+16 2.60454943e-29
7.85045620e+16 4.87535045e-29
7.46230289e+16 7.44128037e-29
7.09334120e+16 1.57149389e-28
6.74262224e+16 2.40332642e-28
6.40924402e+16 3.95313550e-28
6.09234915e+16 6.45948972e-28
5.79112265e+16 1.03084340e-27
5.50478981e+16 1.30587233e-27
5.23261424e+16 2.08694262e-27
4.97389596e+16 2.99981836e-27
4.72796959e+16 4.71266624e-27
4.49420266e+16 6.75878517e-27
4.27199397e+16 8.35602225e-27
4.06077203e+16 1.05160570e-26
3.85999362e+16 1.72049853e-26
3.66914238e+16 2.12898226e-26
3.48772747e+16 2.56535261e-26
3.31528234e+16 3.40310452e-26
3.15136348e+16 4.11418205e-26
2.99554933e+16 5.44569920e-26
2.84743917e+16 6.55457701e-26
2.70665207e+16 8.10432261e-26
2.57282597e+16 1.02008332e-25
2.44561668e+16 9.94545589e-26
2.32469706e+16 1.26013272e-25
2.20975611e+16 1.58698191e-25
2.10049824e+16 1.54824529e-25
1.99664245e+16 1.91698306e-25
1.89792164e+16 2.31028126e-25
1.80408193e+16 2.68928475e-25
1.71488197e+16 2.99387953e-25
1.63009236e+16 3.16295671e-25
1.54949504e+16 3.53687338e-25
1.47288272e+16 3.93598253e-25
1.40005838e+16 4.58648669e-25
1.33083472e+16 4.48695627e-25
1.26503372e+16 5.40508881e-25
1.20248614e+16 5.29196492e-25
1.14303113e+16 5.20782468e-25
1.08651577e+16 6.43589695e-25
1.03279473e+16 6.33115635e-25
9.81729841e+15 6.21875703e-25
9.33189772e+15 7.81414497e-25
8.87049689e+15 7.71065829e-25
8.43190929e+15 7.63638471e-25
8.01500696e+15 9.68998740e-25
7.61871770e+15 9.46792863e-25
7.24202233e+15 9.42790449e-25
6.88395207e+15 9.42289498e-25
6.54358602e+15 9.24342888e-25
6.22004883e+15 1.16223885e-24
5.91250841e+15 1.15994660e-24
5.62017385e+15 1.15675406e-24
5.34229330e+15 1.15954223e-24
5.07815211e+15 1.16258508e-24
4.82707097e+15 1.17535552e-24
4.58840413e+15 1.42740354e-24
4.36153779e+15 1.41745173e-24
4.14588850e+15 1.45873323e-24
3.94090164e+15 1.43929019e-24
3.74605003e+15 1.50767156e-24
3.56083255e+15 1.51669653e-24
3.38477286e+15 1.52926912e-24
3.21741815e+15 1.85503598e-24
3.05833803e+15 1.83728263e-24
2.90712338e+15 1.86887610e-24
2.76338529e+15 1.91585292e-24
2.62675410e+15 2.00652516e-24
2.49687843e+15 2.07777992e-24
2.37342425e+15 2.07535801e-24
2.25607407e+15 2.17014904e-24
2.14452608e+15 2.65110207e-24
2.03849340e+15 2.63297579e-24
1.93770334e+15 2.56832415e-24
1.84189668e+15 2.68106013e-24
1.75082703e+15 2.79448233e-24
1.66426018e+15 2.81513726e-24
1.58197348e+15 3.17917602e-24
1.50375532e+15 3.21920874e-24
1.42940453e+15 3.26667991e-24
1.35872990e+15 3.53239535e-24
1.29154967e+15 3.55702579e-24
1.22769105e+15 3.79578814e-24
1.16698982e+15 3.80370017e-24
1.10928986e+15 4.23136299e-24
1.05444279e+15 4.50011035e-24
1.00230755e+15 4.68312832e-24
9.52750047e+14 4.88067013e-24
9.05642838e+14 5.10899123e-24
8.60864770e+14 5.53647157e-24
8.18300682e+14 5.73889895e-24
7.77841107e+14 5.78002091e-24
7.39381992e+14 6.08728125e-24
7.02824426e+14 6.48168087e-24
6.68074392e+14 7.06850141e-24
6.35042517e+14 7.20055825e-24
6.03643851e+14 7.57590600e-24
5.73797641e+14 7.97050505e-24
5.45427131e+14 8.58192735e-24
5.18459354e+14 8.82335522e-24
4.92824957e+14 9.57960651e-24
4.68458012e+14 9.72050237e-24
4.45295851e+14 1.03990349e-23
4.23278907e+14 1.10144788e-23
4.02350555e+14 1.15131838e-23
3.82456972e+14 1.17685393e-23
3.63546996e+14 1.26720943e-23
3.45571994e+14 1.32358454e-23
3.28485737e+14 1.35609365e-23
3.12244282e+14 1.45119997e-23
2.96805861e+14 1.51657079e-23
2.82130768e+14 1.62492945e-23
2.68181261e+14 1.65220181e-23
2.54921465e+14 1.78016544e-23
2.42317279e+14 1.88340373e-23
2.30336287e+14 1.92918102e-23
2.18947676e+14 2.09842537e-23
2.08122157e+14 2.17190088e-23
1.97831888e+14 2.30652839e-23
1.88050406e+14 2.36584647e-23
1.78752553e+14 2.47801062e-23
1.69914417e+14 2.57367550e-23
1.61513269e+14 2.76277772e-23
1.53527503e+14 2.91207303e-23
1.45936580e+14 3.12268672e-23
1.38720978e+14 3.24113784e-23
1.31862140e+14 3.41520222e-23
1.25342427e+14 3.56846320e-23
1.19145070e+14 3.78823324e-23
1.13254132e+14 3.98673595e-23
1.07654461e+14 4.18946273e-23
1.02331658e+14 4.35512847e-23
9.72720319e+13 4.66064000e-23
9.24625712e+13 4.90011147e-23
8.78909065e+13 5.05800795e-23
8.35452806e+13 5.33208480e-23
7.94145172e+13 5.63225141e-23
7.54879928e+13 5.95867930e-23
7.17556092e+13 6.29176061e-23
6.82077673e+13 6.58188538e-23
6.48353429e+13 6.96121115e-23
6.16296626e+13 7.27209665e-23
5.85824820e+13 7.62437165e-23
5.56859644e+13 8.06407453e-23
5.29326606e+13 8.45583892e-23
5.03154895e+13 8.85451782e-23
4.78277202e+13 9.37978745e-23
4.54629547e+13 9.80068229e-23
4.32151113e+13 1.03824336e-22
4.10784089e+13 1.08909588e-22
3.90473524e+13 1.14619162e-22
3.71167182e+13 1.21238716e-22
3.52815412e+13 1.26530525e-22
3.35371015e+13 1.33620097e-22
3.18789129e+13 1.40684770e-22
3.03027108e+13 1.47485504e-22
2.88044415e+13 1.55652605e-22
2.73802518e+13 1.63750600e-22
2.60264788e+13 1.71686084e-22
2.47396410e+13 1.81291193e-22
2.35164288e+13 1.90543660e-22
2.23536965e+13 2.00281679e-22
2.12484535e+13 2.10801419e-22
2.01978576e+13 2.22069922e-22
1.91992067e+13 2.33365948e-22
1.82499324e+13 2.45231241e-22
1.73475936e+13 2.57725826e-22
1.64898694e+13 2.70931265e-22
1.56745541e+13 2.85860552e-22
1.48995507e+13 3.00814152e-22
1.41628662e+13 3.16058516e-22
1.34626058e+13 3.32412157e-22
1.27969687e+13 3.50244964e-22
1.21642429e+13 3.67588146e-22
1.15628013e+13 3.87125501e-22
1.09910970e+13 4.07543746e-22
1.04476597e+13 4.28803139e-22
9.93109181e+12 4.51289278e-22
9.44006479e+12 4.73787448e-22
8.97331581e+12 4.98601967e-22
8.52964450e+12 5.24588564e-22
8.10790981e+12 5.51971596e-22
7.70702711e+12 5.80503237e-22
7.32596543e+12 6.11370622e-22
6.96374473e+12 6.42851703e-22
6.61943346e+12 6.75552664e-22
6.29214611e+12 7.11553784e-22
5.98104096e+12 7.47876220e-22
5.68531791e+12 7.87371951e-22
5.40421642e+12 8.28316775e-22
5.13701354e+12 8.71703066e-22
4.88302209e+12 9.16472739e-22
4.64158883e+12 9.64334809e-22
4.41209286e+12 1.01437222e-21
4.19394396e+12 1.06763273e-21
3.98658107e+12 1.12274015e-21
3.78947092e+12 1.18093433e-21
3.60210656e+12 1.24263568e-21
3.42400614e+12 1.30772822e-21
3.25471161e+12 1.37530167e-21
3.09378757e+12 1.44667281e-21
2.94082017e+12 1.52228503e-21
2.79541600e+12 1.60151365e-21
2.65720111e+12 1.68473917e-21
2.52582003e+12 1.77218093e-21
2.40093488e+12 1.86454287e-21
2.28222447e+12 1.96140063e-21
2.16938352e+12 2.06325521e-21
2.06212180e+12 2.17100947e-21
1.96016347e+12 2.28391450e-21
1.86324631e+12 2.40257115e-21
1.77112106e+12 2.52757120e-21
1.68355080e+12 2.65848793e-21
1.60031031e+12 2.79716133e-21
1.52118552e+12 2.94218329e-21
1.44597292e+12 3.09567428e-21
1.37447909e+12 3.25664166e-21
1.30652016e+12 3.42524482e-21
1.24192135e+12 3.60393998e-21
1.18051653e+12 3.79145136e-21
1.12214777e+12 3.98919192e-21
1.06666496e+12 4.19613386e-21
1.01392541e+12 4.41406366e-21
9.63793480e+11 4.64429003e-21
9.16140246e+11 4.88507270e-21
8.70843150e+11 5.14022310e-21
8.27785697e+11 5.40734308e-21
7.86857151e+11 5.68817193e-21
7.47952252e+11 5.98437260e-21
7.10970943e+11 6.29550798e-21
6.75818117e+11 6.62306889e-21
6.42403366e+11 6.96763859e-21
6.10640754e+11 7.32993299e-21
5.80448594e+11 7.71139436e-21
5.51749238e+11 8.11161830e-21
5.24468875e+11 8.53410417e-21
4.98537346e+11 8.97776114e-21
4.73887961e+11 9.44493849e-21
4.50457325e+11 9.93690594e-21
4.28185180e+11 1.04526441e-20
4.07014245e+11 1.09960952e-20
3.86890074e+11 1.15684582e-20
3.67760910e+11 1.21702761e-20
3.49577557e+11 1.28034338e-20
3.32293252e+11 1.34692966e-20
3.15863541e+11 1.41705569e-20
3.00246171e+11 1.49071292e-20
2.85400977e+11 1.56821725e-20
2.71289780e+11 1.64985146e-20
2.57876289e+11 1.73561637e-20
2.45126006e+11 1.82591551e-20
2.33006141e+11 1.92091859e-20
2.21485523e+11 2.02081590e-20
2.10534524e+11 2.12593538e-20
2.00124980e+11 2.23648132e-20
1.90230119e+11 2.35283956e-20
1.80824493e+11 2.47526441e-20
1.71883914e+11 2.60398344e-20
1.63385388e+11 2.73938235e-20
1.55307057e+11 2.88192187e-20
1.47628147e+11 3.03179173e-20
1.40328908e+11 3.18947045e-20
1.33390569e+11 3.35537448e-20
1.26795285e+11 3.52996060e-20
1.20526094e+11 3.71352297e-20
1.14566873e+11 3.90668729e-20
1.08902296e+11 4.10998699e-20
1.03517796e+11 4.32367454e-20
9.83995230e+10 4.54859843e-20
9.35343152e+10 4.78518096e-20
8.89096599e+10 5.03401890e-20
8.45136633e+10 5.29594495e-20
8.03350198e+10 5.57135633e-20
7.63629826e+10 5.86124312e-20
7.25873365e+10 6.16607135e-20
6.89983712e+10 6.48679681e-20
6.55868566e+10 6.82423381e-20
6.23440189e+10 7.17913454e-20
5.92615181e+10 7.55258807e-20
5.63314267e+10 7.94548171e-20
5.35462090e+10 8.35868667e-20
5.08987019e+10 8.79349200e-20
4.83820966e+10 9.25084103e-20
4.59899209e+10 9.73204123e-20
4.37160225e+10 1.02382616e-19
4.15545533e+10 1.07707480e-19
3.94999546e+10 1.13310179e-19
3.75469422e+10 1.19204581e-19
3.56904935e+10 1.25405428e-19
3.39258338e+10 1.31927538e-19
3.22484250e+10 1.38790689e-19
3.06539530e+10 1.46009655e-19
2.91383170e+10 1.53603940e-19
2.76976194e+10 1.61594016e-19
2.63281547e+10 1.69999157e-19
2.50264010e+10 1.78841320e-19
2.37890104e+10 1.88144526e-19
2.26128007e+10 1.97930875e-19
2.14947467e+10 2.08225445e-19
2.04319732e+10 2.19056887e-19
1.94217468e+10 2.30451122e-19
1.84614695e+10 2.42438232e-19
1.75486715e+10 2.55048551e-19
1.66810054e+10 2.68315387e-19
1.58562396e+10 2.82271411e-19
1.50722531e+10 2.96953551e-19
1.43270295e+10 3.12400152e-19
1.36186524e+10 3.28649414e-19
1.29452998e+10 3.45744336e-19
1.23052400e+10 3.63728453e-19
1.16968270e+10 3.82647096e-19
1.11184960e+10 4.02551210e-19
1.05687597e+10 4.23490364e-19
1.00462042e+10 4.45518188e-19
9.54948564e+09 4.68692968e-19
9.07732653e+09 4.93072104e-19
8.62851257e+09 5.18717647e-19
8.20188950e+09 5.45699207e-19
7.79636013e+09 5.74084420e-19
7.41088152e+09 6.03944963e-19
7.04446228e+09 6.35359588e-19
6.69616005e+09 6.68407738e-19
6.36507908e+09 7.03175381e-19
6.05036788e+09 7.39750757e-19
5.75121707e+09 7.78229316e-19
5.46685730e+09 8.18709036e-19
5.19655724e+09 8.61294579e-19
4.93962174e+09 9.06094946e-19
4.69539001e+09 9.53224923e-19
4.46323393e+09 1.00280758e-18
4.24255643e+09 1.05496823e-18
4.03278998e+09 1.10984296e-18
3.83339510e+09 1.16757152e-18
3.64385898e+09 1.22830358e-18
3.46369418e+09 1.29219302e-18
3.29243733e+09 1.35940682e-18
3.12964801e+09 1.43011744e-18
2.97490755e+09 1.50450598e-18
2.82781798e+09 1.58276189e-18
2.68800102e+09 1.66508913e-18
2.55509709e+09 1.75169925e-18
2.42876438e+09 1.84281585e-18
2.30867799e+09 1.93866861e-18
2.19452909e+09 2.03950957e-18
2.08602409e+09 2.14559453e-18
1.98288395e+09 2.25719818e-18
1.88484341e+09 2.37460806e-18
1.79165033e+09 2.49812370e-18
1.70306503e+09 2.62806369e-18
1.61885969e+09 2.76476317e-18
1.53881775e+09 2.90857218e-18
1.46273336e+09 3.05986285e-18
1.39041083e+09 3.21902224e-18
1.32166418e+09 3.38646035e-18
1.25631660e+09 3.56260890e-18
1.19420003e+09 3.74791754e-18
1.13515471e+09 3.94286564e-18
1.07902879e+09 4.14795544e-18
1.02567793e+09 4.36371260e-18
9.74964918e+08 4.59069171e-18
9.26759330e+08 4.82947722e-18
8.80937190e+08 5.08068424e-18
8.37380654e+08 5.34495627e-18
7.95977700e+08 5.62297439e-18
7.56621850e+08 5.91545563e-18
7.19211887e+08 6.22314851e-18
6.83651600e+08 6.54684737e-18
6.49849535e+08 6.88738388e-18
6.17718760e+08 7.24563214e-18
5.87176639e+08 7.62251643e-18
5.58144625e+08 8.01900113e-18
5.30548053e+08 8.43611232e-18
5.04315949e+08 8.87491763e-18
4.79380850e+08 9.33654942e-18
4.55678627e+08 9.82219030e-18
4.33148322e+08 1.03330945e-17
4.11731993e+08 1.08705730e-17
3.91374560e+08 1.14360080e-17
3.72023668e+08 1.20308549e-17
3.53629550e+08 1.26566419e-17
3.36144900e+08 1.33149809e-17
3.19524751e+08 1.40075613e-17
3.03726358e+08 1.47361691e-17
2.88709092e+08 1.55026723e-17
2.74434330e+08 1.63090481e-17
2.60865362e+08 1.71573669e-17
2.47967289e+08 1.80498111e-17
2.35706941e+08 1.89886759e-17
2.24052787e+08 1.99763754e-17
2.12974854e+08 2.10154524e-17
2.02444651e+08 2.21085737e-17
1.92435098e+08 2.32585560e-17
1.82920450e+08 2.44683573e-17
1.73876240e+08 2.57410827e-17
1.65279206e+08 2.70800113e-17
1.57107239e+08 2.84885832e-17
1.49339322e+08 2.99704234e-17
1.41955477e+08 3.15293422e-17
1.34936714e+08 3.31693472e-17
1.28264983e+08 3.48946580e-17
1.21923125e+08 3.67097108e-17
1.15894830e+08 3.86191746e-17
1.10164595e+08 4.06279592e-17
1.04717682e+08 4.27412320e-17
9.95400829e+07 4.49644254e-17
9.46184819e+07 4.73032602e-17
8.99402217e+07 4.97637500e-17
8.54932707e+07 5.23522223e-17
8.12661920e+07 5.50753339e-17
7.72481145e+07 5.79400898e-17
7.34287045e+07 6.09538555e-17
6.97981391e+07 6.41243845e-17
6.63470812e+07 6.74598269e-17
6.30666554e+07 7.09687645e-17
5.99484250e+07 7.46602209e-17
5.69843706e+07 7.85436883e-17
5.41668691e+07 8.26291551e-17
5.14886745e+07 8.69271289e-17
4.89428990e+07 9.14486621e-17
4.65229952e+07 9.62053835e-17
4.42227398e+07 1.01209528e-16
4.20362168e+07 1.06473963e-16
3.99578030e+07 1.12012229e-16
3.79821531e+07 1.17838571e-16
3.61041860e+07 1.23967968e-16
3.43190720e+07 1.30416189e-16
3.26222201e+07 1.37199816e-16
3.10092664e+07 1.44336294e-16
2.94760626e+07 1.51843978e-16
2.80186656e+07 1.59742176e-16
2.66333273e+07 1.68051198e-16
2.53164848e+07 1.76792419e-16
2.40647515e+07 1.85988314e-16
2.28749082e+07 1.95662538e-16
2.17438948e+07 2.05839966e-16
2.06688025e+07 2.16546776e-16
1.96468665e+07 2.27810504e-16
1.86754584e+07 2.39660118e-16
1.77520801e+07 2.52126089e-16
1.68743568e+07 2.65240483e-16
1.60400311e+07 2.79037024e-16
1.52469573e+07 2.93551195e-16
1.44930957e+07 3.08820323e-16
1.37765077e+07 3.24883680e-16
1.30953502e+07 3.41782574e-16
1.24478715e+07 3.59560469e-16
1.18324063e+07 3.78263084e-16
1.12473718e+07 3.97938520e-16
1.06912634e+07 4.18637377e-16
1.01626509e+07 4.40412891e-16
9.66017480e+06 4.63321063e-16
9.18254284e+06 4.87420806e-16
8.72852662e+06 5.12774106e-16
8.29695852e+06 5.39446160e-16
7.88672862e+06 5.67505568e-16
7.49678187e+06 5.97024491e-16
7.12611543e+06 6.28078847e-16
6.77377600e+06 6.60748503e-16
6.43885743e+06 6.95117478e-16
6.12049837e+06 7.31274163e-16
5.81788007e+06 7.69311544e-16
5.53022426e+06 8.09327447e-16
5.25679112e+06 8.51424789e-16
4.99687745e+06 8.95711830e-16
4.74981480e+06 9.42302471e-16
4.51496777e+06 9.91316533e-16
4.29173238e+06 1.04288007e-15
4.07953450e+06 1.09712570e-15
3.87782841e+06 1.15419293e-15
3.68609536e+06 1.21422851e-15
3.50384225e+06 1.27738687e-15
3.33060034e+06 1.34383041e-15
3.16592411e+06 1.41373003e-15
3.00939003e+06 1.48726550e-15
2.86059554e+06 1.56462592e-15
2.71915794e+06 1.64601027e-15
2.58471351e+06 1.73162783e-15
2.45691646e+06 1.82169882e-15
2.33543814e+06 1.91645486e-15
2.21996612e+06 2.01613965e-15
2.11020343e+06 2.12100957e-15
2.00586778e+06 2.23133432e-15
1.90669084e+06 2.34739763e-15
1.81241755e+06 2.46949800e-15
1.72280545e+06 2.59794944e-15
1.63762407e+06 2.73308231e-15
1.55665436e+06 2.87524414e-15
1.47968806e+06 3.02480054e-15
1.40652724e+06 3.18213615e-15
1.33698374e+06 3.34765559e-15
1.27087871e+06 3.52178456e-15
1.20804213e+06 3.70497088e-15
1.14831241e+06 3.89768567e-15
1.09153594e+06 4.10042455e-15
1.03756668e+06 4.31370893e-15
9.86265846e+05 4.53808734e-15
9.37501502e+05 4.77413682e-15
8.91148232e+05 5.02246446e-15
8.47086827e+05 5.28370889e-15
8.05203967e+05 5.55854200e-15
7.65391939e+05 5.84767060e-15
7.27548353e+05 6.15183826e-15
6.91575883e+05 6.47182725e-15
6.57382014e+05 6.80846052e-15
6.24878807e+05 7.16260381e-15
5.93982669e+05 7.53516791e-15
5.64614142e+05 7.92711099e-15
5.36697695e+05 8.33944103e-15
5.10161531e+05 8.77321848e-15
4.84937407e+05 9.22955891e-15
4.60960449e+05 9.70963594e-15
4.38168993e+05 1.02146842e-14
4.16504425e+05 1.07460027e-14
3.95911027e+05 1.13049577e-14
3.76335836e+05 1.18929868e-14
3.57728510e+05 1.25116023e-14
3.40041193e+05 1.31623951e-14
3.23228398e+05 1.38470389e-14
3.07246884e+05 1.45672946e-14
2.92055551e+05 1.53250144e-14
2.77615329e+05 1.61221470e-14
2.63889081e+05 1.69607425e-14
2.50841506e+05 1.78429576e-14
2.38439047e+05 1.87710611e-14
2.26649808e+05 1.97474399e-14
2.15443469e+05 2.07746051e-14
2.04791210e+05 2.18551982e-14
1.94665634e+05 2.29919984e-14
1.85040702e+05 2.41879292e-14
1.75891659e+05 2.54460663e-14
1.67194976e+05 2.67696452e-14
1.58928287e+05 2.81620701e-14
1.51070330e+05 2.96269218e-14
1.43600898e+05 3.11679676e-14
1.36500781e+05 3.27891706e-14
1.29751717e+05 3.44947004e-14
1.23336350e+05 3.62889429e-14
1.17238180e+05 3.81765127e-14
1.11441525e+05 4.01622640e-14
1.05931476e+05 4.22513037e-14
1.00693863e+05 4.44490043e-14
9.57152154e+04 4.67610177e-14
9.09827289e+04 4.91932898e-14
8.64842328e+04 5.17520757e-14
8.22081576e+04 5.44439559e-14
7.81435061e+04 5.72758533e-14
7.42798248e+04 6.02550505e-14
7.06071771e+04 6.33892094e-14
6.71161177e+04 6.66863901e-14
6.37976681e+04 7.01550719e-14
6.06432940e+04 7.38041752e-14
5.76448828e+04 7.76430844e-14
5.47947234e+04 8.16816720e-14
5.20854855e+04 8.59303240e-14
4.95102016e+04 9.03999664e-14
4.70622485e+04 9.51020938e-14
4.47353305e+04 1.00048798e-13
4.25234633e+04 1.05252801e-13
4.04209584e+04 1.10727486e-13
3.84224085e+04 1.16486930e-13
3.65226736e+04 1.22545946e-13
3.47168682e+04 1.28920115e-13
3.30003479e+04 1.35625828e-13
3.13686982e+04 1.42680330e-13
2.98177229e+04 1.50101763e-13
2.83434331e+04 1.57909210e-13
2.69420371e+04 1.66122750e-13
2.56099310e+04 1.74763504e-13
2.43436887e+04 1.83853692e-13
2.31400538e+04 1.93416689e-13
2.19959307e+04 2.03477087e-13
2.09083769e+04 2.14060757e-13
1.98745955e+04 2.25194913e-13
1.88919278e+04 2.36908187e-13
1.79578465e+04 2.49230698e-13
1.70699493e+04 2.62194133e-13
1.62259529e+04 2.75831827e-13
1.54236865e+04 2.90178847e-13
1.46610868e+04 3.05272083e-13
1.39361927e+04 3.21150347e-13
1.32471399e+04 3.37854465e-13
1.25921561e+04 3.55427389e-13
1.19695570e+04 3.73914303e-13
1.13777413e+04 3.93362741e-13
1.08151870e+04 4.13822709e-13
1.02804473e+04 4.35346813e-13
9.77214697e+03 4.57990393e-13
9.28897872e+03 4.81811670e-13
8.82969996e+03 5.06871888e-13
8.39312950e+03 5.33235478e-13
7.97814457e+03 5.60970219e-13
7.58367791e+03 5.90147417e-13
7.20871503e+03 6.20842082e-13
6.85229160e+03 6.53133125e-13
6.51349095e+03 6.87103561e-13
6.19144176e+03 7.22840716e-13
5.88531578e+03 7.60436462e-13
5.59432571e+03 7.99987441e-13
5.31772318e+03 8.41595322e-13
5.05479682e+03 8.85367058e-13
4.80487044e+03 9.31415160e-13
4.56730127e+03 9.79857990e-13
4.34147833e+03 1.03082006e-12
4.12682085e+03 1.08443235e-12
3.92277676e+03 1.14083264e-12
3.72882131e+03 1.20016590e-12
3.54445567e+03 1.26258461e-12
3.36920571e+03 1.32824916e-12
3.20262069e+03 1.39732831e-12
3.04427221e+03 1.46999955e-12
2.89375302e+03 1.54644962e-12
2.75067601e+03 1.62687494e-12
2.61467321e+03 1.71148216e-12
2.48539486e+03 1.80048864e-12
2.36250847e+03 1.89412304e-12
2.24569800e+03 1.99262589e-12
2.13466303e+03 2.09625022e-12
2.02911802e+03 2.20526219e-12
1.92879151e+03 2.31994178e-12
1.83342548e+03 2.44058351e-12
1.74277468e+03 2.56749720e-12
1.65660596e+03 2.70100873e-12
1.57469771e+03 2.84146091e-12
1.49683929e+03 2.98921434e-12
1.42283046e+03 3.14464832e-12
1.35248087e+03 3.30816184e-12
1.28560961e+03 3.48017458e-12
1.22204469e+03 3.66112801e-12
1.16162263e+03 3.85148647e-12
1.10418805e+03 4.05173838e-12
1.04959323e+03 4.26239751e-12
9.97697764e+02 4.48400424e-12
9.48368187e+02 4.71712696e-12
9.01477631e+02 4.96236352e-12
8.56905505e+02 5.22034274e-12
8.14537177e+02 5.49172601e-12
7.74263683e+02 5.77720898e-12
7.35981448e+02 6.07752332e-12
6.99592017e+02 6.39343856e-12
6.65001803e+02 6.72576407e-12
6.32121848e+02 7.07535110e-12
6.00867589e+02 7.44309491e-12
5.71158648e+02 7.82993707e-12
5.42918618e+02 8.23686783e-12
5.16074871e+02 8.66492860e-12
4.90558371e+02 9.11521461e-12
4.66303493e+02 9.58887762e-12
4.43247859e+02 1.00871289e-11
4.21332174e+02 1.06112422e-11
4.00500076e+02 1.11625570e-11
3.80697987e+02 1.17424817e-11
3.61874981e+02 1.23524976e-11
3.43982649e+02 1.29941622e-11
3.26974974e+02 1.36691129e-11
3.10808217e+02 1.43790718e-11
2.95440800e+02 1.51258494e-11
2.80833200e+02 1.59113493e-11
2.66947849e+02 1.67375730e-11
2.53749038e+02 1.76066246e-11
2.41202821e+02 1.85207163e-11
2.29276931e+02 1.94821740e-11
2.17940698e+02 2.04934424e-11
2.07164968e+02 2.15570918e-11
1.96922026e+02 2.26758238e-11
1.87185529e+02 2.38524783e-11
1.77930439e+02 2.50900402e-11
1.69132952e+02 2.63916471e-11
1.60770442e+02 2.77605965e-11
1.52821404e+02 2.92003539e-11
1.45265393e+02 3.07145615e-11
1.38082977e+02 3.23070465e-11
1.31255684e+02 3.39818310e-11
1.24765955e+02 3.57431411e-11
1.18597101e+02 3.75954173e-11
1.12733256e+02 3.95433249e-11
1.07159340e+02 4.15917656e-11
1.01861017e+02 4.37458887e-11
9.68246612e+01 4.60111032e-11
9.20373200e+01 4.83930912e-11
8.74866812e+01 5.08978207e-11
8.31610415e+01 5.35315598e-11
7.90492762e+01 5.63008913e-11
7.51408106e+01 5.92127280e-11
7.14255929e+01 6.22743290e-11
6.78940681e+01 6.54933160e-11
6.45371540e+01 6.88776913e-11
6.13462172e+01 7.24358557e-11
5.83130511e+01 7.61766283e-11
5.54298552e+01 8.01092658e-11
5.26892142e+01 8.42434840e-11
5.00840799e+01 8.85894796e-11
4.76077523e+01 9.31579529e-11
4.52538628e+01 9.79601318e-11
4.30163576e+01 1.03007797e-10
4.08894823e+01 1.08313307e-10
3.88677669e+01 1.13889628e-10
3.69460121e+01 1.19750359e-10
3.51192753e+01 1.25909762e-10
3.33828586e+01 1.32382797e-10
3.17322963e+01 1.39185147e-10
3.01633435e+01 1.46333259e-10
2.86719650e+01 1.53560190e-10
2.72543253e+01 1.61407228e-10
2.59067786e+01 1.69647196e-10
2.46258592e+01 1.78298850e-10
2.34082728e+01 1.87381733e-10
2.22508880e+01 1.96916187e-10
2.11507282e+01 2.06923375e-10
2.01049642e+01 2.17425288e-10
1.91109062e+01 2.28444764e-10
1.81659979e+01 2.40005485e-10
1.72678090e+01 2.52131986e-10
1.64140297e+01 2.64849650e-10
1.56024641e+01 2.78184698e-10
1.48310251e+01 2.92163539e-10
1.40977287e+01 3.06802573e-10
1.34006890e+01 3.22133362e-10
1.27381132e+01 3.38210889e-10
1.21082975e+01 3.55039634e-10
1.15096220e+01 3.72676388e-10
1.09405471e+01 3.91117995e-10
1.03996091e+01 4.10416231e-10
9.88541702e+00 4.30597312e-10
9.39664831e+00 4.51693061e-10
8.93204600e+00 4.73734422e-10
8.49041520e+00 4.96752255e-10
8.07062014e+00 5.20776577e-10
7.67158118e+00 5.45836401e-10
7.29227206e+00 5.71959374e-10
6.93171728e+00 5.99171277e-10
6.58898955e+00 6.27495589e-10
6.26320745e+00 6.56952902e-10
5.95353313e+00 6.87560281e-10
5.65917016e+00 7.19330495e-10
5.37936150e+00 7.52271118e-10
5.11338754e+00 7.86383424e-10
4.86056423e+00 8.21661038e-10
4.62024137e+00 8.58088237e-10
4.39180089e+00 8.95637802e-10
4.17465529e+00 9.34268308e-10
3.96824610e+00 9.73920726e-10
3.77204249e+00 1.01451423e-09
3.58553986e+00 1.05594113e-09
3.40825855e+00 1.09806100e-09
3.23974263e+00 1.14069401e-09
3.07955871e+00 1.18361384e-09
2.92729484e+00 1.22654059e-09
2.78255940e+00 1.26913434e-09
2.64498018e+00 1.31099022e-09
2.51420335e+00 1.35163601e-09
2.38989257e+00 1.39053336e-09
2.27172813e+00 1.42708378e-09
2.15940615e+00 1.46064010e-09
2.05263775e+00 1.49052398e-09
1.95114835e+00 1.51604917e-09
1.85467692e+00 1.53654977e-09
1.76297538e+00 1.55141162e-09
1.67580786e+00 1.56010448e-09
1.59295021e+00 1.56221198e-09
1.51418933e+00 1.55745666e-09
1.43932264e+00 1.54571725e-09
1.36815763e+00 1.52703660e-09
1.30051125e+00 1.50161957e-09
1.23620954e+00 1.46982136e-09
1.17508713e+00 1.43212805e-09
1.11698682e+00 1.38913158e-09
1.06175918e+00 1.34150178e-09
1.00926219e+00 1.28995826e-09
9.59360829e-01 1.23524389e-09
9.11926760e-01 1.17810158e-09
8.66837993e-01 1.11925491e-09
8.23978568e-01 1.05939293e-09
7.83238260e-01 9.99158672e-10
7.44512291e-01 9.39140954e-10
7.07701066e-01 8.79868844e-10
6.72709914e-01 8.21808249e-10
6.39448843e-01 7.65360235e-10
6.07832313e-01 7.10860780e-10
5.77779012e-01 6.58581791e-10
5.49211648e-01 6.08733293e-10
5.22056753e-01 5.61466670e-10
4.96244488e-01 5.16878932e-10
4.71708469e-01 4.75017730e-10
4.48385595e-01 4.35887030e-10
4.26215883e-01 3.99453176e-10
4.05142317e-01 3.65651105e-10
3.85110700e-01 3.34390483e-10
3.66069515e-01 3.05561543e-10
3.47969790e-01 2.79040482e-10
3.30764978e-01 2.54694267e-10
3.14410830e-01 2.32384814e-10
2.98865287e-01 2.11972486e-10
2.84088369e-01 1.93319817e-10
2.70042072e-01 1.76291671e-10
2.56690272e-01 1.60757862e-10
2.43998630e-01 1.46595093e-10
2.31934506e-01 1.33687231e-10
2.20466874e-01 1.21925740e-10
2.09566240e-01 1.11209854e-10
1.99204571e-01 1.01446530e-10
1.89355218e-01 9.25502470e-11
1.79992851e-01 8.44426929e-11
1.71093391e-01 7.70523764e-11
1.62633950e-01 7.03141919e-11
1.54592774e-01 6.41689615e-11
1.46949180e-01 5.85629721e-11
1.39683512e-01 5.34475189e-11
1.32777083e-01 4.87784673e-11
1.26212131e-01 4.45158357e-11
1.19971774e-01 4.06234064e-11
1.14039960e-01 3.70683644e-11
1.08401436e-01 3.38944989e-11
1.03041699e-01 3.09214852e-11
9.79469667e-02 2.82042416e-11
9.31041349e-02 2.57207502e-11
8.85007491e-02 2.34509911e-11
8.41249705e-02 2.13767392e-11
7.99655453e-02 1.94813828e-11
7.60117762e-02 1.77497629e-11
7.22534949e-02 1.61680301e-11
6.86810359e-02 1.47235191e-11
6.52852114e-02 1.34046365e-11
6.20572881e-02 1.21918566e-11
5.89889643e-02 1.10965190e-11
5.60723488e-02 1.00969947e-11
5.32999408e-02 9.18513386e-12
5.06646101e-02 8.35346978e-12
4.81595791e-02 7.59515963e-12
4.57784054e-02 6.90393099e-12
4.35149650e-02 6.27403354e-12
4.13634368e-02 5.70019537e-12
3.93182876e-02 5.17758323e-12
3.73742574e-02 4.70176646e-12
3.55263468e-02 4.26868404e-12
3.37698031e-02 3.87461454e-12
3.21001090e-02 3.51614856e-12
3.05129702e-02 3.19016351e-12
2.90043049e-02 2.89380037e-12
2.75702333e-02 2.62444243e-12
2.62070670e-02 2.37969555e-12
2.49113003e-02 2.15704840e-12
2.36796007e-02 1.95508234e-12
2.25088005e-02 1.77172981e-12
2.13958887e-02 1.60531592e-12
2.03380031e-02 1.45431112e-12
1.93324229e-02 1.31731919e-12
1.83765620e-02 1.19306632e-12
1.74679622e-02 1.08039084e-12
1.66042866e-02 9.78233903e-13
1.57833141e-02 8.85630741e-13
1.50029332e-02 8.01702722e-13
1.42611371e-02 7.25649964e-13
1.35560179e-02 6.56744560e-13
1.28857621e-02 5.94324348e-13
1.22486461e-02 5.37787184e-13
1.16430313e-02 4.86585684e-13
1.10673602e-02 4.40222406e-13
1.05201522e-02 3.98245430e-13
1.00000000e-02 3.60244310e-13
