1.00000000e+20 0.00000000e+00
9.50556592e+19 0.00000000e+00
9.03557835e+19 0.00000000e+00
8.58882856e+19 0.00000000e+00
8.16416760e+19 0.00000000e+00
7.76050334e+19 0.00000000e+00
7.37679760e+19 0.00000000e+00
7.01206359e+19 0.00000000e+00
6.66536327e+19 0.00000000e+00
6.33580499e+19 0.00000000e+00
6.02254120e+19 0.00000000e+00
5.72476624e+19 0.00000000e+00
5.44171429e+19 0.00000000e+00
5.17265739e+19 0.00000000e+00
4.91690358e+19 0.00000000e+00
4.67379511e+19 0.00000000e+00
4.44270675e+19 0.00000000e+00
4.22304419e+19 0.00000000e+00
4.01424249e+19 0.00000000e+00
3.81576466e+19 0.00000000e+00
3.62710025e+19 0.00000000e+00
3.44776405e+19 0.00000000e+00
3.27729485e+19 0.00000000e+00
3.11525422e+19 0.00000000e+00
2.96122544e+19 0.00000000e+00
2.81481236e+19 0.00000000e+00
2.67563844e+19 0.00000000e+00
2.54334576e+19 0.00000000e+00
2.41759408e+19 0.00000000e+00
2.29805999e+19 0.00000000e+00
2.18443607e+19 0.00000000e+00
2.07643011e+19 0.00000000e+00
1.97376433e+19 0.00000000e+00
1.87617469e+19 0.00000000e+00
1.78341022e+19 0.00000000e+00
1.69523234e+19 0.00000000e+00
1.61141428e+19 0.00000000e+00
1.53174046e+19 0.00000000e+00
1.45600600e+19 0.00000000e+00
1.38401610e+19 0.00000000e+00
1.31558562e+19 0.00000000e+00
1.25053859e+19 0.00000000e+00
1.18870770e+19 0.00000000e+00
1.12993394e+19 0.00000000e+00
1.07406615e+19 0.00000000e+00
1.02096066e+19 0.00000000e+00
9.70480888e+18 0.00000000e+00
9.22497005e+18 0.00000000e+00
8.76885609e+18 0.00000000e+00
8.33529397e+18 0.00000000e+00
7.92316862e+18 0.00000000e+00
7.53142017e+18 0.00000000e+00
7.15904109e+18 0.00000000e+00
6.80507370e+18 0.00000000e+00
6.46860766e+18 0.00000000e+00
6.14877765e+18 0.00000000e+00
5.84476113e+18 0.00000000e+00
5.55577622e+18 0.00000000e+00
5.28107971e+18 0.00000000e+00
5.01996513e+18 0.00000000e+00
4.77176095e+18 0.00000000e+00
4.53582883e+18 0.00000000e+00
4.31156199e+18 0.00000000e+00
4.09838367e+18 0.00000000e+00
3.89574562e+18 0.00000000e+00
3.70312668e+18 0.00000000e+00
3.52003147e+18 0.00000000e+00
3.34598912e+18 0.00000000e+00
3.18055202e+18 0.00000000e+00
3.02329468e+18 0.00000000e+00
2.87381269e+18 0.00000000e+00
2.73172160e+18 0.00000000e+00
2.59665597e+18 0.00000000e+00
2.46826845e+18 0.00000000e+00
2.34622885e+18 0.00000000e+00
2.23022330e+18 0.00000000e+00
2.11995346e+18 0.00000000e+00
2.01513573e+18 0.00000000e+00
1.91550056e+18 0.00000000e+00
1.82079168e+18 0.00000000e+00
1.73076553e+18 0.00000000e+00
1.64519059e+18 0.00000000e+00
1.56384676e+18 0.00000000e+00
1.48652484e+18 0.00000000e+00
1.41302599e+18 0.00000000e+00
1.34316117e+18 0.00000000e+00
1.27675070e+18 0.00000000e+00
1.21362380e+18 0.00000000e+00
1.15361810e+18 0.00000000e+00
1.09657929e+18 0.00000000e+00
1.04236067e+18 0.00000000e+00
9.90822810e+17 0.00000000e+00
9.41833153e+17 0.00000000e+00
8.95265713e+17 0.00000000e+00
8.51000725e+17 0.00000000e+00
8.08924349e+17 0.00000000e+00
7.68928372e+17 0.00000000e+00
7.30909933e+17 0.00000000e+00
6.94771255e+17 0.00000000e+00
6.60419396e+17 0.00000000e+00
6.27766011e+17 0.00000000e+00
5.96727120e+17 0.00000000e+00
5.67222897e+17 0.00000000e+00
5.39177464e+17 0.00000000e+00
5.12518693e+17 3.50396502e-50
4.87178022e+17 3.82570213e-48
4.63090280e+17 1.64566806e-46
4.40193519e+17 5.37489095e-45
4.18428851e+17 1.51661674e-43
3.97740302e+17 3.36012612e-42
3.78074666e+17 6.69366027e-41
3.59381366e+17 1.30319579e-39
3.41612327e+17 1.91301458e-38
3.24721849e+17 2.71053786e-37
3.08666494e+17 3.21944249e-36
2.93404971e+17 3.20548583e-35
2.78898029e+17 3.08060232e-34
2.65108360e+17 2.23223556e-33
2.52000499e+17 1.58081991e-32
2.39540736e+17 1.19937417e-31
2.27697026e+17 7.41985863e-31
2.16438909e+17 3.64673826e-30
2.05737431e+17 2.03659784e-29
1.95565072e+17 1.02055169e-28
1.85895668e+17 3.86033462e-28
1.76704353e+17 1.67138744e-27
1.67967487e+17 5.80842188e-27
1.59662602e+17 2.20519001e-26
1.51768339e+17 6.72623963e-26
1.44264395e+17 2.24132842e-25
1.37131472e+17 7.78908634e-25
1.30351224e+17 1.83523523e-24
1.23906216e+17 5.37796302e-24
1.17779870e+17 1.44148623e-23
1.11956432e+17 2.93037266e-23
1.06420924e+17 7.83763176e-23
1.01159111e+17 1.62747254e-22
9.61574600e+16 3.30846104e-22
9.14031075e+16 6.85526353e-22
8.68838264e+16 1.44773537e-21
8.25879939e+16 2.64119978e-21
7.85045620e+16 4.94395475e-21
7.46230289e+16 7.54599157e-21
7.09334120e+16 1.59360742e-20
6.74262224e+16 2.43714523e-20
6.40924402e+16 4.00876268e-20
6.09234915e+16 6.55038548e-20
5.79112265e+16 1.04534907e-19
5.50478981e+16 1.32424807e-19
5.23261424e+16 2.11630932e-19
4.97389596e+16 3.04203052e-19
4.72796959e+16 4.77898013e-19
4.49420266e+16 6.85388916e-19
4.27199397e+16 8.47359643e-19
4.06077203e+16 1.06640155e-18
3.85999362e+16 1.74470492e-18
3.66914238e+16 2.15893183e-18
3.48772747e+16 2.60142944e-18
3.31528234e+16 3.45093263e-18
3.15136348e+16 4.17191092e-18
2.99554933e+16 5.52188169e-18
2.84743917e+16 6.64637437e-18
2.70665207e+16 8.21725403e-18
2.57282597e+16 1.03418348e-17
2.44561668e+16 1.00829264e-17
2.32469706e+16 1.27737205e-17
2.20975611e+16 1.60849462e-17
2.10049824e+16 1.56850057e-17
1.99664245e+16 1.94121115e-17
1.89792164e+16 2.33937019e-17
1.80408193e+16 2.72143564e-17
1.71488197e+16 3.02699282e-17
1.63009236e+16 3.19545044e-17
1.54949504e+16 3.56998989e-17
1.47288272e+16 3.96759713e-17
1.40005838e+16 4.61300000e-17
1.33083472e+16 4.50170671e-17
1.26503372e+16 5.41962032e-17
1.20248614e+16 5.29000787e-17
1.14303113e+16 5.17078425e-17
1.08651577e+16 6.39182903e-17
1.03279473e+16 6.24733301e-17
9.81729841e+15 6.10247327e-17
9.33189772e+15 7.67704277e-17
8.87049689e+15 7.50926562e-17
8.43190929e+15 7.35242454e-17
8.01500696e+15 9.31796283e-17
7.61871770e+15 9.08850439e-17
7.24202233e+15 8.91270630e-17
6.88395207e+15 8.74988445e-17
6.54358602e+15 8.54086924e-17
6.22004883e+15 1.07462452e-16
5.91250841e+15 1.05446431e-16
5.62017385e+15 1.03433996e-16
5.34229330e+15 1.01601339e-16
5.07815211e+15 9.97276287e-17
4.82707097e+15 9.81886782e-17
4.58840413e+15 1.20850019e-16
4.36153779e+15 1.18255735e-16
4.14588850e+15 1.17104113e-16
3.94090164e+15 1.14384513e-16
3.74605003e+15 1.13942496e-16
3.56083255e+15 1.11800850e-16
3.38477286e+15 1.09753304e-16
3.21741815e+15 1.32503202e-16
3.05833803e+15 1.29601762e-16
2.90712338e+15 1.27453040e-16
2.76338529e+15 1.25633147e-16
2.62675410e+15 1.25547799e-16
2.49687843e+15 1.24151128e-16
2.37342425e+15 1.21594609e-16
2.25607407e+15 1.20662759e-16
2.14452608e+15 1.19117185e-16
2.03849340e+15 1.37563607e-16
1.93770334e+15 1.36848742e-16
1.84189668e+15 1.34136925e-16
1.75082703e+15 1.32700698e-16
1.66426018e+15 1.30094298e-16
1.58197348e+15 1.34147426e-16
1.50375532e+15 1.31761518e-16
1.42940453e+15 1.29324690e-16
1.35872990e+15 1.29585858e-16
1.29154967e+15 1.26957769e-16
1.22769105e+15 1.27444505e-16
1.16698982e+15 1.51391990e-16
1.10928986e+15 1.47749401e-16
1.05444279e+15 1.44330046e-16
1.00230755e+15 1.44469485e-16
9.52750047e+14 1.40982888e-16
9.05642838e+14 1.37577874e-16
8.60864770e+14 1.36870175e-16
8.18300682e+14 1.34959545e-16
7.77841107e+14 1.32229458e-16
7.39381992e+14 1.31211871e-16
7.02824426e+14 1.42848730e-16
6.68074392e+14 1.41933297e-16
6.35042517e+14 1.38552930e-16
6.03643851e+14 1.36925047e-16
5.73797641e+14 1.33058036e-16
5.45427131e+14 1.31303749e-16
5.18459354e+14 1.31744748e-16
4.92824957e+14 1.29906281e-16
4.68458012e+14 1.31679548e-16
4.45295851e+14 1.30412380e-16
4.23278907e+14 1.32304943e-16
4.02350555e+14 1.39005466e-16
3.82456972e+14 1.35599503e-16
3.63546996e+14 1.37210050e-16
3.45571994e+14 1.38671845e-16
3.28485737e+14 1.33999354e-16
3.12244282e+14 1.39876902e-16
2.96805861e+14 1.33540974e-16
2.82130768e+14 1.35470829e-16
2.68181261e+14 1.34881150e-16
2.54921465e+14 1.34791714e-16
2.42317279e+14 1.33864969e-16
2.30336287e+14 1.33524171e-16
2.18947676e+14 1.36181120e-16
2.08122157e+14 1.34138895e-16
1.97831888e+14 1.35340075e-16
1.88050406e+14 1.34525914e-16
1.78752553e+14 1.33560963e-16
1.69914417e+14 1.35573236e-16
1.61513269e+14 1.34687531e-16
1.53527503e+14 1.33452015e-16
1.45936580e+14 1.33235601e-16
1.38720978e+14 1.33900254e-16
1.31862140e+14 1.35473276e-16
1.25342427e+14 1.33391275e-16
1.19145070e+14 1.34167480e-16
1.13254132e+14 1.34727313e-16
1.07654461e+14 1.34302554e-16
1.02331658e+14 1.34715979e-16
9.72720319e+13 1.33957260e-16
9.24625712e+13 1.34244390e-16
8.78909065e+13 1.34083347e-16
8.35452806e+13 1.34374096e-16
7.94145172e+13 1.33370077e-16
7.54879928e+13 1.33412968e-16
7.17556092e+13 1.33666003e-16
6.82077673e+13 1.33987251e-16
6.48353429e+13 1.33639425e-16
6.16296626e+13 1.33932444e-16
5.85824820e+13 1.34410367e-16
5.56859644e+13 1.33598537e-16
5.29326606e+13 1.33983917e-16
5.03154895e+13 1.33811620e-16
4.78277202e+13 1.33845720e-16
4.54629547e+13 1.34006708e-16
4.32151113e+13 1.34007868e-16
4.10784089e+13 1.33938771e-16
3.90473524e+13 1.33821474e-16
3.71167182e+13 1.33605685e-16
3.52815412e+13 1.33976912e-16
3.35371015e+13 1.33687274e-16
3.18789129e+13 1.33760590e-16
3.03027108e+13 1.33709129e-16
2.88044415e+13 1.33509686e-16
2.73802518e+13 1.33911909e-16
2.60264788e+13 1.33771682e-16
2.47396410e+13 1.33724673e-16
2.35164288e+13 1.33608844e-16
2.23536965e+13 1.33854191e-16
2.12484535e+13 1.33707180e-16
2.01978576e+13 1.33780146e-16
1.91992067e+13 1.33768666e-16
1.82499324e+13 1.33665176e-16
1.73475936e+13 1.33606665e-16
1.64898694e+13 1.33459989e-16
1.56745541e+13 1.33682372e-16
1.48995507e+13 1.33724368e-16
1.41628662e+13 1.33722174e-16
1.34626058e+13 1.33697070e-16
1.27969687e+13 1.33743103e-16
1.21642429e+13 1.33719107e-16
1.15628013e+13 1.33654581e-16
1.09910970e+13 1.33654177e-16
1.04476597e+13 1.33723565e-16
9.93109181e+12 1.33609850e-16
9.44006479e+12 1.33730571e-16
8.97331581e+12 1.33655712e-16
8.52964450e+12 1.33652387e-16
8.10790981e+12 1.33635534e-16
7.70702711e+12 1.33654518e-16
7.32596543e+12 1.33580735e-16
6.96374473e+12 1.33602900e-16
6.61943346e+12 1.33629688e-16
6.29214611e+12 1.33613003e-16
5.98104096e+12 1.33642654e-16
5.68531791e+12 1.33656006e-16
5.40421642e+12 1.33662783e-16
5.13701354e+12 1.33645904e-16
4.88302209e+12 1.33650692e-16
4.64158883e+12 1.33630637e-16
4.41209286e+12 1.33710176e-16
4.19394396e+12 1.33634591e-16
3.98658107e+12 1.33686860e-16
3.78947092e+12 1.33630648e-16
3.60210656e+12 1.33639719e-16
3.42400614e+12 1.33619583e-16
3.25471161e+12 1.33644485e-16
3.09378757e+12 1.33612450e-16
2.94082017e+12 1.33632127e-16
2.79541600e+12 1.33624194e-16
2.65720111e+12 1.33636800e-16
2.52582003e+12 1.33619667e-16
2.40093488e+12 1.33621882e-16
2.28222447e+12 1.33630290e-16
2.16938352e+12 1.33626807e-16
2.06212180e+12 1.33654423e-16
1.96016347e+12 1.33635427e-16
1.86324631e+12 1.33635435e-16
1.77112106e+12 1.33619181e-16
1.68355080e+12 1.33624776e-16
1.60031031e+12 1.33634799e-16
1.52118552e+12 1.33637936e-16
1.44597292e+12 1.33625527e-16
1.37447909e+12 1.33617079e-16
1.30652016e+12 1.33607925e-16
1.24192135e+12 1.33630465e-16
1.18051653e+12 1.33631232e-16
1.12214777e+12 1.33636025e-16
1.06666496e+12 1.33625657e-16
1.01392541e+12 1.33633514e-16
9.63793480e+11 1.33629532e-16
9.16140246e+11 1.33622189e-16
8.70843150e+11 1.33633507e-16
8.27785697e+11 1.33627941e-16
7.86857151e+11 1.33623073e-16
7.47952252e+11 1.33621085e-16
7.10970943e+11 1.33630095e-16
6.75818117e+11 1.33625909e-16
6.42403366e+11 1.33630022e-16
6.10640754e+11 1.33619976e-16
5.80448594e+11 1.33624824e-16
5.51749238e+11 1.33628828e-16
5.24468875e+11 1.33624792e-16
4.98537346e+11 1.33624299e-16
4.73887961e+11 1.33623779e-16
4.50457325e+11 1.33628696e-16
4.28185180e+11 1.33623885e-16
4.07014245e+11 1.33627091e-16
3.86890074e+11 1.33625778e-16
3.67760910e+11 1.33627626e-16
3.49577557e+11 1.33625339e-16
3.32293252e+11 1.33621223e-16
3.15863541e+11 1.33622950e-16
3.00246171e+11 1.33622186e-16
2.85400977e+11 1.33625413e-16
2.71289780e+11 1.33621892e-16
2.57876289e+11 1.33625271e-16
2.45126006e+11 1.33625845e-16
2.33006141e+11 1.33625565e-16
2.21485523e+11 1.33621987e-16
2.10534524e+11 1.33625077e-16
2.00124980e+11 1.33622305e-16
1.90230119e+11 1.33624615e-16
1.80824493e+11 1.33624334e-16
1.71883914e+11 1.33623572e-16
1.63385388e+11 1.33623862e-16
1.55307057e+11 1.33622667e-16
1.47628147e+11 1.33623687e-16
1.40328908e+11 1.33624453e-16
1.33390569e+11 1.33623663e-16
1.26795285e+11 1.33622497e-16
1.20526094e+11 1.33621406e-16
1.14566873e+11 1.33623490e-16
1.08902296e+11 1.33623342e-16
1.03517796e+11 1.33622965e-16
9.83995230e+10 1.33622714e-16
9.35343152e+10 1.33623325e-16
8.89096599e+10 1.33622427e-16
8.45136633e+10 1.33622494e-16
8.03350198e+10 1.33623391e-16
7.63629826e+10 1.33623311e-16
7.25873365e+10 1.33622882e-16
6.89983712e+10 1.33623618e-16
6.55868566e+10 1.33623011e-16
6.23440189e+10 1.33623424e-16
5.92615181e+10 1.33623315e-16
5.63314267e+10 1.33623308e-16
5.35462090e+10 1.33623420e-16
5.08987019e+10 1.33623186e-16
4.83820966e+10 1.33622979e-16
4.59899209e+10 1.33623171e-16
4.37160225e+10 1.33623560e-16
4.15545533e+10 1.33623252e-16
3.94999546e+10 1.33623333e-16
3.75469422e+10 1.33622900e-16
3.56904935e+10 1.33623297e-16
3.39258338e+10 1.33623300e-16
3.22484250e+10 1.33623212e-16
3.06539530e+10 1.33623558e-16
2.91383170e+10 1.33623707e-16
2.76976194e+10 1.33623532e-16
2.63281547e+10 1.33623653e-16
2.50264010e+10 1.33623610e-16
2.37890104e+10 1.33623688e-16
2.26128007e+10 1.33623653e-16
2.14947467e+10 1.33623739e-16
2.04319732e+10 1.33623995e-16
1.94217468e+10 1.33623929e-16
1.84614695e+10 1.33623943e-16
1.75486715e+10 1.33624180e-16
1.66810054e+10 1.33623980e-16
1.58562396e+10 1.33624262e-16
1.50722531e+10 1.33624286e-16
1.43270295e+10 1.33624282e-16
1.36186524e+10 1.33624283e-16
1.29452998e+10 1.33624490e-16
1.23052400e+10 1.33624569e-16
1.16968270e+10 1.33624635e-16
1.11184960e+10 1.33624891e-16
1.05687597e+10 1.33624961e-16
1.00462042e+10 1.33625134e-16
9.54948564e+09 1.33625200e-16
9.07732653e+09 1.33625464e-16
8.62851257e+09 1.33625475e-16
8.20188950e+09 1.33625633e-16
7.79636013e+09 1.33625868e-16
7.41088152e+09 1.33625905e-16
7.04446228e+09 1.33626064e-16
6.69616005e+09 1.33626268e-16
6.36507908e+09 1.33626388e-16
6.05036788e+09 1.33626614e-16
5.75121707e+09 1.33626880e-16
5.46685730e+09 1.33627166e-16
5.19655724e+09 1.33627373e-16
4.93962174e+09 1.33627638e-16
4.69539001e+09 1.33627790e-16
4.46323393e+09 1.33628063e-16
4.24255643e+09 1.33628293e-16
4.03278998e+09 1.33628609e-16
3.83339510e+09 1.33628917e-16
3.64385898e+09 1.33629287e-16
3.46369418e+09 1.33629578e-16
3.29243733e+09 1.33630017e-16
3.12964801e+09 1.33630386e-16
2.97490755e+09 1.33630819e-16
2.82781798e+09 1.33631215e-16
2.68800102e+09 1.33631637e-16
2.55509709e+09 1.33632073e-16
2.42876438e+09 1.33632691e-16
2.30867799e+09 1.33633127e-16
2.19452909e+09 1.33633697e-16
2.08602409e+09 1.33634279e-16
1.98288395e+09 1.33634884e-16
1.88484341e+09 1.33635591e-16
1.79165033e+09 1.33636245e-16
1.70306503e+09 1.33636918e-16
1.61885969e+09 1.33637690e-16
1.53881775e+09 1.33638435e-16
1.46273336e+09 1.33639289e-16
1.39041083e+09 1.33640168e-16
1.32166418e+09 1.33641054e-16
1.25631660e+09 1.33642054e-16
1.19420003e+09 1.33643043e-16
1.13515471e+09 1.33644096e-16
1.07902879e+09 1.33645248e-16
1.02567793e+09 1.33646399e-16
9.74964918e+08 1.33647637e-16
9.26759330e+08 1.33648922e-16
8.80937190e+08 1.33650324e-16
8.37380654e+08 1.33651759e-16
7.95977700e+08 1.33653255e-16
7.56621850e+08 1.33654857e-16
7.19211887e+08 1.33656529e-16
6.83651600e+08 1.33658301e-16
6.49849535e+08 1.33660175e-16
6.17718760e+08 1.33662118e-16
5.87176639e+08 1.33664195e-16
5.58144625e+08 1.33666336e-16
5.30548053e+08 1.33668627e-16
5.04315949e+08 1.33671009e-16
4.79380850e+08 1.33673546e-16
4.55678627e+08 1.33676184e-16
4.33148322e+08 1.33678979e-16
4.11731993e+08 1.33681917e-16
3.91374560e+08 1.33684995e-16
3.72023668e+08 1.33688251e-16
3.53629550e+08 1.33691660e-16
3.36144900e+08 1.33695263e-16
3.19524751e+08 1.33699033e-16
3.03726358e+08 1.33703016e-16
2.88709092e+08 1.33707194e-16
2.74434330e+08 1.33711604e-16
2.60865362e+08 1.33716240e-16
2.47967289e+08 1.33721106e-16
2.35706941e+08 1.33726237e-16
2.24052787e+08 1.33731622e-16
2.12974854e+08 1.33737301e-16
2.02444651e+08 1.33743263e-16
1.92435098e+08 1.33749544e-16
1.82920450e+08 1.33756153e-16
1.73876240e+08 1.33763095e-16
1.65279206e+08 1.33770407e-16
1.57107239e+08 1.33778095e-16
1.49339322e+08 1.33786190e-16
1.41955477e+08 1.33794704e-16
1.34936714e+08 1.33803654e-16
1.28264983e+08 1.33813072e-16
1.21923125e+08 1.33822981e-16
1.15894830e+08 1.33833405e-16
1.10164595e+08 1.33844371e-16
1.04717682e+08 1.33855911e-16
9.95400829e+07 1.33868045e-16
9.46184819e+07 1.33880816e-16
8.99402217e+07 1.33894250e-16
8.54932707e+07 1.33908382e-16
8.12661920e+07 1.33923248e-16
7.72481145e+07 1.33938889e-16
7.34287045e+07 1.33955342e-16
6.97981391e+07 1.33972652e-16
6.63470812e+07 1.33990860e-16
6.30666554e+07 1.34010018e-16
5.99484250e+07 1.34030172e-16
5.69843706e+07 1.34051374e-16
5.41668691e+07 1.34073678e-16
5.14886745e+07 1.34097144e-16
4.89428990e+07 1.34121829e-16
4.65229952e+07 1.34147798e-16
4.42227398e+07 1.34175118e-16
4.20362168e+07 1.34203859e-16
3.99578030e+07 1.34234095e-16
3.79821531e+07 1.34265905e-16
3.61041860e+07 1.34299368e-16
3.43190720e+07 1.34334572e-16
3.26222201e+07 1.34371607e-16
3.10092664e+07 1.34410569e-16
2.94760626e+07 1.34451557e-16
2.80186656e+07 1.34494678e-16
2.66333273e+07 1.34540041e-16
2.53164848e+07 1.34587765e-16
2.40647515e+07 1.34637969e-16
2.28749082e+07 1.34690786e-16
2.17438948e+07 1.34746349e-16
2.06688025e+07 1.34804803e-16
1.96468665e+07 1.34866298e-16
1.86754584e+07 1.34930991e-16
1.77520801e+07 1.34999049e-16
1.68743568e+07 1.35070648e-16
1.60400311e+07 1.35145970e-16
1.52469573e+07 1.35225210e-16
1.44930957e+07 1.35308572e-16
1.37765077e+07 1.35396271e-16
1.30953502e+07 1.35488530e-16
1.24478715e+07 1.35585589e-16
1.18324063e+07 1.35687696e-16
1.12473718e+07 1.35795115e-16
1.06912634e+07 1.35908120e-16
1.01626509e+07 1.36027004e-16
9.66017480e+06 1.36152072e-16
9.18254284e+06 1.36283644e-16
8.72852662e+06 1.36422062e-16
8.29695852e+06 1.36567678e-16
7.88672862e+06 1.36720869e-16
7.49678187e+06 1.36882028e-16
7.12611543e+06 1.37051569e-16
6.77377600e+06 1.37229930e-16
6.43885743e+06 1.37417568e-16
6.12049837e+06 1.37614966e-16
5.81788007e+06 1.37822632e-16
5.53022426e+06 1.38041099e-16
5.25679112e+06 1.38270930e-16
4.99687745e+06 1.38512716e-16
4.74981480e+06 1.38767079e-16
4.51496777e+06 1.39034672e-16
4.29173238e+06 1.39316184e-16
4.07953450e+06 1.39612339e-16
3.87782841e+06 1.39923898e-16
3.68609536e+06 1.40251664e-16
3.50384225e+06 1.40596478e-16
3.33060034e+06 1.40959227e-16
3.16592411e+06 1.41340846e-16
3.00939003e+06 1.41742314e-16
2.86059554e+06 1.42164664e-16
2.71915794e+06 1.42608984e-16
2.58471351e+06 1.43076414e-16
2.45691646e+06 1.43568159e-16
2.33543814e+06 1.44085481e-16
2.21996612e+06 1.44629712e-16
2.11020343e+06 1.45202251e-16
2.00586778e+06 1.45804572e-16
1.90669084e+06 1.46438221e-16
1.81241755e+06 1.47104831e-16
1.72280545e+06 1.47806114e-16
1.63762407e+06 1.48543875e-16
1.55665436e+06 1.49320010e-16
1.47968806e+06 1.50136516e-16
1.40652724e+06 1.50995493e-16
1.33698374e+06 1.51899150e-16
1.27087871e+06 1.52849811e-16
1.20804213e+06 1.53849921e-16
1.14831241e+06 1.54902052e-16
1.09153594e+06 1.56008909e-16
1.03756668e+06 1.57173340e-16
9.86265846e+05 1.58398339e-16
9.37501502e+05 1.59687057e-16
8.91148232e+05 1.61042808e-16
8.47086827e+05 1.62469078e-16
8.05203967e+05 1.63969536e-16
7.65391939e+05 1.65548041e-16
7.27548353e+05 1.67208653e-16
6.91575883e+05 1.68955641e-16
6.57382014e+05 1.70793500e-16
6.24878807e+05 1.72726955e-16
5.93982669e+05 1.74775738e-16
5.64614142e+05 1.76915562e-16
5.36697695e+05 1.79166689e-16
5.10161531e+05 1.81534909e-16
4.84937407e+05 1.84026312e-16
4.60960449e+05 1.86647307e-16
4.38168993e+05 1.89404633e-16
4.16504425e+05 1.92305383e-16
3.95911027e+05 1.95357016e-16
3.76335836e+05 1.98567380e-16
3.57728510e+05 2.01944733e-16
3.40041193e+05 2.05497759e-16
3.23228398e+05 2.09235597e-16
3.07246884e+05 2.13167860e-16
2.92055551e+05 2.17304661e-16
2.77615329e+05 2.21656639e-16
2.63889081e+05 2.26234987e-16
2.50841506e+05 2.31051478e-16
2.38439047e+05 2.36118501e-16
2.26649808e+05 2.41490884e-16
2.15443469e+05 2.47098725e-16
2.04791210e+05 2.52998260e-16
1.94665634e+05 2.59204661e-16
1.85040702e+05 2.65733891e-16
1.75891659e+05 2.72602740e-16
1.67194976e+05 2.79947520e-16
1.58928287e+05 2.87549416e-16
1.51070330e+05 2.95546727e-16
1.43600898e+05 3.03960022e-16
1.36500781e+05 3.12810938e-16
1.29751717e+05 3.22122238e-16
1.23336350e+05 3.31917870e-16
1.17238180e+05 3.42223026e-16
1.11441525e+05 3.53064209e-16
1.05931476e+05 3.64469302e-16
1.00693863e+05 3.76467636e-16
9.57152154e+04 3.89090069e-16
9.09827289e+04 4.02369065e-16
8.64842328e+04 4.16338776e-16
8.22081576e+04 4.31035128e-16
7.81435061e+04 4.46495920e-16
7.42798248e+04 4.62760914e-16
7.06071771e+04 4.79871941e-16
6.71161177e+04 4.97873009e-16
6.37976681e+04 5.16810415e-16
6.06432940e+04 5.36732863e-16
5.76448828e+04 5.57691591e-16
5.47947234e+04 5.79740502e-16
5.20854855e+04 6.02936303e-16
4.95102016e+04 6.27338653e-16
4.70622485e+04 6.53010310e-16
4.47353305e+04 6.80017301e-16
4.25234633e+04 7.08429083e-16
4.04209584e+04 7.38318730e-16
3.84224085e+04 7.69763115e-16
3.65226736e+04 8.02843111e-16
3.47168682e+04 8.37643796e-16
3.30003479e+04 8.74254676e-16
3.13686982e+04 9.12769911e-16
2.98177229e+04 9.53288560e-16
2.83434331e+04 9.95914836e-16
2.69420371e+04 1.04075837e-15
2.56099310e+04 1.08793450e-15
2.43436887e+04 1.13756456e-15
2.31400538e+04 1.18977620e-15
2.19959307e+04 1.24470370e-15
2.09083769e+04 1.30284253e-15
1.98745955e+04 1.36363334e-15
1.88919278e+04 1.42758629e-15
1.79578465e+04 1.49486587e-15
1.70699493e+04 1.56564511e-15
1.62259529e+04 1.64010608e-15
1.54236865e+04 1.71844028e-15
1.46610868e+04 1.80084920e-15
1.39361927e+04 1.88754480e-15
1.32471399e+04 1.97875008e-15
1.25921561e+04 2.07469962e-15
1.19695570e+04 2.17564022e-15
1.13777413e+04 2.28183151e-15
1.08151870e+04 2.39354664e-15
1.02804473e+04 2.51107296e-15
9.77214697e+03 2.63471277e-15
9.28897872e+03 2.76478410e-15
8.82969996e+03 2.90162153e-15
8.39312950e+03 3.04557704e-15
7.97814457e+03 3.19702093e-15
7.58367791e+03 3.35634277e-15
7.20871503e+03 3.52395238e-15
6.85229160e+03 3.70028092e-15
6.51349095e+03 3.88578198e-15
6.19144176e+03 4.08093276e-15
5.88531578e+03 4.28623527e-15
5.59432571e+03 4.50221765e-15
5.31772318e+03 4.72943555e-15
5.05479682e+03 4.96847348e-15
4.80487044e+03 5.21994641e-15
4.56730127e+03 5.48450130e-15
4.34147833e+03 5.76281876e-15
4.12682085e+03 6.05561486e-15
3.92277676e+03 6.36364289e-15
3.72882131e+03 6.68769538e-15
3.54445567e+03 7.02860609e-15
3.36920571e+03 7.38725217e-15
3.20262069e+03 7.76455643e-15
3.04427221e+03 8.16148974e-15
2.89375302e+03 8.57907345e-15
2.75067601e+03 9.01838213e-15
2.61467321e+03 9.48054626e-15
2.48539486e+03 9.96675518e-15
2.36250847e+03 1.04782601e-14
2.24569800e+03 1.10163775e-14
2.13466303e+03 1.15824923e-14
2.02911802e+03 1.21780615e-14
1.92879151e+03 1.28046181e-14
1.83342548e+03 1.34637748e-14
1.74277468e+03 1.41572283e-14
1.65660596e+03 1.48867638e-14
1.57469771e+03 1.56542593e-14
1.49683929e+03 1.64616907e-14
1.42283046e+03 1.73111370e-14
1.35248087e+03 1.82047852e-14
1.28560961e+03 1.91449364e-14
1.22204469e+03 2.01340116e-14
1.16162263e+03 2.11745580e-14
1.10418805e+03 2.22692555e-14
1.04959323e+03 2.34209237e-14
9.97697764e+02 2.46325291e-14
9.48368187e+02 2.59071929e-14
9.01477631e+02 2.72481992e-14
8.56905505e+02 2.86590032e-14
8.14537177e+02 3.01432401e-14
7.74263683e+02 3.17047352e-14
7.35981448e+02 3.33475131e-14
6.99592017e+02 3.50758082e-14
6.65001803e+02 3.68940763e-14
6.32121848e+02 3.88070055e-14
6.00867589e+02 4.08195288e-14
5.71158648e+02 4.29368368e-14
5.42918618e+02 4.51643910e-14
5.16074871e+02 4.75079386e-14
4.90558371e+02 4.99735267e-14
4.66303493e+02 5.25675190e-14
4.43247859e+02 5.52966114e-14
4.21332174e+02 5.81678505e-14
4.00500076e+02 6.11886512e-14
3.80697987e+02 6.43668166e-14
3.61874981e+02 6.77105585e-14
3.43982649e+02 7.12285186e-14
3.26974974e+02 7.49297915e-14
3.10808217e+02 7.88239485e-14
2.95440800e+02 8.29210629e-14
2.80833200e+02 8.72317368e-14
2.66947849e+02 9.17671284e-14
2.53749038e+02 9.65389826e-14
2.41202821e+02 1.01559661e-13
2.29276931e+02 1.06842177e-13
2.17940698e+02 1.12400226e-13
2.07164968e+02 1.18248228e-13
1.96922026e+02 1.24401361e-13
1.87185529e+02 1.30875604e-13
1.77930439e+02 1.37687781e-13
1.69132952e+02 1.44855605e-13
1.60770442e+02 1.52397725e-13
1.52821404e+02 1.60333778e-13
1.45265393e+02 1.68684445e-13
1.38082977e+02 1.77471503e-13
1.31255684e+02 1.86717887e-13
1.24765955e+02 1.96447754e-13
1.18597101e+02 2.06686550e-13
1.12733256e+02 2.17461080e-13
1.07159340e+02 2.28799584e-13
1.01861017e+02 2.40731816e-13
9.68246612e+01 2.53289131e-13
9.20373200e+01 2.66504571e-13
8.74866812e+01 2.80412963e-13
8.31610415e+01 2.95051019e-13
7.90492762e+01 3.10457444e-13
7.51408106e+01 3.26673051e-13
7.14255929e+01 3.43740883e-13
6.78940681e+01 3.61706339e-13
6.45371540e+01 3.80617318e-13
6.13462172e+01 4.00524364e-13
5.83130511e+01 4.21480825e-13
5.54298552e+01 4.43543018e-13
5.26892142e+01 4.66770415e-13
5.00840799e+01 4.91225833e-13
4.76077523e+01 5.16975644e-13
4.52538628e+01 5.44089995e-13
4.30163576e+01 5.72643052e-13
4.08894823e+01 6.02713253e-13
3.88677669e+01 6.34383592e-13
3.69460121e+01 6.67741916e-13
3.51192753e+01 7.02881249e-13
3.33828586e+01 7.39900145e-13
3.17322963e+01 7.78903071e-13
3.01633435e+01 8.20000814e-13
2.86719650e+01 8.61716222e-13
2.72543253e+01 9.07107405e-13
2.59067786e+01 9.54927564e-13
2.46258592e+01 1.00531124e-12
2.34082728e+01 1.05840096e-12
2.22508880e+01 1.11434781e-12
2.11507282e+01 1.17331199e-12
2.01049642e+01 1.23546344e-12
1.91109062e+01 1.30098253e-12
1.81659979e+01 1.37006077e-12
1.72678090e+01 1.44290163e-12
1.64140297e+01 1.51972136e-12
1.56024641e+01 1.60074996e-12
1.48310251e+01 1.68622864e-12
1.40977287e+01 1.77637574e-12
1.34006890e+01 1.87147305e-12
1.27381132e+01 1.97187350e-12
1.21082975e+01 2.07791555e-12
1.15096220e+01 2.18986740e-12
1.09405471e+01 2.30812326e-12
1.03996091e+01 2.43305721e-12
9.88541702e+00 2.56506965e-12
9.39664831e+00 2.70459944e-12
8.93204600e+00 2.85211001e-12
8.49041520e+00 3.00809933e-12
8.07062014e+00 3.17309834e-12
7.67158118e+00 3.34767456e-12
7.29227206e+00 3.53243456e-12
6.93171728e+00 3.72802569e-12
6.58898955e+00 3.93513895e-12
6.26320745e+00 4.15451105e-12
5.95353313e+00 4.38692649e-12
5.65917016e+00 4.63321912e-12
5.37936150e+00 4.89427296e-12
5.11338754e+00 5.17102180e-12
4.86056423e+00 5.46444690e-12
4.62024137e+00 5.77557203e-12
4.39180089e+00 6.10545446e-12
4.17465529e+00 6.45517075e-12
3.96824610e+00 6.82579543e-12
3.77204249e+00 7.21837064e-12
3.58553986e+00 7.63386496e-12
3.40825855e+00 8.07311935e-12
3.23974263e+00 8.53677895e-12
3.07955871e+00 9.02521019e-12
2.92729484e+00 9.53840373e-12
2.78255940e+00 1.00758657e-11
2.64498018e+00 1.06365019e-11
2.51420335e+00 1.12185014e-11
2.38989257e+00 1.18192298e-11
2.27172813e+00 1.24351432e-11
2.15940615e+00 1.30617361e-11
2.05263775e+00 1.36935355e-11
1.95114835e+00 1.43241531e-11
1.85467692e+00 1.49464019e-11
1.76297538e+00 1.55524780e-11
1.67580786e+00 1.61342001e-11
1.59295021e+00 1.66832916e-11
1.51418933e+00 1.71479635e-11
1.43932264e+00 1.76019751e-11
1.36815763e+00 1.80004363e-11
1.30051125e+00 1.83375691e-11
1.23620954e+00 1.86087620e-11
1.17508713e+00 1.88106579e-11
1.11698682e+00 1.89411747e-11
1.06175918e+00 1.89994712e-11
1.00926219e+00 1.89858713e-11
9.59360829e-01 1.89017653e-11
9.11926760e-01 1.87494995e-11
8.66837993e-01 1.85322660e-11
8.23978568e-01 1.82539956e-11
7.83238260e-01 1.79192569e-11
7.44512291e-01 1.75331558e-11
7.07701066e-01 1.71012343e-11
6.72709914e-01 1.66293627e-11
6.39448843e-01 1.61236251e-11
6.07832313e-01 1.55901969e-11
5.77779012e-01 1.50352188e-11
5.49211648e-01 1.44646713e-11
5.22056753e-01 1.38842560e-11
4.96244488e-01 1.34696833e-11
4.71708469e-01 1.28767686e-11
4.48385595e-01 1.22863745e-11
4.26215883e-01 1.17024036e-11
4.05142317e-01 1.11282239e-11
3.85110700e-01 1.05666662e-11
3.66069515e-01 1.00200398e-11
3.47969790e-01 9.49016192e-12
3.30764978e-01 8.97839745e-12
3.14410830e-01 8.48570620e-12
2.98865287e-01 8.01269339e-12
2.84088369e-01 7.55966112e-12
2.70042072e-01 7.12665833e-12
2.56690272e-01 6.71352777e-12
2.43998630e-01 6.31994862e-12
2.31934506e-01 5.94547446e-12
2.20466874e-01 5.58956605e-12
2.09566240e-01 5.25161905e-12
1.99204571e-01 4.93098699e-12
1.89355218e-01 4.62699981e-12
1.79992851e-01 4.33897851e-12
1.71093391e-01 4.06624640e-12
1.62633950e-01 3.80813742e-12
1.54592774e-01 3.56400198e-12
1.46949180e-01 3.33321094e-12
1.39683512e-01 3.11515793e-12
1.32777083e-01 2.90967817e-12
1.26212131e-01 2.71535028e-12
1.19971774e-01 2.53206807e-12
1.14039960e-01 2.35932169e-12
1.08401436e-01 2.19662380e-12
1.03041699e-01 2.04350795e-12
9.79469667e-02 1.89947731e-12
9.31041349e-02 1.76428671e-12
8.85007491e-02 1.63738484e-12
8.41249705e-02 1.51836977e-12
7.99655453e-02 1.40685386e-12
7.60117762e-02 1.30246293e-12
7.22534949e-02 1.20483561e-12
6.86810359e-02 1.11362281e-12
6.52852114e-02 1.02848732e-12
6.20572881e-02 9.49103466e-13
5.89889643e-02 8.75156961e-13
5.60723488e-02 8.06344676e-13
5.32999408e-02 7.42374549e-13
5.06646101e-02 6.82965493e-13
4.81595791e-02 6.27847322e-13
4.57784054e-02 5.76760692e-13
4.35149650e-02 5.29457030e-13
4.13634368e-02 4.85698468e-13
3.93182876e-02 4.45257755e-13
3.73742574e-02 4.09313255e-13
3.55263468e-02 3.74684860e-13
3.37698031e-02 3.42760178e-13
3.21001090e-02 3.13357257e-13
3.05129702e-02 2.86303037e-13
2.90043049e-02 2.61433188e-13
2.75702333e-02 2.38591972e-13
2.62070670e-02 2.17632089e-13
2.49113003e-02 1.98414515e-13
2.36796007e-02 1.80808320e-13
2.25088005e-02 1.64625720e-13
2.13958887e-02 1.49933047e-13
2.03380031e-02 1.36493932e-13
1.93324229e-02 1.24209127e-13
1.83765620e-02 1.12986251e-13
1.74679622e-02 1.02739436e-13
1.66042866e-02 9.33889790e-14
1.57833141e-02 8.48609957e-14
1.50029332e-02 7.70870874e-14
1.42611371e-02 7.00040109e-14
1.35560179e-02 6.35533599e-14
1.28857621e-02 5.76880738e-14
1.22486461e-02 5.23450517e-14
1.16430313e-02 4.74850126e-14
1.10673602e-02 4.30659694e-14
1.05201522e-02 3.90493562e-14
1.00000000e-02 3.53997805e-14
