1.00000000e+20 0.00000000e+00
9.50556592e+19 0.00000000e+00
9.03557835e+19 0.00000000e+00
8.58882856e+19 0.00000000e+00
8.16416760e+19 0.00000000e+00
7.76050334e+19 0.00000000e+00
7.37679760e+19 0.00000000e+00
7.01206359e+19 0.00000000e+00
6.66536327e+19 0.00000000e+00
6.33580499e+19 0.00000000e+00
6.02254120e+19 0.00000000e+00
5.72476624e+19 0.00000000e+00
5.44171429e+19 0.00000000e+00
5.17265739e+19 0.00000000e+00
4.91690358e+19 0.00000000e+00
4.67379511e+19 0.00000000e+00
4.44270675e+19 0.00000000e+00
4.22304419e+19 0.00000000e+00
4.01424249e+19 0.00000000e+00
3.81576466e+19 0.00000000e+00
3.62710025e+19 0.00000000e+00
3.44776405e+19 0.00000000e+00
3.27729485e+19 0.00000000e+00
3.11525422e+19 0.00000000e+00
2.96122544e+19 0.00000000e+00
2.81481236e+19 0.00000000e+00
2.67563844e+19 0.00000000e+00
2.54334576e+19 0.00000000e+00
2.41759408e+19 0.00000000e+00
2.29805999e+19 0.00000000e+00
2.18443607e+19 0.00000000e+00
2.07643011e+19 0.00000000e+00
1.97376433e+19 0.00000000e+00
1.87617469e+19 0.00000000e+00
1.78341022e+19 0.00000000e+00
1.69523234e+19 0.00000000e+00
1.61141428e+19 0.00000000e+00
1.53174046e+19 0.00000000e+00
1.45600600e+19 0.00000000e+00
1.38401610e+19 0.00000000e+00
1.31558562e+19 0.00000000e+00
1.25053859e+19 0.00000000e+00
1.18870770e+19 0.00000000e+00
1.12993394e+19 0.00000000e+00
1.07406615e+19 0.00000000e+00
1.02096066e+19 0.00000000e+00
9.70480888e+18 0.00000000e+00
9.22497005e+18 0.00000000e+00
8.76885609e+18 0.00000000e+00
8.33529397e+18 0.00000000e+00
7.92316862e+18 0.00000000e+00
7.53142017e+18 0.00000000e+00
7.15904109e+18 0.00000000e+00
6.80507370e+18 0.00000000e+00
6.46860766e+18 0.00000000e+00
6.14877765e+18 0.00000000e+00
5.84476113e+18 0.00000000e+00
5.55577622e+18 0.00000000e+00
5.28107971e+18 0.00000000e+00
5.01996513e+18 0.00000000e+00
4.77176095e+18 0.00000000e+00
4.53582883e+18 0.00000000e+00
4.31156199e+18 0.00000000e+00
4.09838367e+18 0.00000000e+00
3.89574562e+18 0.00000000e+00
3.70312668e+18 0.00000000e+00
3.52003147e+18 0.00000000e+00
3.34598912e+18 0.00000000e+00
3.18055202e+18 0.00000000e+00
3.02329468e+18 0.00000000e+00
2.87381269e+18 0.00000000e+00
2.73172160e+18 0.00000000e+00
2.59665597e+18 0.00000000e+00
2.46826845e+18 0.00000000e+00
2.34622885e+18 0.00000000e+00
2.23022330e+18 0.00000000e+00
2.11995346e+18 0.00000000e+00
2.01513573e+18 0.00000000e+00
1.91550056e+18 0.00000000e+00
1.82079168e+18 0.00000000e+00
1.73076553e+18 0.00000000e+00
1.64519059e+18 0.00000000e+00
1.56384676e+18 0.00000000e+00
1.48652484e+18 0.00000000e+00
1.41302599e+18 0.00000000e+00
1.34316117e+18 0.00000000e+00
1.27675070e+18 0.00000000e+00
1.21362380e+18 0.00000000e+00
1.15361810e+18 0.00000000e+00
1.09657929e+18 0.00000000e+00
1.04236067e+18 0.00000000e+00
9.90822810e+17 0.00000000e+00
9.41833153e+17 0.00000000e+00
8.95265713e+17 0.00000000e+00
8.51000725e+17 0.00000000e+00
8.08924349e+17 0.00000000e+00
7.68928372e+17 0.00000000e+00
7.30909933e+17 0.00000000e+00
6.94771255e+17 0.00000000e+00
6.60419396e+17 0.00000000e+00
6.27766011e+17 0.00000000e+00
5.96727120e+17 0.00000000e+00
5.67222897e+17 0.00000000e+00
5.39177464e+17 0.00000000e+00
5.12518693e+17 2.20059502e-58
4.87178022e+17 2.40265556e-56
4.63090280e+17 1.03352885e-54
4.40193519e+17 3.37559256e-53
4.18428851e+17 9.52480749e-52
3.97740302e+17 2.11025988e-50
3.78074666e+17 4.20381920e-49
3.59381366e+17 8.18446003e-48
3.41612327e+17 1.20143047e-46
3.24721849e+17 1.70229899e-45
3.08666494e+17 2.02190634e-44
2.93404971e+17 2.01314114e-43
2.78898029e+17 1.93471055e-42
2.65108360e+17 1.40191081e-41
2.52000499e+17 9.92802266e-41
2.39540736e+17 7.53242912e-40
2.27697026e+17 4.65989352e-39
2.16438909e+17 2.29026089e-38
2.05737431e+17 1.27904446e-37
1.95565072e+17 6.40937037e-37
1.85895668e+17 2.42440580e-36
1.76704353e+17 1.04968139e-35
1.67967487e+17 3.64786297e-35
1.59662602e+17 1.38492539e-34
1.51768339e+17 4.22428001e-34
1.44264395e+17 1.40762140e-33
1.37131472e+17 4.89177959e-33
1.30351224e+17 1.15258271e-32
1.23906216e+17 3.37752190e-32
1.17779870e+17 9.05296542e-32
1.11956432e+17 1.84036183e-31
1.06420924e+17 4.92226757e-31
1.01159111e+17 1.02210152e-30
9.61574600e+16 2.07781266e-30
9.14031075e+16 4.30531089e-30
8.68838264e+16 9.09221186e-30
8.25879939e+16 1.65875259e-29
7.85045620e+16 3.10495171e-29
7.46230289e+16 4.73910879e-29
7.09334120e+16 1.00083321e-28
6.74262224e+16 1.53060022e-28
6.40924402e+16 2.51762308e-28
6.09234915e+16 4.11383834e-28
5.79112265e+16 6.56510542e-28
5.50478981e+16 8.31667500e-28
5.23261424e+16 1.32910569e-27
4.97389596e+16 1.91048648e-27
4.72796959e+16 3.00134344e-27
4.49420266e+16 4.30444985e-27
4.27199397e+16 5.32167806e-27
4.06077203e+16 6.69733378e-27
3.85999362e+16 1.09572940e-26
3.66914238e+16 1.35587937e-26
3.48772747e+16 1.63378941e-26
3.31528234e+16 2.16732628e-26
3.15136348e+16 2.62018838e-26
2.99554933e+16 3.46818822e-26
2.84743917e+16 4.17439634e-26
2.70665207e+16 5.16137877e-26
2.57282597e+16 6.49657799e-26
2.44561668e+16 6.33393651e-26
2.32469706e+16 8.02537434e-26
2.20975611e+16 1.01069702e-25
2.10049824e+16 9.86026936e-26
1.99664245e+16 1.22086399e-25
1.89792164e+16 1.47134279e-25
1.80408193e+16 1.71271775e-25
1.71488197e+16 1.90670424e-25
1.63009236e+16 2.01438397e-25
1.54949504e+16 2.25251931e-25
1.47288272e+16 2.50669891e-25
1.40005838e+16 2.92098380e-25
1.33083472e+16 2.85759612e-25
1.26503372e+16 3.44232479e-25
1.20248614e+16 3.37027987e-25
1.14303113e+16 3.31669370e-25
1.08651577e+16 4.09881288e-25
1.03279473e+16 4.03210700e-25
9.81729841e+15 3.96052354e-25
9.33189772e+15 4.97657409e-25
8.87049689e+15 4.91066680e-25
8.43190929e+15 4.86336438e-25
8.01500696e+15 6.17123696e-25
7.61871770e+15 6.02981498e-25
7.24202233e+15 6.00432491e-25
6.88395207e+15 6.00113451e-25
6.54358602e+15 5.88683840e-25
6.22004883e+15 7.40192019e-25
5.91250841e+15 7.38732163e-25
5.62017385e+15 7.36698935e-25
5.34229330e+15 7.38474630e-25
5.07815211e+15 7.40412522e-25
4.82707097e+15 7.48545602e-25
4.58840413e+15 9.09066766e-25
4.36153779e+15 9.02728778e-25
4.14588850e+15 9.29019621e-25
3.94090164e+15 9.16636982e-25
3.74605003e+15 9.60186847e-25
3.56083255e+15 9.65934560e-25
3.38477286e+15 9.73941631e-25
3.21741815e+15 1.18141192e-24
3.05833803e+15 1.17010539e-24
2.90712338e+15 1.19022624e-24
2.76338529e+15 1.22014425e-24
2.62675410e+15 1.27789044e-24
2.49687843e+15 1.32327027e-24
2.37342425e+15 1.32172783e-24
2.25607407e+15 1.38209715e-24
2.14452608e+15 1.68840045e-24
2.03849340e+15 1.67685641e-24
1.93770334e+15 1.63568189e-24
1.84189668e+15 1.70747976e-24
1.75082703e+15 1.77971466e-24
1.66426018e+15 1.79286911e-24
1.58197348e+15 2.02471353e-24
1.50375532e+15 2.05020906e-24
1.42940453e+15 2.08044190e-24
1.35872990e+15 2.24966740e-24
1.29154967e+15 2.26535372e-24
1.22769105e+15 2.41741368e-24
1.16698982e+15 2.42245259e-24
1.10928986e+15 2.69481710e-24
1.05444279e+15 2.86597352e-24
1.00230755e+15 2.98253170e-24
9.52750047e+14 3.10833964e-24
9.05642838e+14 3.25374991e-24
8.60864770e+14 3.52599819e-24
8.18300682e+14 3.65491759e-24
7.77841107e+14 3.68110682e-24
7.39381992e+14 3.87679091e-24
7.02824426e+14 4.12797117e-24
6.68074392e+14 4.50169803e-24
6.35042517e+14 4.58580073e-24
6.03643851e+14 4.82484747e-24
5.73797641e+14 5.07615473e-24
5.45427131e+14 5.46554966e-24
5.18459354e+14 5.61930720e-24
4.92824957e+14 6.10093897e-24
4.68458012e+14 6.19067096e-24
4.45295851e+14 6.62280618e-24
4.23278907e+14 7.01476237e-24
4.02350555e+14 7.33237129e-24
3.82456972e+14 7.49499892e-24
3.63546996e+14 8.07044361e-24
3.45571994e+14 8.42947828e-24
3.28485737e+14 8.63651821e-24
3.12244282e+14 9.24221933e-24
2.96805861e+14 9.65854475e-24
2.82130768e+14 1.03486458e-23
2.68181261e+14 1.05223345e-23
2.54921465e+14 1.13372931e-23
2.42317279e+14 1.19947841e-23
2.30336287e+14 1.22863248e-23
2.18947676e+14 1.33641868e-23
2.08122157e+14 1.38321284e-23
1.97831888e+14 1.46895271e-23
1.88050406e+14 1.50673046e-23
1.78752553e+14 1.57816415e-23
1.69914417e+14 1.63908999e-23
1.61513269e+14 1.75952303e-23
1.53527503e+14 1.85460434e-23
1.45936580e+14 1.98873733e-23
1.38720978e+14 2.06417499e-23
1.31862140e+14 2.17503092e-23
1.25342427e+14 2.27263784e-23
1.19145070e+14 2.41260221e-23
1.13254132e+14 2.53902211e-23
1.07654461e+14 2.66813218e-23
1.02331658e+14 2.77363929e-23
9.72720319e+13 2.96820963e-23
9.24625712e+13 3.12072119e-23
8.78909065e+13 3.22128031e-23
8.35452806e+13 3.39583092e-23
7.94145172e+13 3.58699724e-23
7.54879928e+13 3.79488852e-23
7.17556092e+13 4.00701715e-23
6.82077673e+13 4.19178815e-23
6.48353429e+13 4.43336836e-23
6.16296626e+13 4.63136120e-23
5.85824820e+13 4.85571366e-23
5.56859644e+13 5.13574608e-23
5.29326606e+13 5.38524805e-23
5.03154895e+13 5.63915363e-23
4.78277202e+13 5.97368073e-23
4.54629547e+13 6.24173493e-23
4.32151113e+13 6.61223334e-23
4.10784089e+13 6.93609646e-23
3.90473524e+13 7.29972065e-23
3.71167182e+13 7.72129841e-23
3.52815412e+13 8.05831649e-23
3.35371015e+13 8.50982824e-23
3.18789129e+13 8.95975422e-23
3.03027108e+13 9.39287078e-23
2.88044415e+13 9.91300678e-23
2.73802518e+13 1.04287417e-22
2.60264788e+13 1.09341268e-22
2.47396410e+13 1.15458448e-22
2.35164288e+13 1.21351043e-22
2.23536965e+13 1.27552870e-22
2.12484535e+13 1.34252549e-22
2.01978576e+13 1.41429091e-22
1.91992067e+13 1.48623162e-22
1.82499324e+13 1.56179780e-22
1.73475936e+13 1.64137174e-22
1.64898694e+13 1.72547287e-22
1.56745541e+13 1.82055263e-22
1.48995507e+13 1.91578723e-22
1.41628662e+13 2.01287361e-22
1.34626058e+13 2.11702462e-22
1.27969687e+13 2.23059596e-22
1.21642429e+13 2.34104902e-22
1.15628013e+13 2.46547607e-22
1.09910970e+13 2.59551321e-22
1.04476597e+13 2.73090735e-22
9.93109181e+12 2.87411424e-22
9.44006479e+12 3.01739774e-22
8.97331581e+12 3.17543332e-22
8.52964450e+12 3.34093349e-22
8.10790981e+12 3.51532708e-22
7.70702711e+12 3.69703580e-22
7.32596543e+12 3.89362011e-22
6.96374473e+12 4.09411285e-22
6.61943346e+12 4.30237460e-22
6.29214611e+12 4.53165400e-22
5.98104096e+12 4.76297975e-22
5.68531791e+12 5.01451517e-22
5.40421642e+12 5.27527941e-22
5.13701354e+12 5.55159255e-22
4.88302209e+12 5.83671600e-22
4.64158883e+12 6.14153391e-22
4.41209286e+12 6.46020588e-22
4.19394396e+12 6.79940469e-22
3.98658107e+12 7.15036588e-22
3.78947092e+12 7.52098565e-22
3.60210656e+12 7.91394138e-22
3.42400614e+12 8.32849453e-22
3.25471161e+12 8.75884781e-22
3.09378757e+12 9.21338736e-22
2.94082017e+12 9.69493693e-22
2.79541600e+12 1.01995182e-21
2.65720111e+12 1.07295543e-21
2.52582003e+12 1.12864424e-21
2.40093488e+12 1.18746655e-21
2.28222447e+12 1.24915209e-21
2.16938352e+12 1.31401996e-21
2.06212180e+12 1.38264513e-21
1.96016347e+12 1.45455066e-21
1.86324631e+12 1.53011921e-21
1.77112106e+12 1.60972767e-21
1.68355080e+12 1.69310426e-21
1.60031031e+12 1.78142083e-21
1.52118552e+12 1.87378059e-21
1.44597292e+12 1.97153399e-21
1.37447909e+12 2.07404887e-21
1.30652016e+12 2.18142672e-21
1.24192135e+12 2.29523184e-21
1.18051653e+12 2.41465172e-21
1.12214777e+12 2.54058624e-21
1.06666496e+12 2.67238081e-21
1.01392541e+12 2.81117319e-21
9.63793480e+11 2.95779686e-21
9.16140246e+11 3.11114349e-21
8.70843150e+11 3.27364046e-21
8.27785697e+11 3.44376046e-21
7.86857151e+11 3.62261120e-21
7.47952252e+11 3.81125175e-21
7.10970943e+11 4.00940372e-21
6.75818117e+11 4.21801659e-21
6.42403366e+11 4.43746179e-21
6.10640754e+11 4.66819528e-21
5.80448594e+11 4.91113558e-21
5.51749238e+11 5.16602516e-21
5.24468875e+11 5.43509263e-21
4.98537346e+11 5.71764329e-21
4.73887961e+11 6.01517330e-21
4.50457325e+11 6.32849133e-21
4.28185180e+11 6.65694812e-21
4.07014245e+11 7.00305440e-21
3.86890074e+11 7.36757377e-21
3.67760910e+11 7.75085196e-21
3.49577557e+11 8.15408943e-21
3.32293252e+11 8.57815574e-21
3.15863541e+11 9.02476559e-21
3.00246171e+11 9.49386442e-21
2.85400977e+11 9.98746426e-21
2.71289780e+11 1.05073659e-20
2.57876289e+11 1.10535746e-20
2.45126006e+11 1.16286604e-20
2.33006141e+11 1.22337041e-20
2.21485523e+11 1.28699174e-20
2.10534524e+11 1.35393891e-20
2.00124980e+11 1.42434202e-20
1.90230119e+11 1.49844678e-20
1.80824493e+11 1.57641518e-20
1.71883914e+11 1.65839213e-20
1.63385388e+11 1.74462328e-20
1.55307057e+11 1.83540205e-20
1.47628147e+11 1.93084928e-20
1.40328908e+11 2.03126971e-20
1.33390569e+11 2.13692858e-20
1.26795285e+11 2.24811679e-20
1.20526094e+11 2.36502167e-20
1.14566873e+11 2.48804173e-20
1.08902296e+11 2.61751668e-20
1.03517796e+11 2.75360731e-20
9.83995230e+10 2.89685400e-20
9.35343152e+10 3.04752570e-20
8.89096599e+10 3.20600247e-20
8.45136633e+10 3.37281463e-20
8.03350198e+10 3.54821515e-20
7.63629826e+10 3.73283460e-20
7.25873365e+10 3.92696975e-20
6.89983712e+10 4.13122934e-20
6.55868566e+10 4.34613196e-20
6.23440189e+10 4.57215666e-20
5.92615181e+10 4.80999704e-20
5.63314267e+10 5.06021818e-20
5.35462090e+10 5.32337495e-20
5.08987019e+10 5.60028828e-20
4.83820966e+10 5.89155896e-20
4.59899209e+10 6.19801968e-20
4.37160225e+10 6.52041489e-20
4.15545533e+10 6.85953815e-20
3.94999546e+10 7.21635578e-20
3.75469422e+10 7.59175101e-20
3.56904935e+10 7.98666273e-20
3.39258338e+10 8.40203466e-20
3.22484250e+10 8.83912633e-20
3.06539530e+10 9.29887873e-20
2.91383170e+10 9.78253403e-20
2.76976194e+10 1.02913959e-19
2.63281547e+10 1.08266919e-19
2.50264010e+10 1.13898204e-19
2.37890104e+10 1.19823113e-19
2.26128007e+10 1.26055719e-19
2.14947467e+10 1.32611995e-19
2.04319732e+10 1.39510187e-19
1.94217468e+10 1.46766804e-19
1.84614695e+10 1.54401004e-19
1.75486715e+10 1.62432105e-19
1.66810054e+10 1.70881320e-19
1.58562396e+10 1.79769456e-19
1.50722531e+10 1.89120032e-19
1.43270295e+10 1.98957469e-19
1.36186524e+10 2.09306094e-19
1.29452998e+10 2.20193292e-19
1.23052400e+10 2.31646790e-19
1.16968270e+10 2.43695457e-19
1.11184960e+10 2.56371738e-19
1.05687597e+10 2.69707202e-19
1.00462042e+10 2.83736004e-19
9.54948564e+09 2.98495267e-19
9.07732653e+09 3.14021543e-19
8.62851257e+09 3.30354353e-19
8.20188950e+09 3.47538028e-19
7.79636013e+09 3.65615645e-19
7.41088152e+09 3.84632851e-19
7.04446228e+09 4.04639801e-19
6.69616005e+09 4.25687090e-19
6.36507908e+09 4.47829468e-19
6.05036788e+09 4.71123133e-19
5.75121707e+09 4.95628872e-19
5.46685730e+09 5.21409085e-19
5.19655724e+09 5.48530429e-19
4.93962174e+09 5.77062322e-19
4.69539001e+09 6.07077867e-19
4.46323393e+09 6.38655445e-19
4.24255643e+09 6.71874861e-19
4.03278998e+09 7.06822790e-19
3.83339510e+09 7.43588223e-19
3.64385898e+09 7.82266492e-19
3.46369418e+09 8.22955593e-19
3.29243733e+09 8.65761869e-19
3.12964801e+09 9.10795158e-19
2.97490755e+09 9.58170796e-19
2.82781798e+09 1.00800943e-18
2.68800102e+09 1.06044096e-18
2.55509709e+09 1.11560013e-18
2.42876438e+09 1.17362932e-18
2.30867799e+09 1.23467481e-18
2.19452909e+09 1.29889713e-18
2.08602409e+09 1.36645918e-18
1.98288395e+09 1.43753591e-18
1.88484341e+09 1.51231043e-18
1.79165033e+09 1.59097352e-18
1.70306503e+09 1.67372806e-18
1.61885969e+09 1.76078750e-18
1.53881775e+09 1.85237477e-18
1.46273336e+09 1.94872686e-18
1.39041083e+09 2.05009028e-18
1.32166418e+09 2.15672616e-18
1.25631660e+09 2.26890943e-18
1.19420003e+09 2.38692645e-18
1.13515471e+09 2.51108254e-18
1.07902879e+09 2.64169755e-18
1.02567793e+09 2.77910624e-18
9.74964918e+08 2.92366184e-18
9.26759330e+08 3.07573654e-18
8.80937190e+08 3.23572210e-18
8.37380654e+08 3.40402834e-18
7.95977700e+08 3.58108901e-18
7.56621850e+08 3.76736077e-18
7.19211887e+08 3.96332033e-18
6.83651600e+08 4.16947359e-18
6.49849535e+08 4.38635018e-18
6.17718760e+08 4.61450681e-18
5.87176639e+08 4.85453213e-18
5.58144625e+08 5.10704031e-18
5.30548053e+08 5.37268482e-18
5.04315949e+08 5.65214561e-18
4.79380850e+08 5.94614384e-18
4.55678627e+08 6.25543268e-18
4.33148322e+08 6.58081087e-18
4.11731993e+08 6.92311346e-18
3.91374560e+08 7.28322054e-18
3.72023668e+08 7.66205911e-18
3.53629550e+08 8.06060246e-18
3.36144900e+08 8.47987713e-18
3.19524751e+08 8.92095900e-18
3.03726358e+08 9.38498553e-18
2.88709092e+08 9.87314643e-18
2.74434330e+08 1.03867008e-17
2.60865362e+08 1.09269674e-17
2.47967289e+08 1.14953361e-17
2.35706941e+08 1.20932684e-17
2.24052787e+08 1.27223020e-17
2.12974854e+08 1.33840563e-17
2.02444651e+08 1.40802296e-17
1.92435098e+08 1.48126158e-17
1.82920450e+08 1.55830988e-17
1.73876240e+08 1.63936561e-17
1.65279206e+08 1.72463761e-17
1.57107239e+08 1.81434496e-17
1.49339322e+08 1.90871852e-17
1.41955477e+08 2.00800098e-17
1.34936714e+08 2.11244755e-17
1.28264983e+08 2.22232697e-17
1.21923125e+08 2.33792176e-17
1.15894830e+08 2.45952928e-17
1.10164595e+08 2.58746223e-17
1.04717682e+08 2.72204968e-17
9.95400829e+07 2.86363761e-17
9.46184819e+07 3.01259038e-17
8.99402217e+07 3.16929095e-17
8.54932707e+07 3.33414231e-17
8.12661920e+07 3.50756840e-17
7.72481145e+07 3.69001537e-17
7.34287045e+07 3.88195227e-17
6.97981391e+07 4.08387293e-17
6.63470812e+07 4.29629637e-17
6.30666554e+07 4.51976916e-17
5.99484250e+07 4.75486599e-17
5.69843706e+07 5.00219136e-17
5.41668691e+07 5.26238142e-17
5.14886745e+07 5.53610535e-17
4.89428990e+07 5.82406706e-17
4.65229952e+07 6.12700713e-17
4.42227398e+07 6.44570479e-17
4.20362168e+07 6.78097948e-17
3.99578030e+07 7.13369357e-17
3.79821531e+07 7.50475427e-17
3.61041860e+07 7.89511561e-17
3.43190720e+07 8.30578176e-17
3.26222201e+07 8.73780884e-17
3.10092664e+07 9.19230784e-17
2.94760626e+07 9.67044777e-17
2.80186656e+07 1.01734582e-16
2.66333273e+07 1.07026328e-16
2.53164848e+07 1.12593326e-16
2.40647515e+07 1.18449892e-16
2.28749082e+07 1.24611089e-16
2.17438948e+07 1.31092762e-16
2.06688025e+07 1.37911580e-16
1.96468665e+07 1.45085081e-16
1.86754584e+07 1.52631713e-16
1.77520801e+07 1.60570884e-16
1.68743568e+07 1.68923014e-16
1.60400311e+07 1.77709580e-16
1.52469573e+07 1.86953183e-16
1.44930957e+07 1.96677593e-16
1.37765077e+07 2.06907821e-16
1.30953502e+07 2.17670175e-16
1.24478715e+07 2.28992337e-16
1.18324063e+07 2.40903422e-16
1.12473718e+07 2.53434066e-16
1.06912634e+07 2.66616493e-16
1.01626509e+07 2.80484607e-16
9.66017480e+06 2.95074075e-16
9.18254284e+06 3.10422416e-16
8.72852662e+06 3.26569105e-16
8.29695852e+06 3.43555667e-16
7.88672862e+06 3.61425789e-16
7.49678187e+06 3.80225428e-16
7.12611543e+06 4.00002935e-16
6.77377600e+06 4.20809173e-16
6.43885743e+06 4.42697653e-16
6.12049837e+06 4.65724666e-16
5.81788007e+06 4.89949434e-16
5.53022426e+06 5.15434257e-16
5.25679112e+06 5.42244681e-16
4.99687745e+06 5.70449653e-16
4.74981480e+06 6.00121713e-16
4.51496777e+06 6.31337171e-16
4.29173238e+06 6.64176308e-16
4.07953450e+06 6.98723579e-16
3.87782841e+06 7.35067833e-16
3.68609536e+06 7.73302543e-16
3.50384225e+06 8.13526037e-16
3.33060034e+06 8.55841765e-16
3.16592411e+06 9.00358554e-16
3.00939003e+06 9.47190892e-16
2.86059554e+06 9.96459225e-16
2.71915794e+06 1.04829026e-15
2.58471351e+06 1.10281730e-15
2.45691646e+06 1.16018057e-15
2.33543814e+06 1.22052760e-15
2.21996612e+06 1.28401360e-15
2.11020343e+06 1.35080183e-15
2.00586778e+06 1.42106406e-15
1.90669084e+06 1.49498100e-15
1.81241755e+06 1.57274274e-15
1.72280545e+06 1.65454928e-15
1.63762407e+06 1.74061099e-15
1.55665436e+06 1.83114922e-15
1.47968806e+06 1.92639682e-15
1.40652724e+06 2.02659874e-15
1.33698374e+06 2.13201267e-15
1.27087871e+06 2.24290974e-15
1.20804213e+06 2.35957513e-15
1.14831241e+06 2.48230889e-15
1.09153594e+06 2.61142668e-15
1.03756668e+06 2.74726054e-15
9.86265846e+05 2.89015983e-15
9.37501502e+05 3.04049205e-15
8.91148232e+05 3.19864382e-15
8.47086827e+05 3.36502188e-15
8.05203967e+05 3.54005413e-15
7.65391939e+05 3.72419070e-15
7.27548353e+05 3.91790517e-15
6.91575883e+05 4.12169572e-15
6.57382014e+05 4.33608647e-15
6.24878807e+05 4.56162878e-15
5.93982669e+05 4.79890271e-15
5.64614142e+05 5.04851847e-15
5.36697695e+05 5.31111803e-15
5.10161531e+05 5.58737674e-15
4.84937407e+05 5.87800507e-15
4.60960449e+05 6.18375048e-15
4.38168993e+05 6.50539926e-15
4.16504425e+05 6.84377864e-15
3.95911027e+05 7.19975886e-15
3.76335836e+05 7.57425542e-15
3.57728510e+05 7.96823145e-15
3.40041193e+05 8.38270018e-15
3.23228398e+05 8.81872752e-15
3.07246884e+05 9.27743486e-15
2.92055551e+05 9.76000188e-15
2.77615329e+05 1.02676697e-14
2.63889081e+05 1.08017438e-14
2.50841506e+05 1.13635978e-14
2.38439047e+05 1.19546766e-14
2.26649808e+05 1.25765005e-14
2.15443469e+05 1.32306685e-14
2.04791210e+05 1.39188630e-14
1.94665634e+05 1.46428540e-14
1.85040702e+05 1.54045033e-14
1.75891659e+05 1.62057698e-14
1.67194976e+05 1.70487140e-14
1.58928287e+05 1.79355040e-14
1.51070330e+05 1.88684203e-14
1.43600898e+05 1.98498621e-14
1.36500781e+05 2.08823535e-14
1.29751717e+05 2.19685497e-14
1.23336350e+05 2.31112443e-14
1.17238180e+05 2.43133759e-14
1.11441525e+05 2.55780362e-14
1.05931476e+05 2.69084775e-14
1.00693863e+05 2.83081213e-14
9.57152154e+04 2.97805672e-14
9.09827289e+04 3.13296020e-14
8.64842328e+04 3.29592093e-14
8.22081576e+04 3.46735800e-14
7.81435061e+04 3.64771231e-14
7.42798248e+04 3.83744767e-14
7.06071771e+04 4.03705202e-14
6.71161177e+04 4.24703871e-14
6.37976681e+04 4.46794774e-14
6.06432940e+04 4.70034723e-14
5.76448828e+04 4.94483484e-14
5.47947234e+04 5.20203931e-14
5.20854855e+04 5.47262210e-14
4.95102016e+04 5.75727905e-14
4.70622485e+04 6.05674221e-14
4.47353305e+04 6.37178169e-14
4.25234633e+04 6.70320768e-14
4.04209584e+04 7.05187247e-14
3.84224085e+04 7.41867270e-14
3.65226736e+04 7.80455166e-14
3.47168682e+04 8.21050166e-14
3.30003479e+04 8.63756667e-14
3.13686982e+04 9.08684491e-14
2.98177229e+04 9.55949174e-14
2.83434331e+04 1.00567226e-13
2.69420371e+04 1.05798162e-13
2.56099310e+04 1.11301176e-13
2.43436887e+04 1.17090421e-13
2.31400538e+04 1.23180782e-13
2.19959307e+04 1.29587921e-13
2.09083769e+04 1.36328315e-13
1.98745955e+04 1.43419296e-13
1.88919278e+04 1.50879098e-13
1.79578465e+04 1.58726904e-13
1.70699493e+04 1.66982893e-13
1.62259529e+04 1.75668295e-13
1.54236865e+04 1.84805444e-13
1.46610868e+04 1.94417834e-13
1.39361927e+04 2.04530182e-13
1.32471399e+04 2.15168490e-13
1.25921561e+04 2.26360113e-13
1.19695570e+04 2.38133825e-13
1.13777413e+04 2.50519901e-13
1.08151870e+04 2.63550188e-13
1.02804473e+04 2.77258187e-13
9.77214697e+03 2.91679146e-13
9.28897872e+03 3.06850140e-13
8.82969996e+03 3.22810175e-13
8.39312950e+03 3.39600286e-13
7.97814457e+03 3.57263638e-13
7.58367791e+03 3.75845644e-13
7.20871503e+03 3.95394075e-13
6.85229160e+03 4.15959188e-13
6.51349095e+03 4.37593850e-13
6.19144176e+03 4.60353679e-13
5.88531578e+03 4.84297183e-13
5.59432571e+03 5.09485912e-13
5.31772318e+03 5.35984614e-13
5.05479682e+03 5.63861405e-13
4.80487044e+03 5.93187940e-13
4.56730127e+03 6.24039598e-13
4.34147833e+03 6.56495677e-13
4.12682085e+03 6.90639595e-13
3.92277676e+03 7.26559107e-13
3.72882131e+03 7.64346525e-13
3.54445567e+03 8.04098962e-13
3.36920571e+03 8.45918574e-13
3.20262069e+03 8.89912828e-13
3.04427221e+03 9.36194771e-13
2.89375302e+03 9.84883327e-13
2.75067601e+03 1.03610359e-12
2.61467321e+03 1.08998717e-12
2.48539486e+03 1.14667250e-12
2.36250847e+03 1.20630519e-12
2.24569800e+03 1.26903845e-12
2.13466303e+03 1.33503340e-12
2.02911802e+03 1.40445957e-12
1.92879151e+03 1.47749526e-12
1.83342548e+03 1.55432805e-12
1.74277468e+03 1.63515524e-12
1.65660596e+03 1.72018438e-12
1.57469771e+03 1.80963379e-12
1.49683929e+03 1.90373313e-12
1.42283046e+03 2.00272396e-12
1.35248087e+03 2.10686039e-12
1.28560961e+03 2.21640970e-12
1.22204469e+03 2.33165303e-12
1.16162263e+03 2.45288613e-12
1.10418805e+03 2.58042004e-12
1.04959323e+03 2.71458197e-12
9.97697764e+02 2.85571607e-12
9.48368187e+02 3.00418433e-12
9.01477631e+02 3.16036749e-12
8.56905505e+02 3.32466604e-12
8.14537177e+02 3.49750120e-12
7.74263683e+02 3.67931599e-12
7.35981448e+02 3.87057640e-12
6.99592017e+02 4.07177252e-12
6.65001803e+02 4.28341980e-12
6.32121848e+02 4.50606037e-12
6.00867589e+02 4.74026441e-12
5.71158648e+02 4.98663157e-12
5.42918618e+02 5.24579250e-12
5.16074871e+02 5.51841045e-12
4.90558371e+02 5.80518292e-12
4.66303493e+02 6.10684345e-12
4.43247859e+02 6.42416343e-12
4.21332174e+02 6.75795410e-12
4.00500076e+02 7.10906849e-12
3.80697987e+02 7.47840367e-12
3.61874981e+02 7.86690291e-12
3.43982649e+02 8.27555811e-12
3.26974974e+02 8.70541222e-12
3.10808217e+02 9.15756190e-12
2.95440800e+02 9.63316020e-12
2.80833200e+02 1.01334195e-11
2.66947849e+02 1.06596144e-11
2.53749038e+02 1.12130850e-11
2.41202821e+02 1.17952402e-11
2.29276931e+02 1.24075613e-11
2.17940698e+02 1.30516052e-11
2.07164968e+02 1.37290087e-11
1.96922026e+02 1.44414927e-11
1.87185529e+02 1.51908655e-11
1.77930439e+02 1.59790284e-11
1.69132952e+02 1.68079794e-11
1.60770442e+02 1.76798186e-11
1.52821404e+02 1.85967531e-11
1.45265393e+02 1.95611025e-11
1.38082977e+02 2.05753043e-11
1.31255684e+02 2.16419200e-11
1.24765955e+02 2.27636409e-11
1.18597101e+02 2.39432952e-11
1.12733256e+02 2.51838541e-11
1.07159340e+02 2.64884391e-11
1.01861017e+02 2.78603298e-11
9.68246612e+01 2.93029711e-11
9.20373200e+01 3.08199816e-11
8.74866812e+01 3.24151622e-11
8.31610415e+01 3.40925047e-11
7.90492762e+01 3.58562016e-11
7.51408106e+01 3.77106554e-11
7.14255929e+01 3.96604892e-11
6.78940681e+01 4.17105571e-11
6.45371540e+01 4.38659553e-11
6.13462172e+01 4.61320342e-11
5.83130511e+01 4.85144103e-11
5.54298552e+01 5.10189789e-11
5.26892142e+01 5.36519276e-11
5.00840799e+01 5.64197505e-11
4.76077523e+01 5.93292621e-11
4.52538628e+01 6.23876133e-11
4.30163576e+01 6.56023066e-11
4.08894823e+01 6.89812131e-11
3.88677669e+01 7.25325900e-11
3.69460121e+01 7.62650982e-11
3.51192753e+01 8.01878214e-11
3.33828586e+01 8.43102860e-11
3.17322963e+01 8.86424810e-11
3.01633435e+01 9.31948802e-11
2.86719650e+01 9.77974773e-11
2.72543253e+01 1.02795000e-10
2.59067786e+01 1.08042766e-10
2.46258592e+01 1.13552723e-10
2.34082728e+01 1.19337315e-10
2.22508880e+01 1.25409498e-10
2.11507282e+01 1.31782749e-10
2.01049642e+01 1.38471075e-10
1.91109062e+01 1.45489020e-10
1.81659979e+01 1.52851666e-10
1.72678090e+01 1.60574639e-10
1.64140297e+01 1.68674105e-10
1.56024641e+01 1.77166762e-10
1.48310251e+01 1.86069430e-10
1.40977287e+01 1.95392553e-10
1.34006890e+01 2.05156233e-10
1.27381132e+01 2.15395486e-10
1.21082975e+01 2.26113164e-10
1.15096220e+01 2.37345438e-10
1.09405471e+01 2.49090296e-10
1.03996091e+01 2.61380713e-10
9.88541702e+00 2.74233386e-10
9.39664831e+00 2.87668580e-10
8.93204600e+00 3.01706004e-10
8.49041520e+00 3.16365311e-10
8.07062014e+00 3.31665618e-10
7.67158118e+00 3.47625403e-10
7.29227206e+00 3.64262272e-10
6.93171728e+00 3.81592646e-10
6.58898955e+00 3.99631477e-10
6.26320745e+00 4.18391879e-10
5.95353313e+00 4.37884720e-10
5.65917016e+00 4.58118134e-10
5.37936150e+00 4.79096942e-10
5.11338754e+00 5.00821957e-10
4.86056423e+00 5.23289119e-10
4.62024137e+00 5.46488414e-10
4.39180089e+00 5.70402508e-10
4.17465529e+00 5.95005017e-10
3.96824610e+00 6.20258349e-10
3.77204249e+00 6.46111026e-10
3.58553986e+00 6.72494471e-10
3.40825855e+00 6.99319244e-10
3.23974263e+00 7.26470815e-10
3.07955871e+00 7.53805053e-10
2.92729484e+00 7.81143700e-10
2.78255940e+00 8.08270272e-10
2.64498018e+00 8.34926918e-10
2.51420335e+00 8.60812892e-10
2.38989257e+00 8.85585347e-10
2.27172813e+00 9.08863116e-10
2.15940615e+00 9.30234043e-10
2.05263775e+00 9.49266115e-10
1.95114835e+00 9.65522278e-10
1.85467692e+00 9.78578439e-10
1.76297538e+00 9.88043467e-10
1.67580786e+00 9.93579664e-10
1.59295021e+00 9.94921866e-10
1.51418933e+00 9.91893357e-10
1.43932264e+00 9.84416908e-10
1.36815763e+00 9.72519812e-10
1.30051125e+00 9.56332530e-10
1.23620954e+00 9.36081288e-10
1.17508713e+00 9.12075653e-10
1.11698682e+00 8.84692598e-10
1.06175918e+00 8.54358735e-10
1.00926219e+00 8.21532349e-10
9.59360829e-01 7.86686553e-10
9.11926760e-01 7.50294474e-10
8.66837993e-01 7.12816949e-10
8.23978568e-01 6.74692807e-10
7.83238260e-01 6.36331574e-10
7.44512291e-01 5.98108246e-10
7.07701066e-01 5.60359772e-10
6.72709914e-01 5.23382873e-10
6.39448843e-01 4.87432974e-10
6.07832313e-01 4.52724048e-10
5.77779012e-01 4.19429265e-10
5.49211648e-01 3.87682383e-10
5.22056753e-01 3.57579812e-10
4.96244488e-01 3.29183335e-10
4.71708469e-01 3.02523301e-10
4.48385595e-01 2.77602235e-10
4.26215883e-01 2.54398701e-10
4.05142317e-01 2.32871264e-10
3.85110700e-01 2.12962393e-10
3.66069515e-01 1.94602182e-10
3.47969790e-01 1.77711783e-10
3.30764978e-01 1.62206473e-10
3.14410830e-01 1.47998310e-10
2.98865287e-01 1.34998363e-10
2.84088369e-01 1.23119087e-10
2.70042072e-01 1.12274416e-10
2.56690272e-01 1.02381440e-10
2.43998630e-01 9.33616343e-11
2.31934506e-01 8.51410373e-11
2.20466874e-01 7.76505272e-11
2.09566240e-01 7.08259292e-11
1.99204571e-01 6.46079867e-11
1.89355218e-01 5.89422341e-11
1.79992851e-01 5.37787972e-11
1.71093391e-01 4.90721457e-11
1.62633950e-01 4.47808157e-11
1.54592774e-01 4.08671189e-11
1.46949180e-01 3.72968470e-11
1.39683512e-01 3.40389818e-11
1.32777083e-01 3.10654150e-11
1.26212131e-01 2.83506840e-11
1.19971774e-01 2.58717228e-11
1.14039960e-01 2.36076324e-11
1.08401436e-01 2.15863010e-11
1.03041699e-01 1.96928855e-11
9.79469667e-02 1.79623617e-11
9.31041349e-02 1.63807070e-11
8.85007491e-02 1.49351714e-11
8.41249705e-02 1.36141480e-11
7.99655453e-02 1.24070574e-11
7.60117762e-02 1.13042451e-11
7.22534949e-02 1.02968911e-11
6.86810359e-02 9.37692917e-12
6.52852114e-02 8.53697586e-12
6.20572881e-02 7.76459586e-12
5.89889643e-02 7.06701109e-12
5.60723488e-02 6.43044666e-12
5.32999408e-02 5.84971221e-12
5.06646101e-02 5.32005248e-12
4.81595791e-02 4.83710948e-12
4.57784054e-02 4.39688850e-12
4.35149650e-02 3.99572736e-12
4.13634368e-02 3.63026854e-12
3.93182876e-02 3.29743391e-12
3.73742574e-02 2.99440172e-12
3.55263468e-02 2.71858566e-12
3.37698031e-02 2.46761564e-12
3.21001090e-02 2.23932035e-12
3.05129702e-02 2.03171110e-12
2.90043049e-02 1.84296708e-12
2.75702333e-02 1.67142179e-12
2.62070670e-02 1.51555049e-12
2.49113003e-02 1.37375378e-12
2.36796007e-02 1.24512818e-12
2.25088005e-02 1.12835693e-12
2.13958887e-02 1.02237336e-12
2.03380031e-02 9.26203321e-13
1.93324229e-02 8.38957632e-13
1.83765620e-02 7.59825029e-13
1.74679622e-02 6.88065695e-13
1.66042866e-02 6.23005270e-13
1.57833141e-02 5.64029337e-13
1.50029332e-02 5.10578319e-13
1.42611371e-02 4.62142797e-13
1.35560179e-02 4.18259193e-13
1.28857621e-02 3.78505795e-13
1.22486461e-02 3.42499119e-13
1.16430313e-02 3.09890553e-13
1.10673602e-02 2.80363294e-13
1.05201522e-02 2.53629527e-13
1.00000000e-02 2.29427852e-13
