1.00000000e+20 0.00000000e+00
9.50556592e+19 0.00000000e+00
9.03557835e+19 0.00000000e+00
8.58882856e+19 0.00000000e+00
8.16416760e+19 0.00000000e+00
7.76050334e+19 0.00000000e+00
7.37679760e+19 0.00000000e+00
7.01206359e+19 0.00000000e+00
6.66536327e+19 0.00000000e+00
6.33580499e+19 0.00000000e+00
6.02254120e+19 0.00000000e+00
5.72476624e+19 0.00000000e+00
5.44171429e+19 0.00000000e+00
5.17265739e+19 0.00000000e+00
4.91690358e+19 0.00000000e+00
4.67379511e+19 0.00000000e+00
4.44270675e+19 0.00000000e+00
4.22304419e+19 0.00000000e+00
4.01424249e+19 0.00000000e+00
3.81576466e+19 0.00000000e+00
3.62710025e+19 0.00000000e+00
3.44776405e+19 0.00000000e+00
3.27729485e+19 0.00000000e+00
3.11525422e+19 0.00000000e+00
2.96122544e+19 0.00000000e+00
2.81481236e+19 0.00000000e+00
2.67563844e+19 0.00000000e+00
2.54334576e+19 0.00000000e+00
2.41759408e+19 0.00000000e+00
2.29805999e+19 0.00000000e+00
2.18443607e+19 0.00000000e+00
2.07643011e+19 0.00000000e+00
1.97376433e+19 0.00000000e+00
1.87617469e+19 0.00000000e+00
1.78341022e+19 0.00000000e+00
1.69523234e+19 0.00000000e+00
1.61141428e+19 0.00000000e+00
1.53174046e+19 0.00000000e+00
1.45600600e+19 0.00000000e+00
1.38401610e+19 0.00000000e+00
1.31558562e+19 0.00000000e+00
1.25053859e+19 0.00000000e+00
1.18870770e+19 0.00000000e+00
1.12993394e+19 0.00000000e+00
1.07406615e+19 0.00000000e+00
1.02096066e+19 0.00000000e+00
9.70480888e+18 0.00000000e+00
9.22497005e+18 0.00000000e+00
8.76885609e+18 0.00000000e+00
8.33529397e+18 0.00000000e+00
7.92316862e+18 0.00000000e+00
7.53142017e+18 0.00000000e+00
7.15904109e+18 0.00000000e+00
6.80507370e+18 0.00000000e+00
6.46860766e+18 0.00000000e+00
6.14877765e+18 0.00000000e+00
5.84476113e+18 0.00000000e+00
5.55577622e+18 0.00000000e+00
5.28107971e+18 0.00000000e+00
5.01996513e+18 0.00000000e+00
4.77176095e+18 0.00000000e+00
4.53582883e+18 0.00000000e+00
4.31156199e+18 0.00000000e+00
4.09838367e+18 0.00000000e+00
3.89574562e+18 0.00000000e+00
3.70312668e+18 0.00000000e+00
3.52003147e+18 0.00000000e+00
3.34598912e+18 0.00000000e+00
3.18055202e+18 0.00000000e+00
3.02329468e+18 0.00000000e+00
2.87381269e+18 0.00000000e+00
2.73172160e+18 0.00000000e+00
2.59665597e+18 0.00000000e+00
2.46826845e+18 0.00000000e+00
2.34622885e+18 0.00000000e+00
2.23022330e+18 0.00000000e+00
2.11995346e+18 0.00000000e+00
2.01513573e+18 0.00000000e+00
1.91550056e+18 0.00000000e+00
1.82079168e+18 0.00000000e+00
1.73076553e+18 0.00000000e+00
1.64519059e+18 0.00000000e+00
1.56384676e+18 0.00000000e+00
1.48652484e+18 0.00000000e+00
1.41302599e+18 0.00000000e+00
1.34316117e+18 0.00000000e+00
1.27675070e+18 0.00000000e+00
1.21362380e+18 0.00000000e+00
1.15361810e+18 0.00000000e+00
1.09657929e+18 0.00000000e+00
1.04236067e+18 0.00000000e+00
9.90822810e+17 0.00000000e+00
9.41833153e+17 0.00000000e+00
8.95265713e+17 0.00000000e+00
8.51000725e+17 0.00000000e+00
8.08924349e+17 0.00000000e+00
7.68928372e+17 0.00000000e+00
7.30909933e+17 0.00000000e+00
6.94771255e+17 0.00000000e+00
6.60419396e+17 0.00000000e+00
6.27766011e+17 0.00000000e+00
5.96727120e+17 0.00000000e+00
5.67222897e+17 0.00000000e+00
5.39177464e+17 0.00000000e+00
5.12518693e+17 8.08275073e-54
4.87178022e+17 8.82491590e-52
4.63090280e+17 3.79613512e-50
4.40193519e+17 1.23984981e-48
4.18428851e+17 3.49844674e-47
3.97740302e+17 7.75095119e-46
3.78074666e+17 1.54405615e-44
3.59381366e+17 3.00613924e-43
3.41612327e+17 4.41283514e-42
3.24721849e+17 6.25251728e-41
3.08666494e+17 7.42643004e-40
2.93404971e+17 7.39423560e-39
2.78898029e+17 7.10616130e-38
2.65108360e+17 5.14919627e-37
2.52000499e+17 3.64654703e-36
2.39540736e+17 2.76664931e-35
2.27697026e+17 1.71157153e-34
2.16438909e+17 8.41209205e-34
2.05737431e+17 4.69791011e-33
1.95565072e+17 2.35415161e-32
1.85895668e+17 8.90480421e-32
1.76704353e+17 3.85546315e-31
1.67967487e+17 1.33985430e-30
1.59662602e+17 5.08680909e-30
1.51768339e+17 1.55157137e-29
1.44264395e+17 5.17017117e-29
1.37131472e+17 1.79674291e-28
1.30351224e+17 4.23341807e-28
1.23906216e+17 1.24055846e-27
1.17779870e+17 3.32513989e-27
1.11956432e+17 6.75961991e-27
1.06420924e+17 1.80794110e-26
1.01159111e+17 3.75416272e-26
9.61574600e+16 7.63177306e-26
9.14031075e+16 1.58133389e-25
8.68838264e+16 3.33955505e-25
8.25879939e+16 6.09257206e-25
7.85045620e+16 1.14044386e-24
7.46230289e+16 1.74066717e-24
7.09334120e+16 3.67604456e-24
6.74262224e+16 5.62187043e-24
6.40924402e+16 9.24718976e-24
6.09234915e+16 1.51100632e-23
5.79112265e+16 2.41135283e-23
5.50478981e+16 3.05470146e-23
5.23261424e+16 4.88178410e-23
4.97389596e+16 7.01718602e-23
4.72796959e+16 1.10238843e-22
4.49420266e+16 1.58101685e-22
4.27199397e+16 1.95464188e-22
4.06077203e+16 2.45991552e-22
3.85999362e+16 4.02458782e-22
3.66914238e+16 4.98010332e-22
3.48772747e+16 6.00083206e-22
3.31528234e+16 7.96041858e-22
3.15136348e+16 9.62353100e-22
2.99554933e+16 1.27375681e-21
2.84743917e+16 1.53314850e-21
2.70665207e+16 1.89551025e-21
2.57282597e+16 2.38559668e-21
2.44561668e+16 2.32587313e-21
2.32469706e+16 2.94657048e-21
2.20975611e+16 3.71038552e-21
2.10049824e+16 3.61812948e-21
1.99664245e+16 4.47787744e-21
1.89792164e+16 5.39632845e-21
1.80408193e+16 6.27765570e-21
1.71488197e+16 6.98249795e-21
1.63009236e+16 7.37108659e-21
1.54949504e+16 8.23505330e-21
1.47288272e+16 9.15223148e-21
1.40005838e+16 1.06410108e-20
1.33083472e+16 1.03842858e-20
1.26503372e+16 1.25016777e-20
1.20248614e+16 1.22026950e-20
1.14303113e+16 1.19276768e-20
1.08651577e+16 1.47443148e-20
1.03279473e+16 1.44109996e-20
9.81729841e+15 1.40768454e-20
9.33189772e+15 1.77089746e-20
8.87049689e+15 1.73219560e-20
8.43190929e+15 1.69601642e-20
8.01500696e+15 2.14941587e-20
7.61871770e+15 2.09648568e-20
7.24202233e+15 2.05593363e-20
6.88395207e+15 2.01837488e-20
6.54358602e+15 1.97016043e-20
6.22004883e+15 2.47888436e-20
5.91250841e+15 2.43238000e-20
5.62017385e+15 2.38595837e-20
5.34229330e+15 2.34368377e-20
5.07815211e+15 2.30046218e-20
4.82707097e+15 2.26496268e-20
4.58840413e+15 2.78770198e-20
4.36153779e+15 2.72785857e-20
4.14588850e+15 2.70129389e-20
3.94090164e+15 2.63855971e-20
3.74605003e+15 2.62836391e-20
3.56083255e+15 2.57896178e-20
3.38477286e+15 2.53173030e-20
3.21741815e+15 3.05651278e-20
3.05833803e+15 2.98958403e-20
2.90712338e+15 2.94001881e-20
2.76338529e+15 2.89803889e-20
2.62675410e+15 2.89607061e-20
2.49687843e+15 2.86385345e-20
2.37342425e+15 2.80488122e-20
2.25607407e+15 2.78338638e-20
2.14452608e+15 2.74773446e-20
2.03849340e+15 3.17324676e-20
1.93770334e+15 3.15675735e-20
1.84189668e+15 3.09420293e-20
1.75082703e+15 3.06107354e-20
1.66426018e+15 3.00095084e-20
1.58197348e+15 3.09444783e-20
1.50375532e+15 3.03941142e-20
1.42940453e+15 2.98320044e-20
1.35872990e+15 2.98922629e-20
1.29154967e+15 2.92860326e-20
1.22769105e+15 2.93983229e-20
1.16698982e+15 3.49224301e-20
1.10928986e+15 3.40821763e-20
1.05444279e+15 3.32934193e-20
1.00230755e+15 3.33256058e-20
9.52750047e+14 3.25213349e-20
9.05642838e+14 3.17358831e-20
8.60864770e+14 3.15726726e-20
8.18300682e+14 3.11319510e-20
7.77841107e+14 3.05021933e-20
7.39381992e+14 3.02674792e-20
7.02824426e+14 3.29518237e-20
6.68074392e+14 3.27406780e-20
6.35042517e+14 3.19609115e-20
6.03643851e+14 3.15854492e-20
5.73797641e+14 3.06934428e-20
5.45427131e+14 3.02887900e-20
5.18459354e+14 3.03905475e-20
4.92824957e+14 2.99664744e-20
4.68458012e+14 3.03755533e-20
4.45295851e+14 3.00832748e-20
4.23278907e+14 3.05198876e-20
4.02350555e+14 3.20655472e-20
3.82456972e+14 3.12799110e-20
3.63546996e+14 3.16514577e-20
3.45571994e+14 3.19887008e-20
3.28485737e+14 3.09108813e-20
3.12244282e+14 3.22667383e-20
2.96805861e+14 3.08052369e-20
2.82130768e+14 3.12504466e-20
2.68181261e+14 3.11144643e-20
2.54921465e+14 3.10938862e-20
2.42317279e+14 3.08801541e-20
2.30336287e+14 3.08015904e-20
2.18947676e+14 3.14145392e-20
2.08122157e+14 3.09435045e-20
1.97831888e+14 3.12206457e-20
1.88050406e+14 3.10329074e-20
1.78752553e+14 3.08103822e-20
1.69914417e+14 3.12746361e-20
1.61513269e+14 3.10703920e-20
1.53527503e+14 3.07854591e-20
1.45936580e+14 3.07356262e-20
1.38720978e+14 3.08890372e-20
1.31862140e+14 3.12520073e-20
1.25342427e+14 3.07718094e-20
1.19145070e+14 3.09509746e-20
1.13254132e+14 3.10801961e-20
1.07654461e+14 3.09823415e-20
1.02331658e+14 3.10778202e-20
9.72720319e+13 3.09029290e-20
9.24625712e+13 3.09692937e-20
8.78909065e+13 3.09322708e-20
8.35452806e+13 3.09994987e-20
7.94145172e+13 3.07680334e-20
7.54879928e+13 3.07780853e-20
7.17556092e+13 3.08366218e-20
6.82077673e+13 3.09108989e-20
6.48353429e+13 3.08308415e-20
6.16296626e+13 3.08986341e-20
5.85824820e+13 3.10090895e-20
5.56859644e+13 3.08220196e-20
5.29326606e+13 3.09111523e-20
5.03154895e+13 3.08716313e-20
4.78277202e+13 3.08797596e-20
4.54629547e+13 3.09171557e-20
4.32151113e+13 3.09176936e-20
4.10784089e+13 3.09020597e-20
3.90473524e+13 3.08753010e-20
3.71167182e+13 3.08258272e-20
3.52815412e+13 3.09118188e-20
3.35371015e+13 3.08453663e-20
3.18789129e+13 3.08626437e-20
3.03027108e+13 3.08511629e-20
2.88044415e+13 3.08055658e-20
2.73802518e+13 3.08987959e-20
2.60264788e+13 3.08668972e-20
2.47396410e+13 3.08565402e-20
2.35164288e+13 3.08303216e-20
2.23536965e+13 3.08874637e-20
2.12484535e+13 3.08541010e-20
2.01978576e+13 3.08715336e-20
1.91992067e+13 3.08695077e-20
1.82499324e+13 3.08462729e-20
1.73475936e+13 3.08334602e-20
1.64898694e+13 3.08003441e-20
1.56745541e+13 3.08524237e-20
1.48995507e+13 3.08629101e-20
1.41628662e+13 3.08632343e-20
1.34626058e+13 3.08583267e-20
1.27969687e+13 3.08698788e-20
1.21642429e+13 3.08653242e-20
1.15628013e+13 3.08514739e-20
1.09910970e+13 3.08524622e-20
1.04476597e+13 3.08696241e-20
9.93109181e+12 3.08445725e-20
9.44006479e+12 3.08736894e-20
8.97331581e+12 3.08577361e-20
8.52964450e+12 3.08583689e-20
8.10790981e+12 3.08559627e-20
7.70702711e+12 3.08618794e-20
7.32596543e+12 3.08464725e-20
6.96374473e+12 3.08533098e-20
6.61943346e+12 3.08612888e-20
6.29214611e+12 3.08593302e-20
5.98104096e+12 3.08681689e-20
5.68531791e+12 3.08733451e-20
5.40421642e+12 3.08771270e-20
5.13701354e+12 3.08755407e-20
4.88302209e+12 3.08790861e-20
4.64158883e+12 3.08770306e-20
4.41209286e+12 3.08980911e-20
4.19394396e+12 3.08834725e-20
3.98658107e+12 3.08985302e-20
3.78947092e+12 3.08886958e-20
3.60210656e+12 3.08940965e-20
3.42400614e+12 3.08929393e-20
3.25471161e+12 3.09023420e-20
3.09378757e+12 3.08987939e-20
2.94082017e+12 3.09073910e-20
2.79541600e+12 3.09098329e-20
2.65720111e+12 3.09172120e-20
2.52582003e+12 3.09179778e-20
2.40093488e+12 3.09234571e-20
2.28222447e+12 3.09306171e-20
2.16938352e+12 3.09353032e-20
2.06212180e+12 3.09474658e-20
1.96016347e+12 3.09491452e-20
1.86324631e+12 3.09555514e-20
1.77112106e+12 3.09585261e-20
1.68355080e+12 3.09668862e-20
1.60031031e+12 3.09766525e-20
1.52118552e+12 3.09852044e-20
1.44597292e+12 3.09905757e-20
1.37447909e+12 3.09972943e-20
1.30652016e+12 3.10043023e-20
1.24192135e+12 3.10191134e-20
1.18051653e+12 3.10293745e-20
1.12214777e+12 3.10411045e-20
1.06666496e+12 3.10498801e-20
1.01392541e+12 3.10634492e-20
9.63793480e+11 3.10748833e-20
9.16140246e+11 3.10861890e-20
8.70843150e+11 3.11025024e-20
8.27785697e+11 3.11156054e-20
7.86857151e+11 3.11296170e-20
7.47952252e+11 3.11450897e-20
7.10970943e+11 3.11639375e-20
6.75818117e+11 3.11805995e-20
6.42403366e+11 3.12000907e-20
6.10640754e+11 3.12172870e-20
5.80448594e+11 3.12389249e-20
5.51749238e+11 3.12614568e-20
5.24468875e+11 3.12832346e-20
4.98537346e+11 3.13070279e-20
4.73887961e+11 3.13320404e-20
4.50457325e+11 3.13596375e-20
4.28185180e+11 3.13863385e-20
4.07014245e+11 3.14163775e-20
3.86890074e+11 3.14468576e-20
3.67760910e+11 3.14796899e-20
3.49577557e+11 3.15132387e-20
3.32293252e+11 3.15481398e-20
3.15863541e+11 3.15862743e-20
3.00246171e+11 3.16257614e-20
2.85400977e+11 3.16682725e-20
2.71289780e+11 3.17113709e-20
2.57876289e+11 3.17583750e-20
2.45126006e+11 3.18071104e-20
2.33006141e+11 3.18581761e-20
2.21485523e+11 3.19111358e-20
2.10534524e+11 3.19684566e-20
2.00124980e+11 3.20273439e-20
1.90230119e+11 3.20905239e-20
1.80824493e+11 3.21563488e-20
1.71883914e+11 3.22254928e-20
1.63385388e+11 3.22984899e-20
1.55307057e+11 3.23749118e-20
1.47628147e+11 3.24558744e-20
1.40328908e+11 3.25409544e-20
1.33390569e+11 3.26300941e-20
1.26795285e+11 3.27237928e-20
1.20526094e+11 3.28223842e-20
1.14566873e+11 3.29268855e-20
1.08902296e+11 3.30362665e-20
1.03517796e+11 3.31512721e-20
9.83995230e+10 3.32723055e-20
9.35343152e+10 3.33998398e-20
8.89096599e+10 3.35336277e-20
8.45136633e+10 3.36746413e-20
8.03350198e+10 3.38231715e-20
7.63629826e+10 3.39791792e-20
7.25873365e+10 3.41432178e-20
6.89983712e+10 3.43160836e-20
6.55868566e+10 3.44975981e-20
6.23440189e+10 3.46888204e-20
5.92615181e+10 3.48898581e-20
5.63314267e+10 3.51013758e-20
5.35462090e+10 3.53239131e-20
5.08987019e+10 3.55579465e-20
4.83820966e+10 3.58041646e-20
4.59899209e+10 3.60632903e-20
4.37160225e+10 3.63359505e-20
4.15545533e+10 3.66225954e-20
3.94999546e+10 3.69242656e-20
3.75469422e+10 3.72415031e-20
3.56904935e+10 3.75754381e-20
3.39258338e+10 3.79266462e-20
3.22484250e+10 3.82961001e-20
3.06539530e+10 3.86848787e-20
2.91383170e+10 3.90938363e-20
2.76976194e+10 3.95239675e-20
2.63281547e+10 3.99799326e-20
2.50264010e+10 4.04560323e-20
2.37890104e+10 4.09568896e-20
2.26128007e+10 4.14838530e-20
2.14947467e+10 4.20382117e-20
2.04319732e+10 4.26214170e-20
1.94217468e+10 4.32349036e-20
1.84614695e+10 4.38802760e-20
1.75486715e+10 4.45592036e-20
1.66810054e+10 4.52735529e-20
1.58562396e+10 4.60250295e-20
1.50722531e+10 4.68155272e-20
1.43270295e+10 4.76472840e-20
1.36186524e+10 4.85222075e-20
1.29452998e+10 4.94426089e-20
1.23052400e+10 5.04108666e-20
1.16968270e+10 5.14296117e-20
1.11184960e+10 5.25011751e-20
1.05687597e+10 5.36286408e-20
1.00462042e+10 5.48243197e-20
9.54948564e+09 5.60721076e-20
9.07732653e+09 5.73847760e-20
8.62851257e+09 5.87656324e-20
8.20188950e+09 6.02183730e-20
7.79636013e+09 6.17467313e-20
7.41088152e+09 6.33545166e-20
7.04446228e+09 6.50732914e-20
6.69616005e+09 6.68527362e-20
6.36507908e+09 6.87246550e-20
6.05036788e+09 7.06939525e-20
5.75121707e+09 7.27656849e-20
5.46685730e+09 7.49453471e-20
5.19655724e+09 7.72381503e-20
4.93962174e+09 7.96502968e-20
4.69539001e+09 8.21878438e-20
4.46323393e+09 8.48574751e-20
4.24255643e+09 8.76658977e-20
4.03278998e+09 9.06204393e-20
3.83339510e+09 9.37287068e-20
3.64385898e+09 9.69986466e-20
3.46369418e+09 1.00438596e-19
3.29243733e+09 1.04057651e-19
3.12964801e+09 1.07864737e-19
2.97490755e+09 1.11869933e-19
2.82781798e+09 1.16083454e-19
2.68800102e+09 1.20516131e-19
2.55509709e+09 1.25179330e-19
2.42876438e+09 1.30085299e-19
2.30867799e+09 1.35246239e-19
2.19452909e+09 1.40675715e-19
2.08602409e+09 1.46387550e-19
1.98288395e+09 1.52396519e-19
1.88484341e+09 1.58718096e-19
1.79165033e+09 1.65368443e-19
1.70306503e+09 1.72364694e-19
1.61885969e+09 1.79724912e-19
1.53881775e+09 1.87467840e-19
1.46273336e+09 1.95613666e-19
1.39041083e+09 2.04183137e-19
1.32166418e+09 2.13198328e-19
1.25631660e+09 2.22682549e-19
1.19420003e+09 2.32659941e-19
1.13515471e+09 2.43156383e-19
1.07902879e+09 2.54198893e-19
1.02567793e+09 2.65815596e-19
9.74964918e+08 2.78036663e-19
9.26759330e+08 2.90893366e-19
8.80937190e+08 3.04500653e-19
8.37380654e+08 3.18729707e-19
7.95977700e+08 3.33698881e-19
7.56621850e+08 3.49446795e-19
7.19211887e+08 3.66013735e-19
6.83651600e+08 3.83442479e-19
6.49849535e+08 4.01777810e-19
6.17718760e+08 4.21066775e-19
5.87176639e+08 4.41359157e-19
5.58144625e+08 4.62706860e-19
5.30548053e+08 4.85165157e-19
5.04315949e+08 5.08791511e-19
4.79380850e+08 5.33646907e-19
4.55678627e+08 5.59795002e-19
4.33148322e+08 5.87303340e-19
4.11731993e+08 6.16242512e-19
3.91374560e+08 6.46686922e-19
3.72023668e+08 6.78714941e-19
3.53629550e+08 7.12408855e-19
3.36144900e+08 7.47855451e-19
3.19524751e+08 7.85145682e-19
3.03726358e+08 8.24375721e-19
2.88709092e+08 8.65646136e-19
2.74434330e+08 9.09063393e-19
2.60865362e+08 9.54738967e-19
2.47967289e+08 1.00279036e-18
2.35706941e+08 1.05334115e-18
2.24052787e+08 1.10652132e-18
2.12974854e+08 1.16246779e-18
2.02444651e+08 1.22132413e-18
1.92435098e+08 1.28324201e-18
1.82920450e+08 1.34838069e-18
1.73876240e+08 1.41690735e-18
1.65279206e+08 1.48899857e-18
1.57107239e+08 1.56483954e-18
1.49339322e+08 1.64462547e-18
1.41955477e+08 1.72856150e-18
1.34936714e+08 1.81686340e-18
1.28264983e+08 1.90975838e-18
1.21923125e+08 2.00748529e-18
1.15894830e+08 2.11029552e-18
1.10164595e+08 2.21845343e-18
1.04717682e+08 2.33223724e-18
9.95400829e+07 2.45193944e-18
9.46184819e+07 2.57786807e-18
8.99402217e+07 2.71034690e-18
8.54932707e+07 2.84971662e-18
8.12661920e+07 2.99633565e-18
7.72481145e+07 3.15058117e-18
7.34287045e+07 3.31284973e-18
6.97981391e+07 3.48355882e-18
6.63470812e+07 3.66314725e-18
6.30666554e+07 3.85207709e-18
5.99484250e+07 4.05083419e-18
5.69843706e+07 4.25992964e-18
5.41668691e+07 4.47990123e-18
5.14886745e+07 4.71131473e-18
4.89428990e+07 4.95476521e-18
4.65229952e+07 5.21087880e-18
4.42227398e+07 5.48031428e-18
4.20362168e+07 5.76376443e-18
3.99578030e+07 6.06195830e-18
3.79821531e+07 6.37566289e-18
3.61041860e+07 6.70568474e-18
3.43190720e+07 7.05287284e-18
3.26222201e+07 7.41812002e-18
3.10092664e+07 7.80236557e-18
2.94760626e+07 8.20659779e-18
2.80186656e+07 8.63185620e-18
2.66333273e+07 9.07923446e-18
2.53164848e+07 9.54988334e-18
2.40647515e+07 1.00450130e-17
2.28749082e+07 1.05658970e-17
2.17438948e+07 1.11138748e-17
2.06688025e+07 1.16903559e-17
1.96468665e+07 1.22968228e-17
1.86754584e+07 1.29348352e-17
1.77520801e+07 1.36060338e-17
1.68743568e+07 1.43121451e-17
1.60400311e+07 1.50549849e-17
1.52469573e+07 1.58364637e-17
1.44930957e+07 1.66585912e-17
1.37765077e+07 1.75234819e-17
1.30953502e+07 1.84333601e-17
1.24478715e+07 1.93905658e-17
1.18324063e+07 2.03975608e-17
1.12473718e+07 2.14569348e-17
1.06912634e+07 2.25714123e-17
1.01626509e+07 2.37438597e-17
9.66017480e+06 2.49772923e-17
9.18254284e+06 2.62748820e-17
8.72852662e+06 2.76399663e-17
8.29695852e+06 2.90760556e-17
7.88672862e+06 3.05868434e-17
7.49678187e+06 3.21762152e-17
7.12611543e+06 3.38482585e-17
6.77377600e+06 3.56072736e-17
6.43885743e+06 3.74577842e-17
6.12049837e+06 3.94045495e-17
5.81788007e+06 4.14525762e-17
5.53022426e+06 4.36071315e-17
5.25679112e+06 4.58737566e-17
4.99687745e+06 4.82582806e-17
4.74981480e+06 5.07668361e-17
4.51496777e+06 5.34058747e-17
4.29173238e+06 5.61821835e-17
4.07953450e+06 5.91029026e-17
3.87782841e+06 6.21755436e-17
3.68609536e+06 6.54080087e-17
3.50384225e+06 6.88086112e-17
3.33060034e+06 7.23860969e-17
3.16592411e+06 7.61496662e-17
3.00939003e+06 8.01089984e-17
2.86059554e+06 8.42742763e-17
2.71915794e+06 8.86562119e-17
2.58471351e+06 9.32660750e-17
2.45691646e+06 9.81157212e-17
2.33543814e+06 1.03217623e-16
2.21996612e+06 1.08584901e-16
2.11020343e+06 1.14231359e-16
2.00586778e+06 1.20171520e-16
1.90669084e+06 1.26420659e-16
1.81241755e+06 1.32994848e-16
1.72280545e+06 1.39910996e-16
1.63762407e+06 1.47186888e-16
1.55665436e+06 1.54841238e-16
1.47968806e+06 1.62893731e-16
1.40652724e+06 1.71365076e-16
1.33698374e+06 1.80277060e-16
1.27087871e+06 1.89652603e-16
1.20804213e+06 1.99515817e-16
1.14831241e+06 2.09892068e-16
1.09153594e+06 2.20808043e-16
1.03756668e+06 2.32291815e-16
9.86265846e+05 2.44372918e-16
9.37501502e+05 2.57082423e-16
8.91148232e+05 2.70453015e-16
8.47086827e+05 2.84519083e-16
8.05203967e+05 2.99316800e-16
7.65391939e+05 3.14884225e-16
7.27548353e+05 3.31261393e-16
6.91575883e+05 3.48490423e-16
6.57382014e+05 3.66615626e-16
6.24878807e+05 3.85683617e-16
5.93982669e+05 4.05743434e-16
5.64614142e+05 4.26846667e-16
5.36697695e+05 4.49047592e-16
5.10161531e+05 4.72403303e-16
4.84937407e+05 4.96973868e-16
4.60960449e+05 5.22822477e-16
4.38168993e+05 5.50015609e-16
4.16504425e+05 5.78623200e-16
3.95911027e+05 6.08718823e-16
3.76335836e+05 6.40379879e-16
3.57728510e+05 6.73687793e-16
3.40041193e+05 7.08728229e-16
3.23228398e+05 7.45591304e-16
3.07246884e+05 7.84371822e-16
2.92055551e+05 8.25169522e-16
2.77615329e+05 8.68089327e-16
2.63889081e+05 9.13241620e-16
2.50841506e+05 9.60742523e-16
2.38439047e+05 1.01071420e-15
2.26649808e+05 1.06328518e-15
2.15443469e+05 1.11859065e-15
2.04791210e+05 1.17677285e-15
1.94665634e+05 1.23798142e-15
1.85040702e+05 1.30237378e-15
1.75891659e+05 1.37011553e-15
1.67194976e+05 1.44138090e-15
1.58928287e+05 1.51635316e-15
1.51070330e+05 1.59522513e-15
1.43600898e+05 1.67819966e-15
1.36500781e+05 1.76549015e-15
1.29751717e+05 1.85732108e-15
1.23336350e+05 1.95392865e-15
1.17238180e+05 2.05556130e-15
1.11441525e+05 2.16248042e-15
1.05931476e+05 2.27496099e-15
1.00693863e+05 2.39329229e-15
9.57152154e+04 2.51777866e-15
9.09827289e+04 2.64874025e-15
8.64842328e+04 2.78651387e-15
8.22081576e+04 2.93145387e-15
7.81435061e+04 3.08393300e-15
7.42798248e+04 3.24434343e-15
7.06071771e+04 3.41309771e-15
6.71161177e+04 3.59062984e-15
6.37976681e+04 3.77739642e-15
6.06432940e+04 3.97387779e-15
5.76448828e+04 4.18057928e-15
5.47947234e+04 4.39803250e-15
5.20854855e+04 4.62679671e-15
4.95102016e+04 4.86746026e-15
4.70622485e+04 5.12064213e-15
4.47353305e+04 5.38699346e-15
4.25234633e+04 5.66719929e-15
4.04209584e+04 5.96198028e-15
3.84224085e+04 6.27209458e-15
3.65226736e+04 6.59833977e-15
3.47168682e+04 6.94155495e-15
3.30003479e+04 7.30262282e-15
3.13686982e+04 7.68247203e-15
2.98177229e+04 8.08207954e-15
2.83434331e+04 8.50247312e-15
2.69420371e+04 8.94473398e-15
2.56099310e+04 9.40999963e-15
2.43436887e+04 9.89946669e-15
2.31400538e+04 1.04143941e-14
2.19959307e+04 1.09561062e-14
2.09083769e+04 1.15259963e-14
1.98745955e+04 1.21255301e-14
1.88919278e+04 1.27562497e-14
1.79578465e+04 1.34197773e-14
1.70699493e+04 1.41178195e-14
1.62259529e+04 1.48521718e-14
1.54236865e+04 1.56247228e-14
1.46610868e+04 1.64374597e-14
1.39361927e+04 1.72924729e-14
1.32471399e+04 1.81919617e-14
1.25921561e+04 1.91382395e-14
1.19695570e+04 2.01337403e-14
1.13777413e+04 2.11810248e-14
1.08151870e+04 2.22827866e-14
1.02804473e+04 2.34418599e-14
9.77214697e+03 2.46612259e-14
9.28897872e+03 2.59440211e-14
8.82969996e+03 2.72935453e-14
8.39312950e+03 2.87132697e-14
7.97814457e+03 3.02068463e-14
7.58367791e+03 3.17781172e-14
7.20871503e+03 3.34311241e-14
6.85229160e+03 3.51701192e-14
6.51349095e+03 3.69995759e-14
6.19144176e+03 3.89242005e-14
5.88531578e+03 4.09489440e-14
5.59432571e+03 4.30790150e-14
5.31772318e+03 4.53198933e-14
5.05479682e+03 4.76773438e-14
4.80487044e+03 5.01574312e-14
4.56730127e+03 5.27665360e-14
4.34147833e+03 5.55113708e-14
4.12682085e+03 5.83989973e-14
3.92277676e+03 6.14368449e-14
3.72882131e+03 6.46327296e-14
3.54445567e+03 6.79948742e-14
3.36920571e+03 7.15319293e-14
3.20262069e+03 7.52529960e-14
3.04427221e+03 7.91676490e-14
2.89375302e+03 8.32859614e-14
2.75067601e+03 8.76185307e-14
2.61467321e+03 9.21765060e-14
2.48539486e+03 9.69716168e-14
2.36250847e+03 1.02016203e-13
2.24569800e+03 1.07323248e-13
2.13466303e+03 1.12906410e-13
2.02911802e+03 1.18780059e-13
1.92879151e+03 1.24959312e-13
1.83342548e+03 1.31460076e-13
1.74277468e+03 1.38299083e-13
1.65660596e+03 1.45493940e-13
1.57469771e+03 1.53063167e-13
1.49683929e+03 1.61026253e-13
1.42283046e+03 1.69403698e-13
1.35248087e+03 1.78217074e-13
1.28560961e+03 1.87489073e-13
1.22204469e+03 1.97243574e-13
1.16162263e+03 2.07505695e-13
1.10418805e+03 2.18301868e-13
1.04959323e+03 2.29659899e-13
9.97697764e+02 2.41609045e-13
9.48368187e+02 2.54180090e-13
9.01477631e+02 2.67405419e-13
8.56905505e+02 2.81319109e-13
8.14537177e+02 2.95957014e-13
7.74263683e+02 3.11356857e-13
7.35981448e+02 3.27558329e-13
6.99592017e+02 3.44603194e-13
6.65001803e+02 3.62535394e-13
6.32121848e+02 3.81401165e-13
6.00867589e+02 4.01249156e-13
5.71158648e+02 4.22130558e-13
5.42918618e+02 4.44099235e-13
5.16074871e+02 4.67211866e-13
4.90558371e+02 4.91528091e-13
4.66303493e+02 5.17110667e-13
4.43247859e+02 5.44025633e-13
4.21332174e+02 5.72342483e-13
4.00500076e+02 6.02134345e-13
3.80697987e+02 6.33478176e-13
3.61874981e+02 6.66454960e-13
3.43982649e+02 7.01149925e-13
3.26974974e+02 7.37652764e-13
3.10808217e+02 7.76057871e-13
2.95440800e+02 8.16464592e-13
2.80833200e+02 8.58977485e-13
2.66947849e+02 9.03706597e-13
2.53749038e+02 9.50767758e-13
2.41202821e+02 1.00028288e-12
2.29276931e+02 1.05238031e-12
2.17940698e+02 1.10719510e-12
2.07164968e+02 1.16486948e-12
1.96922026e+02 1.22555313e-12
1.87185529e+02 1.28940364e-12
1.77930439e+02 1.35658693e-12
1.69132952e+02 1.42727769e-12
1.60770442e+02 1.50165984e-12
1.52821404e+02 1.57992705e-12
1.45265393e+02 1.66228328e-12
1.38082977e+02 1.74894328e-12
1.31255684e+02 1.84013326e-12
1.24765955e+02 1.93609146e-12
1.18597101e+02 2.03706883e-12
1.12733256e+02 2.14332972e-12
1.07159340e+02 2.25515264e-12
1.01861017e+02 2.37283104e-12
9.68246612e+01 2.49667413e-12
9.20373200e+01 2.62700779e-12
8.74866812e+01 2.76417549e-12
8.31610415e+01 2.90853929e-12
7.90492762e+01 3.06048090e-12
7.51408106e+01 3.22040283e-12
7.14255929e+01 3.38872956e-12
6.78940681e+01 3.56590884e-12
6.45371540e+01 3.75241306e-12
6.13462172e+01 3.94874069e-12
5.83130511e+01 4.15541784e-12
5.54298552e+01 4.37299994e-12
5.26892142e+01 4.60207349e-12
5.00840799e+01 4.84325801e-12
4.76077523e+01 5.09720807e-12
4.52538628e+01 5.36461546e-12
4.30163576e+01 5.64621162e-12
4.08894823e+01 5.94277012e-12
3.88677669e+01 6.25510944e-12
3.69460121e+01 6.58409594e-12
3.51192753e+01 6.93064704e-12
3.33828586e+01 7.29573470e-12
3.17322963e+01 7.68038914e-12
3.01633435e+01 8.08570299e-12
2.86719650e+01 8.49711067e-12
2.72543253e+01 8.94476726e-12
2.59067786e+01 9.41637876e-12
2.46258592e+01 9.91327198e-12
2.34082728e+01 1.04368527e-11
2.22508880e+01 1.09886107e-11
2.11507282e+01 1.15701260e-11
2.01049642e+01 1.21830745e-11
1.91109062e+01 1.28292351e-11
1.81659979e+01 1.35104964e-11
1.72678090e+01 1.42288650e-11
1.64140297e+01 1.49864738e-11
1.56024641e+01 1.57855906e-11
1.48310251e+01 1.66285947e-11
1.40977287e+01 1.75176418e-11
1.34006890e+01 1.84555054e-11
1.27381132e+01 1.94456690e-11
1.21082975e+01 2.04914703e-11
1.15096220e+01 2.15955545e-11
1.09405471e+01 2.27618090e-11
1.03996091e+01 2.39939231e-11
9.88541702e+00 2.52958456e-11
9.39664831e+00 2.66719043e-11
8.93204600e+00 2.81266696e-11
8.49041520e+00 2.96650526e-11
8.07062014e+00 3.12922891e-11
7.67158118e+00 3.30139761e-11
7.29227206e+00 3.48360954e-11
6.93171728e+00 3.67650311e-11
6.58898955e+00 3.88075979e-11
6.26320745e+00 4.09710610e-11
5.95353313e+00 4.32631572e-11
5.65917016e+00 4.56921096e-11
5.37936150e+00 4.82666365e-11
5.11338754e+00 5.09959466e-11
4.86056423e+00 5.38897172e-11
4.62024137e+00 5.69580443e-11
4.39180089e+00 6.02113547e-11
4.17465529e+00 6.36602654e-11
3.96824610e+00 6.73153729e-11
3.77204249e+00 7.11869549e-11
3.58553986e+00 7.52845633e-11
3.40825855e+00 7.96164914e-11
3.23974263e+00 8.41891015e-11
3.07955871e+00 8.90060071e-11
2.92729484e+00 9.40671160e-11
2.78255940e+00 9.93675577e-11
2.64498018e+00 1.04896540e-10
2.51420335e+00 1.10636205e-10
2.38989257e+00 1.16560572e-10
2.27172813e+00 1.22634691e-10
2.15940615e+00 1.28814127e-10
2.05263775e+00 1.35044909e-10
1.95114835e+00 1.41264032e-10
1.85467692e+00 1.47400621e-10
1.76297538e+00 1.53377713e-10
1.67580786e+00 1.59114625e-10
1.59295021e+00 1.64529734e-10
1.51418933e+00 1.69112299e-10
1.43932264e+00 1.73589731e-10
1.36815763e+00 1.77519327e-10
1.30051125e+00 1.80844103e-10
1.23620954e+00 1.83518582e-10
1.17508713e+00 1.85509657e-10
1.11698682e+00 1.86796796e-10
1.06175918e+00 1.87371700e-10
1.00926219e+00 1.87237567e-10
9.59360829e-01 1.86408106e-10
9.11926760e-01 1.84906458e-10
8.66837993e-01 1.82764102e-10
8.23978568e-01 1.80019805e-10
7.83238260e-01 1.76718622e-10
7.44512291e-01 1.72910906e-10
7.07701066e-01 1.68651313e-10
6.72709914e-01 1.63997736e-10
6.39448843e-01 1.59010175e-10
6.07832313e-01 1.53749532e-10
5.77779012e-01 1.48276366e-10
5.49211648e-01 1.42649658e-10
5.22056753e-01 1.36925633e-10
4.96244488e-01 1.32837136e-10
4.71708469e-01 1.26989845e-10
4.48385595e-01 1.21167414e-10
4.26215883e-01 1.15408328e-10
4.05142317e-01 1.09745802e-10
3.85110700e-01 1.04207755e-10
3.66069515e-01 9.88169601e-11
3.47969790e-01 9.35913375e-11
3.30764978e-01 8.85443489e-11
3.14410830e-01 8.36854595e-11
2.98865287e-01 7.90206379e-11
2.84088369e-01 7.45528633e-11
2.70042072e-01 7.02826183e-11
2.56690272e-01 6.62083520e-11
2.43998630e-01 6.23269006e-11
2.31934506e-01 5.86338615e-11
2.20466874e-01 5.51239166e-11
2.09566240e-01 5.17911061e-11
1.99204571e-01 4.86290544e-11
1.89355218e-01 4.56311534e-11
1.79992851e-01 4.27907069e-11
1.71093391e-01 4.01010415e-11
1.62633950e-01 3.75555883e-11
1.54592774e-01 3.51479413e-11
1.46949180e-01 3.28718959e-11
1.39683512e-01 3.07214722e-11
1.32777083e-01 2.86950449e-11
1.26212131e-01 2.67785967e-11
1.19971774e-01 2.49710801e-11
1.14039960e-01 2.32674673e-11
1.08401436e-01 2.16629519e-11
1.03041699e-01 2.01529340e-11
9.79469667e-02 1.87325137e-11
9.31041349e-02 1.73992734e-11
8.85007491e-02 1.61477759e-11
8.41249705e-02 1.49740575e-11
7.99655453e-02 1.38742954e-11
7.60117762e-02 1.28447993e-11
7.22534949e-02 1.18820054e-11
6.86810359e-02 1.09824711e-11
6.52852114e-02 1.01428707e-11
6.20572881e-02 9.35999273e-12
5.89889643e-02 8.63073742e-12
5.60723488e-02 7.95211543e-12
5.32999408e-02 7.32124647e-12
5.06646101e-02 6.73535847e-12
4.81595791e-02 6.19178689e-12
4.57784054e-02 5.68797408e-12
4.35149650e-02 5.22146865e-12
4.13634368e-02 4.78992473e-12
3.93182876e-02 4.39110123e-12
3.73742574e-02 4.03661905e-12
3.55263468e-02 3.69511622e-12
3.37698031e-02 3.38027721e-12
3.21001090e-02 3.09030764e-12
3.05129702e-02 2.82350079e-12
2.90043049e-02 2.57823606e-12
2.75702333e-02 2.35297757e-12
2.62070670e-02 2.14627265e-12
2.49113003e-02 1.95675026e-12
2.36796007e-02 1.78311919e-12
2.25088005e-02 1.62352750e-12
2.13958887e-02 1.47862938e-12
2.03380031e-02 1.34609375e-12
1.93324229e-02 1.22494185e-12
1.83765620e-02 1.11426262e-12
1.74679622e-02 1.01320924e-12
1.66042866e-02 9.20995676e-13
1.57833141e-02 8.36893293e-13
1.50029332e-02 7.60227546e-13
1.42611371e-02 6.90374733e-13
1.35560179e-02 6.26758858e-13
1.28857621e-02 5.68915811e-13
1.22486461e-02 5.16223295e-13
1.16430313e-02 4.68293924e-13
1.10673602e-02 4.24713625e-13
1.05201522e-02 3.85102062e-13
1.00000000e-02 3.49110198e-13
