1.00000000e+20 0.00000000e+00
9.50556592e+19 0.00000000e+00
9.03557835e+19 0.00000000e+00
8.58882856e+19 0.00000000e+00
8.16416760e+19 0.00000000e+00
7.76050334e+19 0.00000000e+00
7.37679760e+19 0.00000000e+00
7.01206359e+19 0.00000000e+00
6.66536327e+19 0.00000000e+00
6.33580499e+19 0.00000000e+00
6.02254120e+19 0.00000000e+00
5.72476624e+19 0.00000000e+00
5.44171429e+19 0.00000000e+00
5.17265739e+19 0.00000000e+00
4.91690358e+19 0.00000000e+00
4.67379511e+19 0.00000000e+00
4.44270675e+19 0.00000000e+00
4.22304419e+19 0.00000000e+00
4.01424249e+19 0.00000000e+00
3.81576466e+19 0.00000000e+00
3.62710025e+19 0.00000000e+00
3.44776405e+19 0.00000000e+00
3.27729485e+19 0.00000000e+00
3.11525422e+19 0.00000000e+00
2.96122544e+19 0.00000000e+00
2.81481236e+19 0.00000000e+00
2.67563844e+19 0.00000000e+00
2.54334576e+19 0.00000000e+00
2.41759408e+19 0.00000000e+00
2.29805999e+19 0.00000000e+00
2.18443607e+19 0.00000000e+00
2.07643011e+19 0.00000000e+00
1.97376433e+19 0.00000000e+00
1.87617469e+19 0.00000000e+00
1.78341022e+19 0.00000000e+00
1.69523234e+19 0.00000000e+00
1.61141428e+19 0.00000000e+00
1.53174046e+19 0.00000000e+00
1.45600600e+19 0.00000000e+00
1.38401610e+19 0.00000000e+00
1.31558562e+19 0.00000000e+00
1.25053859e+19 0.00000000e+00
1.18870770e+19 0.00000000e+00
1.12993394e+19 0.00000000e+00
1.07406615e+19 0.00000000e+00
1.02096066e+19 0.00000000e+00
9.70480888e+18 0.00000000e+00
9.22497005e+18 0.00000000e+00
8.76885609e+18 0.00000000e+00
8.33529397e+18 0.00000000e+00
7.92316862e+18 0.00000000e+00
7.53142017e+18 0.00000000e+00
7.15904109e+18 0.00000000e+00
6.80507370e+18 0.00000000e+00
6.46860766e+18 0.00000000e+00
6.14877765e+18 0.00000000e+00
5.84476113e+18 0.00000000e+00
5.55577622e+18 0.00000000e+00
5.28107971e+18 0.00000000e+00
5.01996513e+18 0.00000000e+00
4.77176095e+18 0.00000000e+00
4.53582883e+18 0.00000000e+00
4.31156199e+18 0.00000000e+00
4.09838367e+18 0.00000000e+00
3.89574562e+18 0.00000000e+00
3.70312668e+18 0.00000000e+00
3.52003147e+18 0.00000000e+00
3.34598912e+18 0.00000000e+00
3.18055202e+18 0.00000000e+00
3.02329468e+18 0.00000000e+00
2.87381269e+18 0.00000000e+00
2.73172160e+18 0.00000000e+00
2.59665597e+18 0.00000000e+00
2.46826845e+18 0.00000000e+00
2.34622885e+18 0.00000000e+00
2.23022330e+18 0.00000000e+00
2.11995346e+18 0.00000000e+00
2.01513573e+18 0.00000000e+00
1.91550056e+18 0.00000000e+00
1.82079168e+18 0.00000000e+00
1.73076553e+18 0.00000000e+00
1.64519059e+18 0.00000000e+00
1.56384676e+18 0.00000000e+00
1.48652484e+18 0.00000000e+00
1.41302599e+18 0.00000000e+00
1.34316117e+18 0.00000000e+00
1.27675070e+18 0.00000000e+00
1.21362380e+18 0.00000000e+00
1.15361810e+18 0.00000000e+00
1.09657929e+18 0.00000000e+00
1.04236067e+18 0.00000000e+00
9.90822810e+17 0.00000000e+00
9.41833153e+17 0.00000000e+00
8.95265713e+17 0.00000000e+00
8.51000725e+17 0.00000000e+00
8.08924349e+17 0.00000000e+00
7.68928372e+17 0.00000000e+00
7.30909933e+17 0.00000000e+00
6.94771255e+17 0.00000000e+00
6.60419396e+17 0.00000000e+00
6.27766011e+17 0.00000000e+00
5.96727120e+17 0.00000000e+00
5.67222897e+17 0.00000000e+00
5.39177464e+17 0.00000000e+00
5.12518693e+17 8.81169544e-48
4.87178022e+17 9.62079295e-46
4.63090280e+17 4.13849043e-44
4.40193519e+17 1.35166595e-42
4.18428851e+17 3.81395496e-41
3.97740302e+17 8.44997249e-40
3.78074666e+17 1.68330721e-38
3.59381366e+17 3.27724859e-37
3.41612327e+17 4.81080769e-36
3.24721849e+17 6.81640197e-35
3.08666494e+17 8.09618433e-34
2.93404971e+17 8.06108642e-33
2.78898029e+17 7.74703207e-32
2.65108360e+17 5.61357771e-31
2.52000499e+17 3.97541171e-30
2.39540736e+17 3.01616021e-29
2.27697026e+17 1.86593000e-28
2.16438909e+17 9.17073849e-28
2.05737431e+17 5.12159220e-27
1.95565072e+17 2.56646131e-26
1.85895668e+17 9.70788600e-26
1.76704353e+17 4.20316897e-25
1.67967487e+17 1.46068937e-24
1.59662602e+17 5.54556412e-24
1.51768339e+17 1.69150019e-23
1.44264395e+17 5.63644423e-23
1.37131472e+17 1.95878258e-22
1.30351224e+17 4.61520985e-22
1.23906216e+17 1.35243851e-21
1.17779870e+17 3.62501839e-21
1.11956432e+17 7.36923776e-21
1.06420924e+17 1.97099068e-20
1.01159111e+17 4.09273274e-20
9.61574600e+16 8.32004626e-20
9.14031075e+16 1.72394684e-19
8.68838264e+16 3.64073358e-19
8.25879939e+16 6.64203206e-19
7.85045620e+16 1.24329505e-18
7.46230289e+16 1.89764964e-18
7.09334120e+16 4.00756948e-18
6.74262224e+16 6.12888009e-18
6.40924402e+16 1.00811497e-17
6.09234915e+16 1.64727677e-17
5.79112265e+16 2.62882123e-17
5.50478981e+16 3.33019041e-17
5.23261424e+16 5.32204891e-17
4.97389596e+16 7.65003253e-17
4.72796959e+16 1.20180758e-16
4.49420266e+16 1.72360122e-16
4.27199397e+16 2.13092170e-16
4.06077203e+16 2.68176356e-16
3.85999362e+16 4.38754618e-16
3.66914238e+16 5.42923507e-16
3.48772747e+16 6.54201847e-16
3.31528234e+16 8.67833074e-16
3.15136348e+16 1.04914313e-15
2.99554933e+16 1.38863086e-15
2.84743917e+16 1.67141585e-15
2.70665207e+16 2.06645727e-15
2.57282597e+16 2.60074226e-15
2.44561668e+16 2.53563253e-15
2.32469706e+16 3.21230761e-15
2.20975611e+16 4.04500748e-15
2.10049824e+16 3.94443130e-15
1.99664245e+16 4.88171582e-15
1.89792164e+16 5.88299754e-15
1.80408193e+16 6.84380747e-15
1.71488197e+16 7.61221607e-15
1.63009236e+16 8.03584965e-15
1.54949504e+16 8.97773336e-15
1.47288272e+16 9.97762742e-15
1.40005838e+16 1.16006726e-14
1.33083472e+16 1.13207946e-14
1.26503372e+16 1.36291439e-14
1.20248614e+16 1.33031974e-14
1.14303113e+16 1.30033764e-14
1.08651577e+16 1.60740334e-14
1.03279473e+16 1.57106579e-14
9.81729841e+15 1.53463678e-14
9.33189772e+15 1.93060611e-14
8.87049689e+15 1.88841387e-14
8.43190929e+15 1.84897182e-14
8.01500696e+15 2.34326113e-14
7.61871770e+15 2.28555742e-14
7.24202233e+15 2.24134810e-14
6.88395207e+15 2.20040201e-14
6.54358602e+15 2.14783932e-14
6.22004883e+15 2.70244251e-14
5.91250841e+15 2.65174404e-14
5.62017385e+15 2.60113576e-14
5.34229330e+15 2.55504850e-14
5.07815211e+15 2.50792883e-14
4.82707097e+15 2.46922764e-14
4.58840413e+15 3.03911014e-14
4.36153779e+15 2.97386964e-14
4.14588850e+15 2.94490891e-14
3.94090164e+15 2.87651699e-14
3.74605003e+15 2.86540125e-14
3.56083255e+15 2.81154360e-14
3.38477286e+15 2.76005235e-14
3.21741815e+15 3.33216186e-14
3.05833803e+15 3.25919707e-14
2.90712338e+15 3.20516149e-14
2.76338529e+15 3.15939521e-14
2.62675410e+15 3.15724889e-14
2.49687843e+15 3.12212571e-14
2.37342425e+15 3.05783493e-14
2.25607407e+15 3.03440096e-14
2.14452608e+15 2.99553321e-14
2.03849340e+15 3.45941984e-14
1.93770334e+15 3.44144256e-14
1.84189668e+15 3.37324636e-14
1.75082703e+15 3.33712846e-14
1.66426018e+15 3.27158327e-14
1.58197348e+15 3.37351044e-14
1.50375532e+15 3.31351016e-14
1.42940453e+15 3.25222933e-14
1.35872990e+15 3.25879712e-14
1.29154967e+15 3.19270650e-14
1.22769105e+15 3.20494684e-14
1.16698982e+15 3.80717302e-14
1.10928986e+15 3.71556999e-14
1.05444279e+15 3.62958077e-14
1.00230755e+15 3.63308734e-14
9.52750047e+14 3.54540716e-14
9.05642838e+14 3.45977860e-14
8.60864770e+14 3.44198156e-14
8.18300682e+14 3.39393345e-14
7.77841107e+14 3.32527780e-14
7.39381992e+14 3.29968775e-14
7.02824426e+14 3.59232897e-14
6.68074392e+14 3.56930785e-14
6.35042517e+14 3.48429911e-14
6.03643851e+14 3.44336147e-14
5.73797641e+14 3.34611470e-14
5.45427131e+14 3.30199828e-14
5.18459354e+14 3.31308842e-14
4.92824957e+14 3.26685505e-14
4.68458012e+14 3.31144880e-14
4.45295851e+14 3.27958231e-14
4.23278907e+14 3.32717609e-14
4.02350555e+14 3.49567938e-14
3.82456972e+14 3.41002697e-14
3.63546996e+14 3.45052866e-14
3.45571994e+14 3.48728957e-14
3.28485737e+14 3.36978677e-14
3.12244282e+14 3.51759408e-14
2.96805861e+14 3.35825952e-14
2.82130768e+14 3.40679111e-14
2.68181261e+14 3.39196199e-14
2.54921465e+14 3.38971285e-14
2.42317279e+14 3.36640727e-14
2.30336287e+14 3.35783697e-14
2.18947676e+14 3.42465334e-14
2.08122157e+14 3.37329590e-14
1.97831888e+14 3.40350291e-14
1.88050406e+14 3.38302858e-14
1.78752553e+14 3.35876219e-14
1.69914417e+14 3.40936641e-14
1.61513269e+14 3.38709289e-14
1.53527503e+14 3.35602241e-14
1.45936580e+14 3.35058007e-14
1.38720978e+14 3.36729463e-14
1.31862140e+14 3.40685264e-14
1.25342427e+14 3.35449493e-14
1.19145070e+14 3.37401476e-14
1.13254132e+14 3.38809332e-14
1.07654461e+14 3.37741156e-14
1.02331658e+14 3.38780829e-14
9.72720319e+13 3.36872819e-14
9.24625712e+13 3.37594887e-14
8.78909065e+13 3.37189901e-14
8.35452806e+13 3.37921068e-14
7.94145172e+13 3.35396184e-14
7.54879928e+13 3.35504045e-14
7.17556092e+13 3.36140371e-14
6.82077673e+13 3.36948240e-14
6.48353429e+13 3.36073534e-14
6.16296626e+13 3.36810412e-14
5.85824820e+13 3.38012283e-14
5.56859644e+13 3.35970711e-14
5.29326606e+13 3.36939854e-14
5.03154895e+13 3.36506565e-14
4.78277202e+13 3.36592321e-14
4.54629547e+13 3.36997170e-14
4.32151113e+13 3.37000087e-14
4.10784089e+13 3.36826322e-14
3.90473524e+13 3.36531346e-14
3.71167182e+13 3.35988685e-14
3.52815412e+13 3.36922239e-14
3.35371015e+13 3.36193862e-14
3.18789129e+13 3.36378235e-14
3.03027108e+13 3.36248822e-14
2.88044415e+13 3.35747268e-14
2.73802518e+13 3.36758769e-14
2.60264788e+13 3.36406129e-14
2.47396410e+13 3.36287912e-14
2.35164288e+13 3.35996628e-14
2.23536965e+13 3.36613622e-14
2.12484535e+13 3.36243920e-14
2.01978576e+13 3.36427414e-14
1.91992067e+13 3.36398545e-14
1.82499324e+13 3.36138291e-14
1.73475936e+13 3.35991146e-14
1.64898694e+13 3.35622289e-14
1.56745541e+13 3.36181534e-14
1.48995507e+13 3.36287143e-14
1.41628662e+13 3.36281626e-14
1.34626058e+13 3.36218495e-14
1.27969687e+13 3.36334256e-14
1.21642429e+13 3.36273913e-14
1.15628013e+13 3.36111643e-14
1.09910970e+13 3.36110628e-14
1.04476597e+13 3.36285122e-14
9.93109181e+12 3.35999155e-14
9.44006479e+12 3.36302740e-14
8.97331581e+12 3.36114486e-14
8.52964450e+12 3.36106125e-14
8.10790981e+12 3.36063742e-14
7.70702711e+12 3.36111484e-14
7.32596543e+12 3.35925935e-14
6.96374473e+12 3.35981674e-14
6.61943346e+12 3.36049038e-14
6.29214611e+12 3.36007081e-14
5.98104096e+12 3.36081644e-14
5.68531791e+12 3.36115222e-14
5.40421642e+12 3.36132264e-14
5.13701354e+12 3.36089816e-14
4.88302209e+12 3.36101856e-14
4.64158883e+12 3.36051423e-14
4.41209286e+12 3.36251445e-14
4.19394396e+12 3.36061365e-14
3.98658107e+12 3.36192808e-14
3.78947092e+12 3.36051446e-14
3.60210656e+12 3.36074257e-14
3.42400614e+12 3.36023618e-14
3.25471161e+12 3.36086240e-14
3.09378757e+12 3.36005680e-14
2.94082017e+12 3.36055161e-14
2.79541600e+12 3.36035211e-14
2.65720111e+12 3.36066911e-14
2.52582003e+12 3.36023823e-14
2.40093488e+12 3.36029392e-14
2.28222447e+12 3.36050536e-14
2.16938352e+12 3.36041776e-14
2.06212180e+12 3.36111223e-14
1.96016347e+12 3.36063451e-14
1.86324631e+12 3.36063468e-14
1.77112106e+12 3.36022592e-14
1.68355080e+12 3.36036660e-14
1.60031031e+12 3.36061864e-14
1.52118552e+12 3.36069750e-14
1.44597292e+12 3.36038542e-14
1.37447909e+12 3.36017295e-14
1.30652016e+12 3.35994272e-14
1.24192135e+12 3.36050954e-14
1.18051653e+12 3.36052879e-14
1.12214777e+12 3.36064931e-14
1.06666496e+12 3.36038854e-14
1.01392541e+12 3.36058611e-14
9.63793480e+11 3.36048593e-14
9.16140246e+11 3.36030124e-14
8.70843150e+11 3.36058583e-14
8.27785697e+11 3.36044582e-14
7.86857151e+11 3.36032335e-14
7.47952252e+11 3.36027333e-14
7.10970943e+11 3.36049986e-14
6.75818117e+11 3.36039456e-14
6.42403366e+11 3.36049794e-14
6.10640754e+11 3.36024525e-14
5.80448594e+11 3.36036711e-14
5.51749238e+11 3.36046775e-14
5.24468875e+11 3.36036621e-14
4.98537346e+11 3.36035375e-14
4.73887961e+11 3.36034060e-14
4.50457325e+11 3.36046418e-14
4.28185180e+11 3.36034314e-14
4.07014245e+11 3.36042369e-14
3.86890074e+11 3.36039059e-14
3.67760910e+11 3.36043696e-14
3.49577557e+11 3.36037939e-14
3.32293252e+11 3.36027578e-14
3.15863541e+11 3.36031912e-14
3.00246171e+11 3.36029979e-14
2.85400977e+11 3.36038085e-14
2.71289780e+11 3.36029219e-14
2.57876289e+11 3.36037704e-14
2.45126006e+11 3.36039136e-14
2.33006141e+11 3.36038418e-14
2.21485523e+11 3.36029407e-14
2.10534524e+11 3.36037164e-14
2.00124980e+11 3.36030178e-14
1.90230119e+11 3.36035972e-14
1.80824493e+11 3.36035248e-14
1.71883914e+11 3.36033313e-14
1.63385388e+11 3.36034025e-14
1.55307057e+11 3.36030999e-14
1.47628147e+11 3.36033544e-14
1.40328908e+11 3.36035449e-14
1.33390569e+11 3.36033440e-14
1.26795285e+11 3.36030484e-14
1.20526094e+11 3.36027715e-14
1.14566873e+11 3.36032930e-14
1.08902296e+11 3.36032531e-14
1.03517796e+11 3.36031552e-14
9.83995230e+10 3.36030889e-14
9.35343152e+10 3.36032396e-14
8.89096599e+10 3.36030104e-14
8.45136633e+10 3.36030235e-14
8.03350198e+10 3.36032455e-14
7.63629826e+10 3.36032212e-14
7.25873365e+10 3.36031094e-14
6.89983712e+10 3.36032901e-14
6.55868566e+10 3.36031328e-14
6.23440189e+10 3.36032318e-14
5.92615181e+10 3.36031992e-14
5.63314267e+10 3.36031922e-14
5.35462090e+10 3.36032147e-14
5.08987019e+10 3.36031498e-14
4.83820966e+10 3.36030915e-14
4.59899209e+10 3.36031334e-14
4.37160225e+10 3.36032243e-14
4.15545533e+10 3.36031396e-14
3.94999546e+10 3.36031523e-14
3.75469422e+10 3.36030353e-14
3.56904935e+10 3.36031267e-14
3.39258338e+10 3.36031186e-14
3.22484250e+10 3.36030872e-14
3.06539530e+10 3.36031642e-14
2.91383170e+10 3.36031914e-14
2.76976194e+10 3.36031365e-14
2.63281547e+10 3.36031553e-14
2.50264010e+10 3.36031326e-14
2.37890104e+10 3.36031396e-14
2.26128007e+10 3.36031173e-14
2.14947467e+10 3.36031249e-14
2.04319732e+10 3.36031746e-14
1.94217468e+10 3.36031423e-14
1.84614695e+10 3.36031297e-14
1.75486715e+10 3.36031719e-14
1.66810054e+10 3.36031037e-14
1.58562396e+10 3.36031556e-14
1.50722531e+10 3.36031417e-14
1.43270295e+10 3.36031195e-14
1.36186524e+10 3.36030976e-14
1.29452998e+10 3.36031264e-14
1.23052400e+10 3.36031216e-14
1.16968270e+10 3.36031124e-14
1.11184960e+10 3.36031499e-14
1.05687597e+10 3.36031389e-14
1.00462042e+10 3.36031523e-14
9.54948564e+09 3.36031373e-14
9.07732653e+09 3.36031705e-14
8.62851257e+09 3.36031383e-14
8.20188950e+09 3.36031412e-14
7.79636013e+09 3.36031616e-14
7.41088152e+09 3.36031302e-14
7.04446228e+09 3.36031274e-14
6.69616005e+09 3.36031335e-14
6.36507908e+09 3.36031165e-14
6.05036788e+09 3.36031233e-14
5.75121707e+09 3.36031377e-14
5.46685730e+09 3.36031546e-14
5.19655724e+09 3.36031486e-14
4.93962174e+09 3.36031540e-14
4.69539001e+09 3.36031281e-14
4.46323393e+09 3.36031291e-14
4.24255643e+09 3.36031158e-14
4.03278998e+09 3.36031206e-14
3.83339510e+09 3.36031194e-14
3.64385898e+09 3.36031296e-14
3.46369418e+09 3.36031157e-14
3.29243733e+09 3.36031343e-14
3.12964801e+09 3.36031308e-14
2.97490755e+09 3.36031383e-14
2.82781798e+09 3.36031313e-14
2.68800102e+09 3.36031251e-14
2.55509709e+09 3.36031167e-14
2.42876438e+09 3.36031479e-14
2.30867799e+09 3.36031268e-14
2.19452909e+09 3.36031327e-14
2.08602409e+09 3.36031343e-14
1.98288395e+09 3.36031344e-14
1.88484341e+09 3.36031520e-14
1.79165033e+09 3.36031483e-14
1.70306503e+09 3.36031403e-14
1.61885969e+09 3.36031480e-14
1.53881775e+09 3.36031395e-14
1.46273336e+09 3.36031479e-14
1.39041083e+09 3.36031520e-14
1.32166418e+09 3.36031466e-14
1.25631660e+09 3.36031580e-14
1.19420003e+09 3.36031539e-14
1.13515471e+09 3.36031530e-14
1.07902879e+09 3.36031632e-14
1.02567793e+09 3.36031585e-14
9.74964918e+08 3.36031604e-14
9.26759330e+08 3.36031580e-14
8.80937190e+08 3.36031682e-14
8.37380654e+08 3.36031686e-14
7.95977700e+08 3.36031660e-14
7.56621850e+08 3.36031700e-14
7.19211887e+08 3.36031711e-14
6.83651600e+08 3.36031753e-14
6.49849535e+08 3.36031825e-14
6.17718760e+08 3.36031826e-14
5.87176639e+08 3.36031913e-14
5.58144625e+08 3.36031892e-14
5.30548053e+08 3.36031966e-14
5.04315949e+08 3.36031975e-14
4.79380850e+08 3.36032060e-14
4.55678627e+08 3.36032073e-14
4.33148322e+08 3.36032137e-14
4.11731993e+08 3.36032200e-14
3.91374560e+08 3.36032231e-14
3.72023668e+08 3.36032311e-14
3.53629550e+08 3.36032352e-14
3.36144900e+08 3.36032438e-14
3.19524751e+08 3.36032476e-14
3.03726358e+08 3.36032561e-14
2.88709092e+08 3.36032619e-14
2.74434330e+08 3.36032716e-14
2.60865362e+08 3.36032809e-14
2.47967289e+08 3.36032880e-14
2.35706941e+08 3.36032983e-14
2.24052787e+08 3.36033061e-14
2.12974854e+08 3.36033179e-14
2.02444651e+08 3.36033269e-14
1.92435098e+08 3.36033387e-14
1.82920450e+08 3.36033515e-14
1.73876240e+08 3.36033621e-14
1.65279206e+08 3.36033756e-14
1.57107239e+08 3.36033888e-14
1.49339322e+08 3.36034043e-14
1.41955477e+08 3.36034201e-14
1.34936714e+08 3.36034351e-14
1.28264983e+08 3.36034515e-14
1.21923125e+08 3.36034691e-14
1.15894830e+08 3.36034874e-14
1.10164595e+08 3.36035067e-14
1.04717682e+08 3.36035279e-14
9.95400829e+07 3.36035485e-14
9.46184819e+07 3.36035715e-14
8.99402217e+07 3.36035958e-14
8.54932707e+07 3.36036208e-14
8.12661920e+07 3.36036471e-14
7.72481145e+07 3.36036750e-14
7.34287045e+07 3.36037040e-14
6.97981391e+07 3.36037348e-14
6.63470812e+07 3.36037667e-14
6.30666554e+07 3.36038009e-14
5.99484250e+07 3.36038369e-14
5.69843706e+07 3.36038745e-14
5.41668691e+07 3.36039140e-14
5.14886745e+07 3.36039559e-14
4.89428990e+07 3.36039997e-14
4.65229952e+07 3.36040456e-14
4.42227398e+07 3.36040942e-14
4.20362168e+07 3.36041450e-14
3.99578030e+07 3.36041987e-14
3.79821531e+07 3.36042555e-14
3.61041860e+07 3.36043146e-14
3.43190720e+07 3.36043770e-14
3.26222201e+07 3.36044429e-14
3.10092664e+07 3.36045120e-14
2.94760626e+07 3.36045848e-14
2.80186656e+07 3.36046615e-14
2.66333273e+07 3.36047418e-14
2.53164848e+07 3.36048268e-14
2.40647515e+07 3.36049158e-14
2.28749082e+07 3.36050097e-14
2.17438948e+07 3.36051081e-14
2.06688025e+07 3.36052119e-14
1.96468665e+07 3.36053212e-14
1.86754584e+07 3.36054360e-14
1.77520801e+07 3.36055569e-14
1.68743568e+07 3.36056840e-14
1.60400311e+07 3.36058177e-14
1.52469573e+07 3.36059584e-14
1.44930957e+07 3.36061063e-14
1.37765077e+07 3.36062621e-14
1.30953502e+07 3.36064259e-14
1.24478715e+07 3.36065982e-14
1.18324063e+07 3.36067795e-14
1.12473718e+07 3.36069702e-14
1.06912634e+07 3.36071708e-14
1.01626509e+07 3.36073819e-14
9.66017480e+06 3.36076040e-14
9.18254284e+06 3.36078375e-14
8.72852662e+06 3.36080833e-14
8.29695852e+06 3.36083418e-14
7.88672862e+06 3.36086138e-14
7.49678187e+06 3.36088998e-14
7.12611543e+06 3.36092008e-14
6.77377600e+06 3.36095175e-14
6.43885743e+06 3.36098506e-14
6.12049837e+06 3.36102011e-14
5.81788007e+06 3.36105698e-14
5.53022426e+06 3.36109576e-14
5.25679112e+06 3.36113657e-14
4.99687745e+06 3.36117950e-14
4.74981480e+06 3.36122466e-14
4.51496777e+06 3.36127216e-14
4.29173238e+06 3.36132214e-14
4.07953450e+06 3.36137472e-14
3.87782841e+06 3.36143003e-14
3.68609536e+06 3.36148822e-14
3.50384225e+06 3.36154944e-14
3.33060034e+06 3.36161384e-14
3.16592411e+06 3.36168159e-14
3.00939003e+06 3.36175287e-14
2.86059554e+06 3.36182785e-14
2.71915794e+06 3.36190673e-14
2.58471351e+06 3.36198972e-14
2.45691646e+06 3.36207702e-14
2.33543814e+06 3.36216887e-14
2.21996612e+06 3.36226549e-14
2.11020343e+06 3.36236714e-14
2.00586778e+06 3.36247407e-14
1.90669084e+06 3.36258657e-14
1.81241755e+06 3.36270492e-14
1.72280545e+06 3.36282942e-14
1.63762407e+06 3.36296040e-14
1.55665436e+06 3.36309819e-14
1.47968806e+06 3.36324315e-14
1.40652724e+06 3.36339565e-14
1.33698374e+06 3.36355609e-14
1.27087871e+06 3.36372487e-14
1.20804213e+06 3.36390242e-14
1.14831241e+06 3.36408922e-14
1.09153594e+06 3.36428573e-14
1.03756668e+06 3.36449246e-14
9.86265846e+05 3.36470994e-14
9.37501502e+05 3.36493873e-14
8.91148232e+05 3.36517943e-14
8.47086827e+05 3.36543265e-14
8.05203967e+05 3.36569903e-14
7.65391939e+05 3.36597928e-14
7.27548353e+05 3.36627410e-14
6.91575883e+05 3.36658426e-14
6.57382014e+05 3.36691054e-14
6.24878807e+05 3.36725380e-14
5.93982669e+05 3.36761492e-14
5.64614142e+05 3.36799482e-14
5.36697695e+05 3.36839448e-14
5.10161531e+05 3.36881493e-14
4.84937407e+05 3.36925725e-14
4.60960449e+05 3.36972257e-14
4.38168993e+05 3.37021210e-14
4.16504425e+05 3.37072709e-14
3.95911027e+05 3.37126887e-14
3.76335836e+05 3.37183883e-14
3.57728510e+05 3.37243844e-14
3.40041193e+05 3.37306924e-14
3.23228398e+05 3.37373284e-14
3.07246884e+05 3.37443097e-14
2.92055551e+05 3.37516541e-14
2.77615329e+05 3.37593805e-14
2.63889081e+05 3.37675088e-14
2.50841506e+05 3.37760598e-14
2.38439047e+05 3.37850557e-14
2.26649808e+05 3.37945195e-14
2.15443469e+05 3.38044756e-14
2.04791210e+05 3.38149495e-14
1.94665634e+05 3.38259682e-14
1.85040702e+05 3.38375601e-14
1.75891659e+05 3.38497549e-14
1.67194976e+05 3.38625841e-14
1.58928287e+05 3.38760806e-14
1.51070330e+05 3.38902791e-14
1.43600898e+05 3.39052161e-14
1.36500781e+05 3.39209301e-14
1.29751717e+05 3.39374614e-14
1.23336350e+05 3.39548527e-14
1.17238180e+05 3.39731485e-14
1.11441525e+05 3.39923961e-14
1.05931476e+05 3.40126447e-14
1.00693863e+05 3.40339467e-14
9.57152154e+04 3.40563567e-14
9.09827289e+04 3.40799323e-14
8.64842328e+04 3.41047342e-14
8.22081576e+04 3.41308263e-14
7.81435061e+04 3.41582755e-14
7.42798248e+04 3.41871525e-14
7.06071771e+04 3.42175315e-14
6.71161177e+04 3.42494908e-14
6.37976681e+04 3.42831124e-14
6.06432940e+04 3.43184829e-14
5.76448828e+04 3.43556932e-14
5.47947234e+04 3.43948390e-14
5.20854855e+04 3.44360210e-14
4.95102016e+04 3.44793452e-14
4.70622485e+04 3.45249229e-14
4.47353305e+04 3.45728713e-14
4.25234633e+04 3.46233138e-14
4.04209584e+04 3.46763802e-14
3.84224085e+04 3.47322068e-14
3.65226736e+04 3.47909373e-14
3.47168682e+04 3.48527228e-14
3.30003479e+04 3.49177220e-14
3.13686982e+04 3.49861023e-14
2.98177229e+04 3.50580395e-14
2.83434331e+04 3.51337186e-14
2.69420371e+04 3.52133342e-14
2.56099310e+04 3.52970912e-14
2.43436887e+04 3.53852048e-14
2.31400538e+04 3.54779019e-14
2.19959307e+04 3.55754207e-14
2.09083769e+04 3.56780121e-14
1.98745955e+04 3.57859400e-14
1.88919278e+04 3.58994819e-14
1.79578465e+04 3.60189300e-14
1.70699493e+04 3.61445913e-14
1.62259529e+04 3.62767892e-14
1.54236865e+04 3.64158636e-14
1.46610868e+04 3.65621723e-14
1.39361927e+04 3.67160916e-14
1.32471399e+04 3.68780173e-14
1.25921561e+04 3.70483661e-14
1.19695570e+04 3.72275759e-14
1.13777413e+04 3.74161079e-14
1.08151870e+04 3.76144469e-14
1.02804473e+04 3.78231031e-14
9.77214697e+03 3.80426133e-14
9.28897872e+03 3.82735420e-14
8.82969996e+03 3.85164832e-14
8.39312950e+03 3.87720620e-14
7.97814457e+03 3.90409356e-14
7.58367791e+03 3.93237959e-14
7.20871503e+03 3.96213703e-14
6.85229160e+03 3.99344243e-14
6.51349095e+03 4.02637633e-14
6.19144176e+03 4.06102346e-14
5.88531578e+03 4.09747293e-14
5.59432571e+03 4.13581852e-14
5.31772318e+03 4.17615887e-14
5.05479682e+03 4.21859777e-14
4.80487044e+03 4.26324440e-14
4.56730127e+03 4.31021361e-14
4.34147833e+03 4.35999713e-14
4.12682085e+03 4.41198029e-14
3.92277676e+03 4.46666775e-14
3.72882131e+03 4.52420022e-14
3.54445567e+03 4.58472573e-14
3.36920571e+03 4.64840001e-14
3.20262069e+03 4.71538691e-14
3.04427221e+03 4.78585879e-14
2.89375302e+03 4.85999699e-14
2.75067601e+03 4.93799230e-14
2.61467321e+03 5.02004542e-14
2.48539486e+03 5.10636753e-14
2.36250847e+03 5.19718077e-14
2.24569800e+03 5.29271887e-14
2.13466303e+03 5.39322772e-14
2.02911802e+03 5.49896602e-14
1.92879151e+03 5.61020594e-14
1.83342548e+03 5.72723381e-14
1.74277468e+03 5.85035089e-14
1.65660596e+03 5.98092322e-14
1.57469771e+03 6.11718553e-14
1.49683929e+03 6.26053825e-14
1.42283046e+03 6.41135047e-14
1.35248087e+03 6.57001053e-14
1.28560961e+03 6.73692698e-14
1.22204469e+03 6.91252969e-14
1.16162263e+03 7.10024442e-14
1.10418805e+03 7.29459668e-14
1.04959323e+03 7.49906373e-14
9.97697764e+02 7.71417229e-14
9.48368187e+02 7.94047656e-14
9.01477631e+02 8.17855961e-14
8.56905505e+02 8.42903493e-14
8.14537177e+02 8.69254801e-14
7.74263683e+02 8.96977803e-14
7.35981448e+02 9.26143957e-14
6.99592017e+02 9.56828455e-14
6.65001803e+02 9.89110410e-14
6.32121848e+02 1.02307307e-13
6.00867589e+02 1.05880402e-13
5.71158648e+02 1.09639542e-13
5.42918618e+02 1.13594427e-13
5.16074871e+02 1.17755261e-13
4.90558371e+02 1.22132781e-13
4.66303493e+02 1.26738289e-13
4.43247859e+02 1.31583673e-13
4.21332174e+02 1.36681448e-13
4.00500076e+02 1.42044779e-13
3.80697987e+02 1.47687525e-13
3.61874981e+02 1.53624267e-13
3.43982649e+02 1.59870352e-13
3.26974974e+02 1.66441930e-13
3.10808217e+02 1.73356000e-13
2.95440800e+02 1.80630450e-13
2.80833200e+02 1.88284110e-13
2.66947849e+02 1.96336795e-13
2.53749038e+02 2.04809366e-13
2.41202821e+02 2.13723776e-13
2.29276931e+02 2.23103138e-13
2.17940698e+02 2.32971777e-13
2.07164968e+02 2.43355305e-13
1.96922026e+02 2.54280681e-13
1.87185529e+02 2.65776289e-13
1.77930439e+02 2.77958364e-13
1.69132952e+02 2.90685590e-13
1.60770442e+02 3.04077514e-13
1.52821404e+02 3.18169021e-13
1.45265393e+02 3.32996846e-13
1.38082977e+02 3.48599677e-13
1.31255684e+02 3.65018259e-13
1.24765955e+02 3.82295511e-13
1.18597101e+02 4.00476639e-13
1.12733256e+02 4.19609270e-13
1.07159340e+02 4.39743579e-13
1.01861017e+02 4.60932438e-13
9.68246612e+01 4.83231559e-13
9.20373200e+01 5.06699660e-13
8.74866812e+01 5.31398631e-13
8.31610415e+01 5.57393717e-13
7.90492762e+01 5.84753707e-13
7.51408106e+01 6.13551139e-13
7.14255929e+01 6.43862519e-13
6.78940681e+01 6.75768549e-13
6.45371540e+01 7.09354376e-13
6.13462172e+01 7.44709854e-13
5.83130511e+01 7.81929827e-13
5.54298552e+01 8.21114429e-13
5.26892142e+01 8.62369405e-13
5.00840799e+01 9.05806461e-13
4.76077523e+01 9.51543626e-13
4.52538628e+01 9.99705659e-13
4.30163576e+01 1.05042447e-12
4.08894823e+01 1.10383959e-12
3.88677669e+01 1.16009865e-12
3.69460121e+01 1.21935793e-12
3.51192753e+01 1.28178295e-12
3.33828586e+01 1.34754908e-12
3.17322963e+01 1.41684221e-12
3.01633435e+01 1.48985951e-12
2.86719650e+01 1.56391600e-12
2.72543253e+01 1.64456100e-12
2.59067786e+01 1.72952449e-12
2.46258592e+01 1.81904596e-12
2.34082728e+01 1.91337917e-12
2.22508880e+01 2.01279311e-12
2.11507282e+01 2.11757303e-12
2.01049642e+01 2.22802157e-12
1.91109062e+01 2.34445997e-12
1.81659979e+01 2.46722938e-12
1.72678090e+01 2.59669224e-12
1.64140297e+01 2.73323386e-12
1.56024641e+01 2.87726400e-12
1.48310251e+01 3.02921197e-12
1.40977287e+01 3.18942754e-12
1.34006890e+01 3.35842874e-12
1.27381132e+01 3.53696972e-12
1.21082975e+01 3.72551741e-12
1.15096220e+01 3.92458565e-12
1.09405471e+01 4.13487737e-12
1.03996091e+01 4.35705969e-12
9.88541702e+00 4.59184674e-12
9.39664831e+00 4.84002127e-12
8.93204600e+00 5.10240999e-12
8.49041520e+00 5.37990129e-12
8.07062014e+00 5.67344239e-12
7.67158118e+00 5.98404591e-12
7.29227206e+00 6.31279419e-12
6.93171728e+00 6.66084243e-12
6.58898955e+00 7.02942380e-12
6.26320745e+00 7.41985309e-12
5.95353313e+00 7.83353047e-12
5.65917016e+00 8.27194424e-12
5.37936150e+00 8.73667234e-12
5.11338754e+00 9.22938157e-12
4.86056423e+00 9.75182358e-12
4.62024137e+00 1.03058259e-11
4.39180089e+00 1.08932761e-11
4.17465529e+00 1.15160960e-11
3.96824610e+00 1.21762044e-11
3.77204249e+00 1.28754621e-11
3.58553986e+00 1.36155992e-11
3.40825855e+00 1.43981181e-11
3.23974263e+00 1.52241725e-11
3.07955871e+00 1.60944193e-11
2.92729484e+00 1.70088453e-11
2.78255940e+00 1.79665740e-11
2.64498018e+00 1.89656581e-11
2.51420335e+00 2.00028729e-11
2.38989257e+00 2.10735255e-11
2.27172813e+00 2.21713011e-11
2.15940615e+00 2.32881699e-11
2.05263775e+00 2.44143774e-11
1.95114835e+00 2.55385359e-11
1.85467692e+00 2.66478332e-11
1.76297538e+00 2.77283562e-11
1.67580786e+00 2.87655174e-11
1.59295021e+00 2.97445587e-11
1.51418933e+00 3.05731213e-11
1.43932264e+00 3.13827381e-11
1.36815763e+00 3.20933572e-11
1.30051125e+00 3.26946701e-11
1.23620954e+00 3.31784478e-11
1.17508713e+00 3.35386969e-11
1.11698682e+00 3.37716977e-11
1.06175918e+00 3.38759422e-11
1.00926219e+00 3.38520008e-11
9.59360829e-01 3.37023454e-11
9.11926760e-01 3.34311533e-11
8.66837993e-01 3.30441104e-11
8.23978568e-01 3.25482211e-11
7.83238260e-01 3.19516272e-11
7.44512291e-01 3.12634302e-11
7.07701066e-01 3.04935093e-11
6.72709914e-01 2.96523306e-11
6.39448843e-01 2.87507416e-11
6.07832313e-01 2.77997535e-11
5.77779012e-01 2.68103161e-11
5.49211648e-01 2.57930942e-11
5.22056753e-01 2.47582552e-11
4.96244488e-01 2.40192021e-11
4.71708469e-01 2.29620288e-11
4.48385595e-01 2.19093322e-11
4.26215883e-01 2.08680730e-11
4.05142317e-01 1.98442582e-11
3.85110700e-01 1.88429377e-11
3.66069515e-01 1.78682309e-11
3.47969790e-01 1.69233795e-11
3.30764978e-01 1.60108190e-11
3.14410830e-01 1.51322622e-11
2.98865287e-01 1.42887895e-11
2.84088369e-01 1.34809405e-11
2.70042072e-01 1.27088036e-11
2.56690272e-01 1.19720991e-11
2.43998630e-01 1.12702557e-11
2.31934506e-01 1.06024779e-11
2.20466874e-01 9.96780476e-12
2.09566240e-01 9.36515906e-12
1.99204571e-01 8.79338838e-12
1.89355218e-01 8.25129823e-12
1.79992851e-01 7.73767810e-12
1.71093391e-01 7.25132157e-12
1.62633950e-01 6.79104108e-12
1.54592774e-01 6.35567847e-12
1.46949180e-01 5.94411199e-12
1.39683512e-01 5.55526047e-12
1.32777083e-01 5.18883026e-12
1.26212131e-01 4.84228656e-12
1.19971774e-01 4.51544018e-12
1.14039960e-01 4.20738204e-12
1.08401436e-01 3.91724310e-12
1.03041699e-01 3.64419162e-12
9.79469667e-02 3.38734176e-12
9.31041349e-02 3.14625616e-12
8.85007491e-02 2.91995177e-12
8.41249705e-02 2.70771186e-12
7.99655453e-02 2.50884518e-12
7.60117762e-02 2.32268446e-12
7.22534949e-02 2.14858530e-12
6.86810359e-02 1.98592516e-12
6.52852114e-02 1.83410268e-12
6.20572881e-02 1.69253714e-12
5.89889643e-02 1.56066805e-12
5.60723488e-02 1.43795483e-12
5.32999408e-02 1.32387667e-12
5.06646101e-02 1.21793229e-12
4.81595791e-02 1.11963988e-12
4.57784054e-02 1.02853694e-12
4.35149650e-02 9.44180193e-13
4.13634368e-02 8.66145445e-13
3.93182876e-02 7.94027439e-13
3.73742574e-02 7.29927575e-13
3.55263468e-02 6.68174687e-13
3.37698031e-02 6.11243349e-13
3.21001090e-02 5.58809089e-13
3.05129702e-02 5.10563279e-13
2.90043049e-02 4.66212874e-13
2.75702333e-02 4.25480142e-13
2.62070670e-02 3.88102400e-13
2.49113003e-02 3.53831723e-13
2.36796007e-02 3.22434626e-13
2.25088005e-02 2.93576282e-13
2.13958887e-02 2.67374872e-13
2.03380031e-02 2.43408931e-13
1.93324229e-02 2.21501473e-13
1.83765620e-02 2.01487754e-13
1.74679622e-02 1.83214645e-13
1.66042866e-02 1.66540010e-13
1.57833141e-02 1.51332092e-13
1.50029332e-02 1.37468915e-13
1.42611371e-02 1.24837697e-13
1.35560179e-02 1.13334283e-13
1.28857621e-02 1.02874750e-13
1.22486461e-02 9.33465666e-14
1.16430313e-02 8.46796855e-14
1.10673602e-02 7.67992311e-14
1.05201522e-02 6.96364285e-14
1.00000000e-02 6.31281625e-14
