1.00000000e+20 0.00000000e+00
9.50556592e+19 0.00000000e+00
9.03557835e+19 0.00000000e+00
8.58882856e+19 0.00000000e+00
8.16416760e+19 0.00000000e+00
7.76050334e+19 0.00000000e+00
7.37679760e+19 0.00000000e+00
7.01206359e+19 0.00000000e+00
6.66536327e+19 0.00000000e+00
6.33580499e+19 0.00000000e+00
6.02254120e+19 0.00000000e+00
5.72476624e+19 0.00000000e+00
5.44171429e+19 0.00000000e+00
5.17265739e+19 0.00000000e+00
4.91690358e+19 0.00000000e+00
4.67379511e+19 0.00000000e+00
4.44270675e+19 0.00000000e+00
4.22304419e+19 0.00000000e+00
4.01424249e+19 0.00000000e+00
3.81576466e+19 0.00000000e+00
3.62710025e+19 0.00000000e+00
3.44776405e+19 0.00000000e+00
3.27729485e+19 0.00000000e+00
3.11525422e+19 0.00000000e+00
2.96122544e+19 0.00000000e+00
2.81481236e+19 0.00000000e+00
2.67563844e+19 0.00000000e+00
2.54334576e+19 0.00000000e+00
2.41759408e+19 0.00000000e+00
2.29805999e+19 0.00000000e+00
2.18443607e+19 0.00000000e+00
2.07643011e+19 0.00000000e+00
1.97376433e+19 0.00000000e+00
1.87617469e+19 0.00000000e+00
1.78341022e+19 0.00000000e+00
1.69523234e+19 0.00000000e+00
1.61141428e+19 0.00000000e+00
1.53174046e+19 0.00000000e+00
1.45600600e+19 0.00000000e+00
1.38401610e+19 0.00000000e+00
1.31558562e+19 0.00000000e+00
1.25053859e+19 0.00000000e+00
1.18870770e+19 0.00000000e+00
1.12993394e+19 0.00000000e+00
1.07406615e+19 0.00000000e+00
1.02096066e+19 0.00000000e+00
9.70480888e+18 0.00000000e+00
9.22497005e+18 0.00000000e+00
8.76885609e+18 0.00000000e+00
8.33529397e+18 0.00000000e+00
7.92316862e+18 0.00000000e+00
7.53142017e+18 0.00000000e+00
7.15904109e+18 0.00000000e+00
6.80507370e+18 0.00000000e+00
6.46860766e+18 0.00000000e+00
6.14877765e+18 0.00000000e+00
5.84476113e+18 0.00000000e+00
5.55577622e+18 0.00000000e+00
5.28107971e+18 0.00000000e+00
5.01996513e+18 0.00000000e+00
4.77176095e+18 0.00000000e+00
4.53582883e+18 0.00000000e+00
4.31156199e+18 0.00000000e+00
4.09838367e+18 0.00000000e+00
3.89574562e+18 0.00000000e+00
3.70312668e+18 0.00000000e+00
3.52003147e+18 0.00000000e+00
3.34598912e+18 0.00000000e+00
3.18055202e+18 0.00000000e+00
3.02329468e+18 0.00000000e+00
2.87381269e+18 0.00000000e+00
2.73172160e+18 0.00000000e+00
2.59665597e+18 0.00000000e+00
2.46826845e+18 0.00000000e+00
2.34622885e+18 0.00000000e+00
2.23022330e+18 0.00000000e+00
2.11995346e+18 0.00000000e+00
2.01513573e+18 0.00000000e+00
1.91550056e+18 0.00000000e+00
1.82079168e+18 0.00000000e+00
1.73076553e+18 0.00000000e+00
1.64519059e+18 0.00000000e+00
1.56384676e+18 0.00000000e+00
1.48652484e+18 0.00000000e+00
1.41302599e+18 0.00000000e+00
1.34316117e+18 0.00000000e+00
1.27675070e+18 0.00000000e+00
1.21362380e+18 0.00000000e+00
1.15361810e+18 0.00000000e+00
1.09657929e+18 0.00000000e+00
1.04236067e+18 0.00000000e+00
9.90822810e+17 0.00000000e+00
9.41833153e+17 0.00000000e+00
8.95265713e+17 0.00000000e+00
8.51000725e+17 0.00000000e+00
8.08924349e+17 0.00000000e+00
7.68928372e+17 0.00000000e+00
7.30909933e+17 0.00000000e+00
6.94771255e+17 0.00000000e+00
6.60419396e+17 0.00000000e+00
6.27766011e+17 0.00000000e+00
5.96727120e+17 0.00000000e+00
5.67222897e+17 0.00000000e+00
5.39177464e+17 0.00000000e+00
5.12518693e+17 0.00000000e+00
4.87178022e+17 0.00000000e+00
4.63090280e+17 0.00000000e+00
4.40193519e+17 0.00000000e+00
4.18428851e+17 0.00000000e+00
3.97740302e+17 0.00000000e+00
3.78074666e+17 2.58400967e-57
3.59381366e+17 1.32416253e-55
3.41612327e+17 4.74819069e-54
3.24721849e+17 1.35795906e-52
3.08666494e+17 3.43520143e-51
2.93404971e+17 7.64358289e-50
2.78898029e+17 1.37177310e-48
2.65108360e+17 2.55070548e-47
2.52000499e+17 3.91065389e-46
2.39540736e+17 4.64488081e-45
2.27697026e+17 4.27401357e-44
2.16438909e+17 5.07646143e-43
2.05737431e+17 3.85153142e-42
1.95565072e+17 3.02760138e-41
1.85895668e+17 2.37239829e-40
1.76704353e+17 1.39094050e-39
1.67967487e+17 7.76800036e-39
1.59662602e+17 4.43977519e-38
1.51768339e+17 1.91314517e-37
1.44264395e+17 1.06843625e-36
1.37131472e+17 3.63147382e-36
1.30351224e+17 1.56893306e-35
1.23906216e+17 6.20001188e-35
1.17779870e+17 1.81684801e-34
1.11956432e+17 6.01858919e-34
1.06420924e+17 2.10393723e-33
1.01159111e+17 5.63930347e-33
9.61574600e+16 1.55630288e-32
9.14031075e+16 3.98399551e-32
8.68838264e+16 9.38694037e-32
8.25879939e+16 2.16924455e-31
7.85045620e+16 4.49802652e-31
7.46230289e+16 1.05980809e-30
7.09334120e+16 1.98381179e-30
6.74262224e+16 3.90846445e-30
6.40924402e+16 8.11586812e-30
6.09234915e+16 1.52527867e-29
5.79112265e+16 2.69590043e-29
5.50478981e+16 5.59007127e-29
5.23261424e+16 8.93361317e-29
4.97389596e+16 1.46464904e-28
4.72796959e+16 2.40372505e-28
4.49420266e+16 3.66882189e-28
4.27199397e+16 5.99927130e-28
4.06077203e+16 7.55406425e-28
3.85999362e+16 1.15526294e-27
3.66914238e+16 1.70728581e-27
3.48772747e+16 2.51509963e-27
3.31528234e+16 3.02730630e-27
3.15136348e+16 4.83116694e-27
2.99554933e+16 6.12014012e-27
2.84743917e+16 7.70630957e-27
2.70665207e+16 9.53608174e-27
2.57282597e+16 1.37077527e-26
2.44561668e+16 1.69828666e-26
2.32469706e+16 2.09964773e-26
2.20975611e+16 2.43948078e-26
2.10049824e+16 2.93707329e-26
1.99664245e+16 3.63076751e-26
1.89792164e+16 4.57082975e-26
1.80408193e+16 5.79275289e-26
1.71488197e+16 5.65255878e-26
1.63009236e+16 7.11999237e-26
1.54949504e+16 8.81440330e-26
1.47288272e+16 1.06289087e-25
1.40005838e+16 1.03878204e-25
1.33083472e+16 1.21087606e-25
1.26503372e+16 1.34980113e-25
1.20248614e+16 1.51224836e-25
1.14303113e+16 1.60024462e-25
1.08651577e+16 1.78851747e-25
1.03279473e+16 2.08177784e-25
9.81729841e+15 2.04492102e-25
9.33189772e+15 2.48663731e-25
8.87049689e+15 2.44893431e-25
8.43190929e+15 3.04025033e-25
8.01500696e+15 3.00555167e-25
7.61871770e+15 3.00284066e-25
7.24202233e+15 3.76701168e-25
6.88395207e+15 3.76122514e-25
6.54358602e+15 3.68287185e-25
6.22004883e+15 3.70938403e-25
5.91250841e+15 4.70123760e-25
5.62017385e+15 4.79447474e-25
5.34229330e+15 4.70589105e-25
5.07815211e+15 4.81024489e-25
4.82707097e+15 6.03063822e-25
4.58840413e+15 6.12424178e-25
4.36153779e+15 6.10048894e-25
4.14588850e+15 6.34038302e-25
3.94090164e+15 6.42572523e-25
3.74605003e+15 6.63864237e-25
3.56083255e+15 7.75980449e-25
3.38477286e+15 8.15403797e-25
3.21741815e+15 8.53137628e-25
3.05833803e+15 8.61699872e-25
2.90712338e+15 8.74108047e-25
2.76338529e+15 9.56083268e-25
2.62675410e+15 9.45751542e-25
2.49687843e+15 1.07573528e-24
2.37342425e+15 1.17988283e-24
2.25607407e+15 1.11697006e-24
2.14452608e+15 1.08911856e-24
2.03849340e+15 1.06474598e-24
1.93770334e+15 1.41486824e-24
1.84189668e+15 1.44021676e-24
1.75082703e+15 1.47406041e-24
1.66426018e+15 1.54762690e-24
1.58197348e+15 1.69278274e-24
1.50375532e+15 1.83997344e-24
1.42940453e+15 2.16770288e-24
1.35872990e+15 2.11648573e-24
1.29154967e+15 2.11113032e-24
1.22769105e+15 2.06140205e-24
1.16698982e+15 2.42285147e-24
1.10928986e+15 2.45128737e-24
1.05444279e+15 2.64512336e-24
1.00230755e+15 2.67786916e-24
9.52750047e+14 2.94166412e-24
9.05642838e+14 2.98262640e-24
8.60864770e+14 3.23949955e-24
8.18300682e+14 3.49706357e-24
7.77841107e+14 3.60448522e-24
7.39381992e+14 3.71450173e-24
7.02824426e+14 3.91775088e-24
6.68074392e+14 4.26995684e-24
6.35042517e+14 4.21280974e-24
6.03643851e+14 4.56074628e-24
5.73797641e+14 4.62546958e-24
5.45427131e+14 5.05361992e-24
5.18459354e+14 5.49258304e-24
4.92824957e+14 5.99893892e-24
4.68458012e+14 5.87265087e-24
4.45295851e+14 6.12600920e-24
4.23278907e+14 6.97869531e-24
4.02350555e+14 6.85369636e-24
3.82456972e+14 7.34865640e-24
3.63546996e+14 7.57495107e-24
3.45571994e+14 7.99231807e-24
3.28485737e+14 8.81789838e-24
3.12244282e+14 9.13460026e-24
2.96805861e+14 9.18125541e-24
2.82130768e+14 9.92468840e-24
2.68181261e+14 1.05528305e-23
2.54921465e+14 1.11788353e-23
2.42317279e+14 1.13002839e-23
2.30336287e+14 1.26743613e-23
2.18947676e+14 1.28042772e-23
2.08122157e+14 1.37305090e-23
1.97831888e+14 1.43584803e-23
1.88050406e+14 1.48654995e-23
1.78752553e+14 1.58071632e-23
1.69914417e+14 1.69568988e-23
1.61513269e+14 1.73829946e-23
1.53527503e+14 1.84987729e-23
1.45936580e+14 1.95411947e-23
1.38720978e+14 2.06555646e-23
1.31862140e+14 2.14889045e-23
1.25342427e+14 2.27392461e-23
1.19145070e+14 2.40061604e-23
1.13254132e+14 2.52398045e-23
1.07654461e+14 2.63016362e-23
1.02331658e+14 2.77558633e-23
9.72720319e+13 2.94525277e-23
9.24625712e+13 3.10507383e-23
8.78909065e+13 3.24333853e-23
8.35452806e+13 3.41983459e-23
7.94145172e+13 3.55504645e-23
7.54879928e+13 3.79558499e-23
7.17556092e+13 4.00528172e-23
6.82077673e+13 4.21693935e-23
6.48353429e+13 4.35814636e-23
6.16296626e+13 4.60882686e-23
5.85824820e+13 4.89701988e-23
5.56859644e+13 5.17079428e-23
5.29326606e+13 5.39514025e-23
5.03154895e+13 5.66921042e-23
4.78277202e+13 5.97595516e-23
4.54629547e+13 6.27249455e-23
4.32151113e+13 6.64311439e-23
4.10784089e+13 6.97016228e-23
3.90473524e+13 7.33855778e-23
3.71167182e+13 7.68714386e-23
3.52815412e+13 8.11998971e-23
3.35371015e+13 8.51001364e-23
3.18789129e+13 8.94753793e-23
3.03027108e+13 9.42843394e-23
2.88044415e+13 9.93639701e-23
2.73802518e+13 1.04734222e-22
2.60264788e+13 1.10029264e-22
2.47396410e+13 1.15700668e-22
2.35164288e+13 1.21617779e-22
2.23536965e+13 1.27854507e-22
2.12484535e+13 1.34535804e-22
2.01978576e+13 1.41283886e-22
1.91992067e+13 1.49043679e-22
1.82499324e+13 1.56430207e-22
1.73475936e+13 1.65252101e-22
1.64898694e+13 1.73425753e-22
1.56745541e+13 1.82644725e-22
1.48995507e+13 1.92197857e-22
1.41628662e+13 2.02278547e-22
1.34626058e+13 2.12614591e-22
1.27969687e+13 2.24090058e-22
1.21642429e+13 2.35448376e-22
1.15628013e+13 2.47331774e-22
1.09910970e+13 2.60700936e-22
1.04476597e+13 2.73886735e-22
9.93109181e+12 2.88313667e-22
9.44006479e+12 3.03499949e-22
8.97331581e+12 3.19508550e-22
8.52964450e+12 3.35407094e-22
8.10790981e+12 3.53187058e-22
7.70702711e+12 3.71422309e-22
7.32596543e+12 3.90994188e-22
6.96374473e+12 4.11594948e-22
6.61943346e+12 4.32386944e-22
6.29214611e+12 4.54897997e-22
5.98104096e+12 4.78711303e-22
5.68531791e+12 5.03841527e-22
5.40421642e+12 5.30034720e-22
5.13701354e+12 5.57698369e-22
4.88302209e+12 5.86422324e-22
4.64158883e+12 6.17244776e-22
4.41209286e+12 6.49504262e-22
4.19394396e+12 6.83001168e-22
3.98658107e+12 7.18564433e-22
3.78947092e+12 7.55603245e-22
3.60210656e+12 7.94856292e-22
3.42400614e+12 8.36380492e-22
3.25471161e+12 8.79540862e-22
3.09378757e+12 9.25669276e-22
2.94082017e+12 9.73997647e-22
2.79541600e+12 1.02457321e-21
2.65720111e+12 1.07758766e-21
2.52582003e+12 1.13421728e-21
2.40093488e+12 1.19292075e-21
2.28222447e+12 1.25477954e-21
2.16938352e+12 1.32037557e-21
2.06212180e+12 1.38893749e-21
1.96016347e+12 1.46129354e-21
1.86324631e+12 1.53757208e-21
1.77112106e+12 1.61713109e-21
1.68355080e+12 1.70183585e-21
1.60031031e+12 1.78968957e-21
1.52118552e+12 1.88282271e-21
1.44597292e+12 1.98123564e-21
1.37447909e+12 2.08384819e-21
1.30652016e+12 2.19188965e-21
1.24192135e+12 2.30694944e-21
1.18051653e+12 2.42661059e-21
1.12214777e+12 2.55284396e-21
1.06666496e+12 2.68561494e-21
1.01392541e+12 2.82531913e-21
9.63793480e+11 2.97170628e-21
9.16140246e+11 3.12671972e-21
8.70843150e+11 3.28924418e-21
8.27785697e+11 3.46042128e-21
7.86857151e+11 3.64074438e-21
7.47952252e+11 3.82989759e-21
7.10970943e+11 4.02901374e-21
6.75818117e+11 4.23892288e-21
6.42403366e+11 4.45889156e-21
6.10640754e+11 4.69089189e-21
5.80448594e+11 4.93494937e-21
5.51749238e+11 5.19151866e-21
5.24468875e+11 5.46176872e-21
4.98537346e+11 5.74603881e-21
4.73887961e+11 6.04476413e-21
4.50457325e+11 6.35939863e-21
4.28185180e+11 6.68985302e-21
4.07014245e+11 7.03819555e-21
3.86890074e+11 7.40406245e-21
3.67760910e+11 7.78912321e-21
3.49577557e+11 8.19428219e-21
3.32293252e+11 8.62069967e-21
3.15863541e+11 9.06910456e-21
3.00246171e+11 9.54066178e-21
2.85400977e+11 1.00367502e-20
2.71289780e+11 1.05591759e-20
2.57876289e+11 1.11086575e-20
2.45126006e+11 1.16860236e-20
2.33006141e+11 1.22942086e-20
2.21485523e+11 1.29335732e-20
2.10534524e+11 1.36063850e-20
2.00124980e+11 1.43137809e-20
1.90230119e+11 1.50586729e-20
1.80824493e+11 1.58421809e-20
1.71883914e+11 1.66656434e-20
1.63385388e+11 1.75330344e-20
1.55307057e+11 1.84448787e-20
1.47628147e+11 1.94038355e-20
1.40328908e+11 2.04138047e-20
1.33390569e+11 2.14752253e-20
1.26795285e+11 2.25918355e-20
1.20526094e+11 2.37676569e-20
1.14566873e+11 2.50036876e-20
1.08902296e+11 2.63043698e-20
1.03517796e+11 2.76729982e-20
9.83995230e+10 2.91117337e-20
9.35343152e+10 3.06263949e-20
8.89096599e+10 3.22195186e-20
8.45136633e+10 3.38948756e-20
8.03350198e+10 3.56581613e-20
7.63629826e+10 3.75128932e-20
7.25873365e+10 3.94645212e-20
6.89983712e+10 4.15175819e-20
6.55868566e+10 4.36763955e-20
6.23440189e+10 4.59486714e-20
5.92615181e+10 4.83386905e-20
5.63314267e+10 5.08530358e-20
5.35462090e+10 5.34981376e-20
5.08987019e+10 5.62810757e-20
4.83820966e+10 5.92081881e-20
4.59899209e+10 6.22877455e-20
4.37160225e+10 6.55279200e-20
4.15545533e+10 6.89363000e-20
3.94999546e+10 7.25221413e-20
3.75469422e+10 7.62944816e-20
3.56904935e+10 8.02625374e-20
3.39258338e+10 8.44379605e-20
3.22484250e+10 8.88294730e-20
3.06539530e+10 9.34505530e-20
2.91383170e+10 9.83114047e-20
2.76976194e+10 1.03425000e-19
2.63281547e+10 1.08804649e-19
2.50264010e+10 1.14464091e-19
2.37890104e+10 1.20418222e-19
2.26128007e+10 1.26681555e-19
2.14947467e+10 1.33270571e-19
2.04319732e+10 1.40203008e-19
1.94217468e+10 1.47495731e-19
1.84614695e+10 1.55167860e-19
1.75486715e+10 1.63239103e-19
1.66810054e+10 1.71729812e-19
1.58562396e+10 1.80662472e-19
1.50722531e+10 1.90059806e-19
1.43270295e+10 1.99945234e-19
1.36186524e+10 2.10345912e-19
1.29452998e+10 2.21286870e-19
1.23052400e+10 2.32797172e-19
1.16968270e+10 2.44906093e-19
1.11184960e+10 2.57645278e-19
1.05687597e+10 2.71046393e-19
1.00462042e+10 2.85145139e-19
9.54948564e+09 2.99977488e-19
9.07732653e+09 3.15580912e-19
8.62851257e+09 3.31995455e-19
8.20188950e+09 3.49264176e-19
7.79636013e+09 3.67431806e-19
7.41088152e+09 3.86543042e-19
7.04446228e+09 4.06649118e-19
6.69616005e+09 4.27800871e-19
6.36507908e+09 4.50053037e-19
6.05036788e+09 4.73463536e-19
5.75121707e+09 4.98090573e-19
5.46685730e+09 5.23998339e-19
5.19655724e+09 5.51254117e-19
4.93962174e+09 5.79928411e-19
4.69539001e+09 6.10094004e-19
4.46323393e+09 6.41826906e-19
4.24255643e+09 6.75212266e-19
4.03278998e+09 7.10333599e-19
3.83339510e+09 7.47281803e-19
3.64385898e+09 7.86151938e-19
3.46369418e+09 8.27043373e-19
3.29243733e+09 8.70062669e-19
3.12964801e+09 9.15318916e-19
2.97490755e+09 9.62929478e-19
2.82781798e+09 1.01301611e-18
2.68800102e+09 1.06570856e-18
2.55509709e+09 1.12114133e-18
2.42876438e+09 1.17945869e-18
2.30867799e+09 1.24080815e-18
2.19452909e+09 1.30534916e-18
2.08602409e+09 1.37324732e-18
1.98288395e+09 1.44467676e-18
1.88484341e+09 1.51982215e-18
1.79165033e+09 1.59887560e-18
1.70306503e+09 1.68204154e-18
1.61885969e+09 1.76953415e-18
1.53881775e+09 1.86157642e-18
1.46273336e+09 1.95840686e-18
1.39041083e+09 2.06027307e-18
1.32166418e+09 2.16743945e-18
1.25631660e+09 2.28017867e-18
1.19420003e+09 2.39878273e-18
1.13515471e+09 2.52355635e-18
1.07902879e+09 2.65481884e-18
1.02567793e+09 2.79291036e-18
9.74964918e+08 2.93818449e-18
9.26759330e+08 3.09101495e-18
8.80937190e+08 3.25179444e-18
8.37380654e+08 3.42093759e-18
7.95977700e+08 3.59887788e-18
7.56621850e+08 3.78607444e-18
7.19211887e+08 3.98300848e-18
6.83651600e+08 4.19018498e-18
6.49849535e+08 4.40813865e-18
6.17718760e+08 4.63742848e-18
5.87176639e+08 4.87864508e-18
5.58144625e+08 5.13240907e-18
5.30548053e+08 5.39937270e-18
5.04315949e+08 5.68022230e-18
4.79380850e+08 5.97567974e-18
4.55678627e+08 6.28650650e-18
4.33148322e+08 6.61350050e-18
4.11731993e+08 6.95750332e-18
3.91374560e+08 7.31939922e-18
3.72023668e+08 7.70011926e-18
3.53629550e+08 8.10064279e-18
3.36144900e+08 8.52199950e-18
3.19524751e+08 8.96527342e-18
3.03726358e+08 9.43160363e-18
2.88709092e+08 9.92219129e-18
2.74434330e+08 1.04382958e-17
2.60865362e+08 1.09812464e-17
2.47967289e+08 1.15524380e-17
2.35706941e+08 1.21533410e-17
2.24052787e+08 1.27854995e-17
2.12974854e+08 1.34505399e-17
2.02444651e+08 1.41501730e-17
1.92435098e+08 1.48861967e-17
1.82920450e+08 1.56605055e-17
1.73876240e+08 1.64750909e-17
1.65279206e+08 1.73320454e-17
1.57107239e+08 1.82335760e-17
1.49339322e+08 1.91819997e-17
1.41955477e+08 2.01797559e-17
1.34936714e+08 2.12294095e-17
1.28264983e+08 2.23336618e-17
1.21923125e+08 2.34953526e-17
1.15894830e+08 2.47174684e-17
1.10164595e+08 2.60031528e-17
1.04717682e+08 2.73557127e-17
9.95400829e+07 2.87786265e-17
9.46184819e+07 3.02755523e-17
8.99402217e+07 3.18503415e-17
8.54932707e+07 3.35070440e-17
8.12661920e+07 3.52499211e-17
7.72481145e+07 3.70834525e-17
7.34287045e+07 3.90123575e-17
6.97981391e+07 4.10415934e-17
6.63470812e+07 4.31763808e-17
6.30666554e+07 4.54222092e-17
5.99484250e+07 4.77848559e-17
5.69843706e+07 5.02703950e-17
5.41668691e+07 5.28852205e-17
5.14886745e+07 5.56360574e-17
4.89428990e+07 5.85299790e-17
4.65229952e+07 6.15744284e-17
4.42227398e+07 6.47772357e-17
4.20362168e+07 6.81466381e-17
3.99578030e+07 7.16912998e-17
3.79821531e+07 7.54203386e-17
3.61041860e+07 7.93433431e-17
3.43190720e+07 8.34704047e-17
3.26222201e+07 8.78121363e-17
3.10092664e+07 9.23797039e-17
2.94760626e+07 9.71848540e-17
2.80186656e+07 1.02239946e-16
2.66333273e+07 1.07557979e-16
2.53164848e+07 1.13152631e-16
2.40647515e+07 1.19038289e-16
2.28749082e+07 1.25230092e-16
2.17438948e+07 1.31743963e-16
2.06688025e+07 1.38596654e-16
1.96468665e+07 1.45805789e-16
1.86754584e+07 1.53389909e-16
1.77520801e+07 1.61368518e-16
1.68743568e+07 1.69762138e-16
1.60400311e+07 1.78592352e-16
1.52469573e+07 1.87881873e-16
1.44930957e+07 1.97654589e-16
1.37765077e+07 2.07935636e-16
1.30953502e+07 2.18751453e-16
1.24478715e+07 2.30129859e-16
1.18324063e+07 2.42100114e-16
1.12473718e+07 2.54693004e-16
1.06912634e+07 2.67940916e-16
1.01626509e+07 2.81877922e-16
9.66017480e+06 2.96539864e-16
9.18254284e+06 3.11964449e-16
8.72852662e+06 3.28191350e-16
8.29695852e+06 3.45262294e-16
7.88672862e+06 3.63221189e-16
7.49678187e+06 3.82114219e-16
7.12611543e+06 4.01989974e-16
6.77377600e+06 4.22899571e-16
6.43885743e+06 4.44896785e-16
6.12049837e+06 4.68038189e-16
5.81788007e+06 4.92383299e-16
5.53022426e+06 5.17994726e-16
5.25679112e+06 5.44938336e-16
4.99687745e+06 5.73283424e-16
4.74981480e+06 6.03102887e-16
4.51496777e+06 6.34473417e-16
4.29173238e+06 6.67475694e-16
4.07953450e+06 7.02194590e-16
3.87782841e+06 7.38719398e-16
3.68609536e+06 7.77144052e-16
3.50384225e+06 8.17567372e-16
3.33060034e+06 8.60093322e-16
3.16592411e+06 9.04831268e-16
3.00939003e+06 9.51896269e-16
2.86059554e+06 1.00140937e-15
2.71915794e+06 1.05349790e-15
2.58471351e+06 1.10829583e-15
2.45691646e+06 1.16594409e-15
2.33543814e+06 1.22659093e-15
2.21996612e+06 1.29039233e-15
2.11020343e+06 1.35751238e-15
2.00586778e+06 1.42812370e-15
1.90669084e+06 1.50240787e-15
1.81241755e+06 1.58055596e-15
1.72280545e+06 1.66276894e-15
1.63762407e+06 1.74925825e-15
1.55665436e+06 1.84024631e-15
1.47968806e+06 1.93596715e-15
1.40652724e+06 2.03666693e-15
1.33698374e+06 2.14260463e-15
1.27087871e+06 2.25405270e-15
1.20804213e+06 2.37129778e-15
1.14831241e+06 2.49464138e-15
1.09153594e+06 2.62440074e-15
1.03756668e+06 2.76090956e-15
9.86265846e+05 2.90451892e-15
9.37501502e+05 3.05559816e-15
8.91148232e+05 3.21453582e-15
8.47086827e+05 3.38174067e-15
8.05203967e+05 3.55764272e-15
7.65391939e+05 3.74269437e-15
7.27548353e+05 3.93737152e-15
6.91575883e+05 4.14217486e-15
6.57382014e+05 4.35763110e-15
6.24878807e+05 4.58429435e-15
5.93982669e+05 4.82274755e-15
5.64614142e+05 5.07360397e-15
5.36697695e+05 5.33750875e-15
5.10161531e+05 5.61514062e-15
4.84937407e+05 5.90721358e-15
4.60960449e+05 6.21447881e-15
4.38168993e+05 6.53772653e-15
4.16504425e+05 6.87778808e-15
3.95911027e+05 7.23553803e-15
3.76335836e+05 7.61189646e-15
3.57728510e+05 8.00783129e-15
3.40041193e+05 8.42436079e-15
3.23228398e+05 8.86255621e-15
3.07246884e+05 9.32354452e-15
2.92055551e+05 9.80851128e-15
2.77615329e+05 1.03187038e-14
2.63889081e+05 1.08554341e-14
2.50841506e+05 1.14200826e-14
2.38439047e+05 1.20141015e-14
2.26649808e+05 1.26390186e-14
2.15443469e+05 1.32964409e-14
2.04791210e+05 1.39880594e-14
1.94665634e+05 1.47156526e-14
1.85040702e+05 1.54810919e-14
1.75891659e+05 1.62863458e-14
1.67194976e+05 1.71334853e-14
1.58928287e+05 1.80246892e-14
1.51070330e+05 1.89622495e-14
1.43600898e+05 1.99485773e-14
1.36500781e+05 2.09862095e-14
1.29751717e+05 2.20778147e-14
1.23336350e+05 2.32262002e-14
1.17238180e+05 2.44343196e-14
1.11441525e+05 2.57052799e-14
1.05931476e+05 2.70423499e-14
1.00693863e+05 2.84489684e-14
9.57152154e+04 2.99287530e-14
9.09827289e+04 3.14855094e-14
8.64842328e+04 3.31232415e-14
8.22081576e+04 3.48461613e-14
7.81435061e+04 3.66586999e-14
7.42798248e+04 3.85655189e-14
7.06071771e+04 4.05715224e-14
6.71161177e+04 4.26818698e-14
6.37976681e+04 4.49019884e-14
6.06432940e+04 4.72375882e-14
5.76448828e+04 4.96946762e-14
5.47947234e+04 5.22795717e-14
5.20854855e+04 5.49989228e-14
4.95102016e+04 5.78597235e-14
4.70622485e+04 6.08693315e-14
4.47353305e+04 6.40354872e-14
4.25234633e+04 6.73663337e-14
4.04209584e+04 7.08704378e-14
3.84224085e+04 7.45568118e-14
3.65226736e+04 7.84349369e-14
3.47168682e+04 8.25147874e-14
3.30003479e+04 8.68068564e-14
3.13686982e+04 9.13221831e-14
2.98177229e+04 9.60723807e-14
2.83434331e+04 1.01069667e-13
2.69420371e+04 1.06326894e-13
2.56099310e+04 1.11857584e-13
2.43436887e+04 1.17675963e-13
2.31400538e+04 1.23796994e-13
2.19959307e+04 1.30236421e-13
2.09083769e+04 1.37010808e-13
1.98745955e+04 1.44137577e-13
1.88919278e+04 1.51635061e-13
1.79578465e+04 1.59522541e-13
1.70699493e+04 1.67820307e-13
1.62259529e+04 1.76549701e-13
1.54236865e+04 1.85733175e-13
1.46610868e+04 1.95394352e-13
1.39361927e+04 2.05558081e-13
1.32471399e+04 2.16250505e-13
1.25921561e+04 2.27499128e-13
1.19695570e+04 2.39332883e-13
1.13777413e+04 2.51782209e-13
1.08151870e+04 2.64879129e-13
1.02804473e+04 2.78657333e-13
9.77214697e+03 2.93152262e-13
9.28897872e+03 3.08401202e-13
8.82969996e+03 3.24443379e-13
8.39312950e+03 3.41320060e-13
7.97814457e+03 3.59074659e-13
7.58367791e+03 3.77752848e-13
7.20871503e+03 3.97402677e-13
6.85229160e+03 4.18074696e-13
6.51349095e+03 4.39822085e-13
6.19144176e+03 4.62700792e-13
5.88531578e+03 4.86769675e-13
5.59432571e+03 5.12090655e-13
5.31772318e+03 5.38728877e-13
5.05479682e+03 5.66752876e-13
4.80487044e+03 5.96234753e-13
4.56730127e+03 6.27250360e-13
4.34147833e+03 6.59879500e-13
4.12682085e+03 6.94206127e-13
3.92277676e+03 7.30318566e-13
3.72882131e+03 7.68309739e-13
3.54445567e+03 8.08277406e-13
3.36920571e+03 8.50324413e-13
3.20262069e+03 8.94558963e-13
3.04427221e+03 9.41094889e-13
2.89375302e+03 9.90051955e-13
2.75067601e+03 1.04155615e-12
2.61467321e+03 1.09574004e-12
2.48539486e+03 1.15274309e-12
2.36250847e+03 1.21271200e-12
2.24569800e+03 1.27580114e-12
2.13466303e+03 1.34217291e-12
2.02911802e+03 1.41199817e-12
1.92879151e+03 1.48545668e-12
1.83342548e+03 1.56273756e-12
1.74277468e+03 1.64403977e-12
1.65660596e+03 1.72957267e-12
1.57469771e+03 1.81955649e-12
1.49683929e+03 1.91422295e-12
1.42283046e+03 2.01381585e-12
1.35248087e+03 2.11859170e-12
1.28560961e+03 2.22882037e-12
1.22204469e+03 2.34478579e-12
1.16162263e+03 2.46678671e-12
1.10418805e+03 2.59513745e-12
1.04959323e+03 2.73016873e-12
9.97697764e+02 2.87222848e-12
9.48368187e+02 3.02168283e-12
9.01477631e+02 3.17891699e-12
8.56905505e+02 3.34433626e-12
8.14537177e+02 3.51836709e-12
7.74263683e+02 3.70145822e-12
7.35981448e+02 3.89408179e-12
6.99592017e+02 4.09673458e-12
6.65001803e+02 4.30993937e-12
6.32121848e+02 4.53424619e-12
6.00867589e+02 4.77023385e-12
5.71158648e+02 5.01851140e-12
5.42918618e+02 5.27971973e-12
5.16074871e+02 5.55453325e-12
4.90558371e+02 5.84366165e-12
4.66303493e+02 6.14785176e-12
4.43247859e+02 6.46788949e-12
4.21332174e+02 6.80460193e-12
4.00500076e+02 7.15885948e-12
3.80697987e+02 7.53157816e-12
3.61874981e+02 7.92372202e-12
3.43982649e+02 8.33630567e-12
3.26974974e+02 8.77039699e-12
3.10808217e+02 9.22711992e-12
2.95440800e+02 9.70765745e-12
2.80833200e+02 1.02132548e-11
2.66947849e+02 1.07452225e-11
2.53749038e+02 1.13049405e-11
2.41202821e+02 1.18938609e-11
2.29276931e+02 1.25135127e-11
2.17940698e+02 1.31655055e-11
2.07164968e+02 1.38515338e-11
1.96922026e+02 1.45733819e-11
1.87185529e+02 1.53329283e-11
1.77930439e+02 1.61321509e-11
1.69132952e+02 1.69731328e-11
1.60770442e+02 1.78580674e-11
1.52821404e+02 1.87892648e-11
1.45265393e+02 1.97691581e-11
1.38082977e+02 2.08003101e-11
1.31255684e+02 2.18854204e-11
1.24765955e+02 2.30273330e-11
1.18597101e+02 2.42290442e-11
1.12733256e+02 2.54937115e-11
1.07159340e+02 2.68246618e-11
1.01861017e+02 2.82254017e-11
9.68246612e+01 2.96996271e-11
9.20373200e+01 3.12512343e-11
8.74866812e+01 3.28843314e-11
8.31610415e+01 3.46032500e-11
7.90492762e+01 3.64125587e-11
7.51408106e+01 3.83170768e-11
7.14255929e+01 4.03218884e-11
6.78940681e+01 4.24323590e-11
6.45371540e+01 4.46541515e-11
6.13462172e+01 4.69932442e-11
5.83130511e+01 4.94559505e-11
5.54298552e+01 5.20489386e-11
5.26892142e+01 5.47792541e-11
5.00840799e+01 5.76543432e-11
4.76077523e+01 6.06820783e-11
4.52538628e+01 6.38707853e-11
4.30163576e+01 6.72292730e-11
4.08894823e+01 7.07668646e-11
3.88677669e+01 7.44934321e-11
3.69460121e+01 7.84194338e-11
3.51192753e+01 8.25559536e-11
3.33828586e+01 8.69147455e-11
3.17322963e+01 9.15082802e-11
3.01633435e+01 9.63497970e-11
2.86719650e+01 1.01265955e-10
2.72543253e+01 1.06616379e-10
2.59067786e+01 1.12254890e-10
2.46258592e+01 1.18197653e-10
2.34082728e+01 1.24461821e-10
2.22508880e+01 1.31065604e-10
2.11507282e+01 1.38028341e-10
2.01049642e+01 1.45370587e-10
1.91109062e+01 1.53114197e-10
1.81659979e+01 1.61282425e-10
1.72678090e+01 1.69900027e-10
1.64140297e+01 1.78993378e-10
1.56024641e+01 1.88590593e-10
1.48310251e+01 1.98721257e-10
1.40977287e+01 2.09412526e-10
1.34006890e+01 2.20698894e-10
1.27381132e+01 2.32623751e-10
1.21082975e+01 2.45228986e-10
1.15096220e+01 2.58548400e-10
1.09405471e+01 2.72631042e-10
1.03996091e+01 2.87523925e-10
9.88541702e+00 3.03277567e-10
9.39664831e+00 3.19947524e-10
8.93204600e+00 3.37592792e-10
8.49041520e+00 3.56277083e-10
8.07062014e+00 3.76068721e-10
7.67158118e+00 3.97041185e-10
7.29227206e+00 4.19273529e-10
6.93171728e+00 4.42850725e-10
6.58898955e+00 4.67864186e-10
6.26320745e+00 4.94412206e-10
5.95353313e+00 5.22600468e-10
5.65917016e+00 5.52542550e-10
5.37936150e+00 5.84360437e-10
5.11338754e+00 6.18185044e-10
4.86056423e+00 6.54156718e-10
4.62024137e+00 6.92425722e-10
4.39180089e+00 7.33152687e-10
4.17465529e+00 7.76508992e-10
3.96824610e+00 8.22677081e-10
3.77204249e+00 8.71850659e-10
3.58553986e+00 9.24234754e-10
3.40825855e+00 9.80045608e-10
3.23974263e+00 1.03951034e-09
3.07955871e+00 1.10286638e-09
2.92729484e+00 1.17036053e-09
2.78255940e+00 1.24224771e-09
2.64498018e+00 1.31878929e-09
2.51420335e+00 1.40025090e-09
2.38989257e+00 1.48689972e-09
2.27172813e+00 1.57900117e-09
2.15940615e+00 1.67681496e-09
2.05263775e+00 1.78059040e-09
1.95114835e+00 1.89056088e-09
1.85467692e+00 2.00693758e-09
1.76297538e+00 2.12641392e-09
1.67580786e+00 2.25550177e-09
1.59295021e+00 2.39133243e-09
1.51418933e+00 2.53392920e-09
1.43932264e+00 2.68323981e-09
1.36815763e+00 2.83911983e-09
1.30051125e+00 3.00131281e-09
1.23620954e+00 3.17947847e-09
1.17508713e+00 3.35451985e-09
1.11698682e+00 3.53441501e-09
1.06175918e+00 3.71822526e-09
1.00926219e+00 3.90475460e-09
9.59360829e-01 4.09251680e-09
9.11926760e-01 4.27970812e-09
8.66837993e-01 4.46419074e-09
8.23978568e-01 4.64349266e-09
7.83238260e-01 4.81483020e-09
7.44512291e-01 4.97515828e-09
7.07701066e-01 5.12125163e-09
6.72709914e-01 5.24981713e-09
6.39448843e-01 5.35763319e-09
6.07832313e-01 5.44170754e-09
5.77779012e-01 5.49944075e-09
5.49211648e-01 5.52878008e-09
5.22056753e-01 5.52834756e-09
4.96244488e-01 5.49752858e-09
4.71708469e-01 5.43651152e-09
4.48385595e-01 5.26252912e-09
4.26215883e-01 5.14437666e-09
4.05142317e-01 5.00239069e-09
3.85110700e-01 4.83943811e-09
3.66069515e-01 4.65868059e-09
3.47969790e-01 4.46343063e-09
3.30764978e-01 4.32325389e-09
3.14410830e-01 4.10191299e-09
2.98865287e-01 3.87499145e-09
2.84088369e-01 3.64555436e-09
2.70042072e-01 3.41639179e-09
2.56690272e-01 3.18998128e-09
2.43998630e-01 2.96846630e-09
2.31934506e-01 2.75364841e-09
2.20466874e-01 2.54699055e-09
2.09566240e-01 2.34962978e-09
1.99204571e-01 2.16239726e-09
1.89355218e-01 1.98584416e-09
1.79992851e-01 1.82027158e-09
1.71093391e-01 1.66576292e-09
1.62633950e-01 1.52221740e-09
1.54592774e-01 1.38938330e-09
1.46949180e-01 1.26688968e-09
1.39683512e-01 1.15427578e-09
1.32777083e-01 1.05101742e-09
1.26212131e-01 9.56550013e-10
1.19971774e-01 8.70288014e-10
1.14039960e-01 7.91640909e-10
1.08401436e-01 7.20157149e-10
1.03041699e-01 6.54999016e-10
9.79469667e-02 5.95761865e-10
9.31041349e-02 5.41934852e-10
8.85007491e-02 4.93039526e-10
8.41249705e-02 4.48631231e-10
7.99655453e-02 4.08276479e-10
7.60117762e-02 3.71666099e-10
7.22534949e-02 3.38408099e-10
6.86810359e-02 3.08187074e-10
6.52852114e-02 2.80717344e-10
6.20572881e-02 2.55739510e-10
5.89889643e-02 2.33018912e-10
5.60723488e-02 2.12343553e-10
5.32999408e-02 1.93522081e-10
5.06646101e-02 1.76387021e-10
4.81595791e-02 1.60772220e-10
4.57784054e-02 1.46542311e-10
4.35149650e-02 1.33570629e-10
4.13634368e-02 1.21742851e-10
3.93182876e-02 1.10955726e-10
3.73742574e-02 1.01115928e-10
3.55263468e-02 9.21390216e-11
3.37698031e-02 8.39485386e-11
3.21001090e-02 7.64751542e-11
3.05129702e-02 6.99109309e-11
2.90043049e-02 6.36538662e-11
2.75702333e-02 5.79432347e-11
2.62070670e-02 5.27323831e-11
2.49113003e-02 4.79786713e-11
2.36796007e-02 4.36430865e-11
2.25088005e-02 3.96899039e-11
2.13958887e-02 3.60863891e-11
2.03380031e-02 3.28025356e-11
1.93324229e-02 2.98108309e-11
1.83765620e-02 2.70747382e-11
1.74679622e-02 2.46028165e-11
1.66042866e-02 2.23514375e-11
1.57833141e-02 2.03014574e-11
1.50029332e-02 1.84353548e-11
1.42611371e-02 1.67370927e-11
1.35560179e-02 1.51919928e-11
1.28857621e-02 1.37866218e-11
1.22486461e-02 1.25086875e-11
1.16430313e-02 1.13469440e-11
1.10673602e-02 1.02911050e-11
1.05201522e-02 9.33297604e-12
1.00000000e-02 8.46156411e-12
