1.00000000e+20 0.00000000e+00
9.03466021e+19 0.00000000e+00
8.16250851e+19 0.00000000e+00
7.37454909e+19 0.00000000e+00
6.66265452e+19 0.00000000e+00
6.01948197e+19 0.00000000e+00
5.43839743e+19 0.00000000e+00
4.91340729e+19 0.00000000e+00
4.43909653e+19 0.00000000e+00
4.01057288e+19 0.00000000e+00
3.62341632e+19 0.00000000e+00
3.27363353e+19 0.00000000e+00
2.95761666e+19 0.00000000e+00
2.67210616e+19 0.00000000e+00
2.41415712e+19 0.00000000e+00
2.18110892e+19 0.00000000e+00
1.97055780e+19 0.00000000e+00
1.78033202e+19 0.00000000e+00
1.60846948e+19 0.00000000e+00
1.45319752e+19 0.00000000e+00
1.31291459e+19 0.00000000e+00
1.18617372e+19 0.00000000e+00
1.07166765e+19 0.00000000e+00
9.68215306e+18 0.00000000e+00
8.74749630e+18 0.00000000e+00
7.90306568e+18 0.00000000e+00
7.14015130e+18 0.00000000e+00
6.45088409e+18 0.00000000e+00
5.82815458e+18 0.00000000e+00
5.26553963e+18 0.00000000e+00
4.75723614e+18 0.00000000e+00
4.29800121e+18 0.00000000e+00
3.88309805e+18 0.00000000e+00
3.50824714e+18 0.00000000e+00
3.16958209e+18 0.00000000e+00
2.86360972e+18 0.00000000e+00
2.58717408e+18 0.00000000e+00
2.33742387e+18 0.00000000e+00
2.11178304e+18 0.00000000e+00
1.90792422e+18 0.00000000e+00
1.72374471e+18 0.00000000e+00
1.55734477e+18 0.00000000e+00
1.40700809e+18 0.00000000e+00
1.27118400e+18 0.00000000e+00
1.14847155e+18 0.00000000e+00
1.03760502e+18 0.00000000e+00
9.37440879e+17 0.00000000e+00
8.46945981e+17 0.00000000e+00
7.65186915e+17 0.00000000e+00
6.91320378e+17 0.00000000e+00
6.24584471e+17 0.00000000e+00
5.64290847e+17 0.00000000e+00
5.09817606e+17 0.00000000e+00
4.60602884e+17 0.00000000e+00
4.16139055e+17 0.00000000e+00
3.75967497e+17 1.28725644e-56
3.39673858e+17 1.80435602e-53
3.06883789e+17 9.87537426e-51
2.77259076e+17 3.66695122e-48
2.50494154e+17 7.84096645e-46
2.26312957e+17 8.70510028e-44
2.04466067e+17 6.56264665e-42
1.84728144e+17 3.37046399e-40
1.66895601e+17 1.07201154e-38
1.50784505e+17 2.64933375e-37
1.36228676e+17 4.33400508e-36
1.23077980e+17 5.97975147e-35
1.11196773e+17 5.81130472e-34
1.00462506e+17 5.30648889e-33
9.07644607e+16 3.28004511e-32
8.20026062e+16 1.78333161e-31
7.40865683e+16 8.57641742e-31
6.69346971e+16 3.29376267e-30
6.04732245e+16 1.12474881e-29
5.46355035e+16 3.62526979e-29
4.93613210e+16 9.11900116e-29
4.45962763e+16 2.37780481e-28
4.02912203e+16 4.81362338e-28
3.64017485e+16 1.08694164e-27
3.28877429e+16 1.92716159e-27
2.97129582e+16 3.96784676e-27
2.68446481e+16 5.91597255e-27
2.42532274e+16 9.48772819e-27
2.19119669e+16 1.51154021e-26
1.97967175e+16 2.35296065e-26
1.78856616e+16 2.90717921e-26
1.61590875e+16 4.53466139e-26
1.45991865e+16 5.34655664e-26
1.31898690e+16 6.93471737e-26
1.19165984e+16 8.23540468e-26
1.07662418e+16 1.07118551e-25
9.72693362e+15 1.26839620e-25
8.78795401e+15 1.55332355e-25
7.93961785e+15 1.52266032e-25
7.17317494e+15 1.89370637e-25
6.48071983e+15 1.90841006e-25
5.85511016e+15 2.37066885e-25
5.28989308e+15 2.47668139e-25
4.77923865e+15 3.05217931e-25
4.31787973e+15 3.16334574e-25
3.90105762e+15 3.31871555e-25
3.52447300e+15 4.13348038e-25
3.18424160e+15 4.48603460e-25
2.87685409e+15 4.80504964e-25
2.59913992e+15 5.05264946e-25
2.34823460e+15 5.74574415e-25
2.12155017e+15 5.47716148e-25
1.91674849e+15 7.48265604e-25
1.73171713e+15 8.09742119e-25
1.56454759e+15 9.42739784e-25
1.41351558e+15 1.09836645e-24
1.27706330e+15 1.06763011e-24
1.15378330e+15 1.30003944e-24
1.04240401e+15 1.26449566e-24
9.41776601e+14 1.56511037e-24
8.50863158e+14 1.76800984e-24
7.68725952e+14 1.93485121e-24
6.94517777e+14 2.23049304e-24
6.27473213e+14 2.49362384e-24
5.66900727e+14 2.64151616e-24
5.12175544e+14 2.97936836e-24
4.62733201e+14 3.30963882e-24
4.18063724e+14 3.53956891e-24
3.77706369e+14 4.06825187e-24
3.41244871e+14 4.58607657e-24
3.08303146e+14 4.92053444e-24
2.78541416e+14 5.44125964e-24
2.51652705e+14 6.07704960e-24
2.27359668e+14 6.66808301e-24
2.05411735e+14 7.24606780e-24
1.85582523e+14 8.25910838e-24
1.67667503e+14 9.05494205e-24
1.51481892e+14 1.03049469e-23
1.36858742e+14 1.11798489e-23
1.23647224e+14 1.24590269e-23
1.11711065e+14 1.39131890e-23
1.00927151e+14 1.51037755e-23
9.11842520e+13 1.68693931e-23
8.23818733e+13 1.86923335e-23
7.44292233e+13 2.05806948e-23
6.72442742e+13 2.28880294e-23
6.07529169e+13 2.52885330e-23
5.48881961e+13 2.79023514e-23
4.95896201e+13 3.10923346e-23
4.48025368e+13 3.45803290e-23
4.04775697e+13 3.81117403e-23
3.65701088e+13 4.23184504e-23
3.30398507e+13 4.66995585e-23
2.98503825e+13 5.16124974e-23
2.69688063e+13 5.73493688e-23
2.43654001e+13 6.34747275e-23
2.20133111e+13 7.02369504e-23
1.98882786e+13 7.76289575e-23
1.79683839e+13 8.61136099e-23
1.62338243e+13 9.51192866e-23
1.46667087e+13 1.05428538e-22
1.32508729e+13 1.16435566e-22
1.19717134e+13 1.29200927e-22
1.08160363e+13 1.42955169e-22
9.77192128e+12 1.58142351e-22
8.82859884e+12 1.75069990e-22
7.97633907e+12 1.93927360e-22
7.20635132e+12 2.14280957e-22
6.51069356e+12 2.37534915e-22
5.88219040e+12 2.62538125e-22
5.31435916e+12 2.90901100e-22
4.80134292e+12 3.21759313e-22
4.33785019e+12 3.56353358e-22
3.91910025e+12 3.94230982e-22
3.54077391e+12 4.36421351e-22
3.19896892e+12 4.82937126e-22
2.89015972e+12 5.34422388e-22
2.61116110e+12 5.91652415e-22
2.35909533e+12 6.55034065e-22
2.13136247e+12 7.24874933e-22
1.92561357e+12 8.02314148e-22
1.73972643e+12 8.88131042e-22
1.57178372e+12 9.82874804e-22
1.42005318e+12 1.08774579e-21
1.28296980e+12 1.20427380e-21
1.15911962e+12 1.33315559e-21
1.04722519e+12 1.47564529e-21
9.46132376e+11 1.63309934e-21
8.54798453e+11 1.80765971e-21
7.72281357e+11 2.00056652e-21
6.97729965e+11 2.21456357e-21
6.30375315e+11 2.45132111e-21
5.69522678e+11 2.71318573e-21
5.14544388e+11 3.00295533e-21
4.64873371e+11 3.32372766e-21
4.19997295e+11 3.67875510e-21
3.79453285e+11 4.07192464e-21
3.42823149e+11 4.50735981e-21
3.09729067e+11 4.98885178e-21
2.79829688e+11 5.52179204e-21
2.52816614e+11 6.11185790e-21
2.28411221e+11 6.76493329e-21
2.06361777e+11 7.48781527e-21
1.86440853e+11 8.28786493e-21
1.68442976e+11 9.17327725e-21
1.52182505e+11 1.01533822e-20
1.37491723e+11 1.12383651e-20
1.24219100e+11 1.24393041e-20
1.12227736e+11 1.37683422e-20
1.01393946e+11 1.52392696e-20
9.16059848e+10 1.68677827e-20
8.27628946e+10 1.86700822e-20
7.47734631e+10 2.06651542e-20
6.75552832e+10 2.28730476e-20
6.10339029e+10 2.53168776e-20
5.51420574e+10 2.80221881e-20
4.98189752e+10 3.10160532e-20
4.50097513e+10 3.43301482e-20
4.06647809e+10 3.79985804e-20
3.67392478e+10 4.20585043e-20
3.31926620e+10 4.65523191e-20
2.99884423e+10 5.15263458e-20
2.70935387e+10 5.70320042e-20
2.44780916e+10 6.31255846e-20
2.21151240e+10 6.98705392e-20
1.99802631e+10 7.73360221e-20
1.80514888e+10 8.55994950e-20
1.63089068e+10 9.47455895e-20
1.47345431e+10 1.04869111e-19
1.33121590e+10 1.16073965e-19
1.20270833e+10 1.28476489e-19
1.08660611e+10 1.42203930e-19
9.81711702e+09 1.57397974e-19
8.86943166e+09 1.74215282e-19
8.01323013e+09 1.92830621e-19
7.23968114e+09 2.13434363e-19
6.54080591e+09 2.36239838e-19
5.90939590e+09 2.61481256e-19
5.33893840e+09 2.89420391e-19
4.82354943e+09 3.20344596e-19
4.35791301e+09 3.54572785e-19
3.93722633e+09 3.92458380e-19
3.55715021e+09 4.34391928e-19
3.21376434e+09 4.80805976e-19
2.90352688e+09 5.32179398e-19
2.62323788e+09 5.89042332e-19
2.37000629e+09 6.51980553e-19
2.14122015e+09 7.21643348e-19
1.93451965e+09 7.98749949e-19
1.74777277e+09 8.84095258e-19
1.57905331e+09 9.78559541e-19
1.42662102e+09 1.08311716e-18
1.28890361e+09 1.19884694e-18
1.16448062e+09 1.32694155e-18
1.05206867e+09 1.46872329e-18
9.50508296e+08 1.62565392e-18
8.58751948e+08 1.79935264e-18
7.75853206e+08 1.99161076e-18
7.00957009e+08 2.20441139e-18
6.33290840e+08 2.43994917e-18
5.72156756e+08 2.70065445e-18
5.16924187e+08 2.98921509e-18
4.67023439e+08 3.30860833e-18
4.21939808e+08 3.66212811e-18
3.81208280e+08 4.05342119e-18
3.44408728e+08 4.48652265e-18
3.11161583e+08 4.96590084e-18
2.81123917e+08 5.49649989e-18
2.53985907e+08 6.08379293e-18
2.29467637e+08 6.73383688e-18
2.07316213e+08 7.45333733e-18
1.87303154e+08 8.24971501e-18
1.69222035e+08 9.13118449e-18
1.52886359e+08 1.01068383e-17
1.38127630e+08 1.11867383e-17
1.24793621e+08 1.23820246e-17
1.12746796e+08 1.37050252e-17
1.01862899e+08 1.51693865e-17
9.20296681e+07 1.67902123e-17
8.31456781e+07 1.85842214e-17
7.51192949e+07 2.05699174e-17
6.78677305e+07 2.27677819e-17
6.13161884e+07 2.52004851e-17
5.53970928e+07 2.78931184e-17
5.00493910e+07 3.08734560e-17
4.52179242e+07 3.41722386e-17
4.08528580e+07 3.78234903e-17
3.69091691e+07 4.18648734e-17
3.33461802e+07 4.63380716e-17
3.01271407e+07 5.12892247e-17
2.72188479e+07 5.67694013e-17
2.45913043e+07 6.28351261e-17
2.22174078e+07 6.95489645e-17
2.00726730e+07 7.69801663e-17
1.81349780e+07 8.52053808e-17
1.63843365e+07 9.43094475e-17
1.48026913e+07 1.04386270e-16
1.33737286e+07 1.15539786e-16
1.20827094e+07 1.27885037e-16
1.09163173e+07 1.41549361e-16
9.86252179e+06 1.56673697e-16
8.91045332e+06 1.73414045e-16
8.05029181e+06 1.91943076e-16
7.27316511e+06 2.12451904e-16
6.57105755e+06 2.35152071e-16
5.93672722e+06 2.60277716e-16
5.36363132e+06 2.88088000e-16
4.84585864e+06 3.18869770e-16
4.37806863e+06 3.52940527e-16
3.95543624e+06 3.90651694e-16
3.57360225e+06 4.32392243e-16
3.22862820e+06 4.78592707e-16
2.91695588e+06 5.29729624e-16
2.63537052e+06 5.86330443e-16
2.38096772e+06 6.48978979e-16
2.15112343e+06 7.18321418e-16
1.94346693e+06 7.95072995e-16
1.75585633e+06 8.80025367e-16
1.58635653e+06 9.74054778e-16
1.43321923e+06 1.07813109e-15
1.29486487e+06 1.19332782e-15
1.16986641e+06 1.32083314e-15
1.05693455e+06 1.46196224e-15
9.54904456e+05 1.61817077e-15
8.62723729e+05 1.79106997e-15
7.79441575e+05 1.98244322e-15
7.04198979e+05 2.19426443e-15
6.36219849e+05 2.42871845e-15
5.74803016e+05 2.68822357e-15
5.19314994e+05 2.97545647e-15
4.69183451e+05 3.29337984e-15
4.23891306e+05 3.64527291e-15
3.82971391e+05 4.03476532e-15
3.46001639e+05 4.46587451e-15
3.12600724e+05 4.94304722e-15
2.82424133e+05 5.47120527e-15
2.55160607e+05 6.05579643e-15
2.30528939e+05 6.70285052e-15
2.08275063e+05 7.41904169e-15
1.88169442e+05 8.21175718e-15
1.70004698e+05 9.08917360e-15
1.53593468e+05 1.00603412e-14
1.38766479e+05 1.11352773e-14
1.25370799e+05 1.23250696e-14
1.13268257e+05 1.36419905e-14
1.02334021e+05 1.50996237e-14
9.24553110e+04 1.67130043e-14
8.35302320e+04 1.84987742e-14
7.54667263e+04 2.04753534e-14
6.81816229e+04 2.26631299e-14
6.15997796e+04 2.50846707e-14
5.56533078e+04 2.77649539e-14
5.02808725e+04 3.07316267e-14
4.54270599e+04 3.40152907e-14
4.10418050e+04 3.76498173e-14
3.70798763e+04 4.16726975e-14
3.35004083e+04 4.61254285e-14
3.02664806e+04 5.10539421e-14
2.73447368e+04 5.65090782e-14
2.47050406e+04 6.25471098e-14
2.23201647e+04 6.92303234e-14
2.01655104e+04 7.66276620e-14
1.82188534e+04 8.48154362e-14
1.64601150e+04 9.38781122e-14
1.48711546e+04 1.03909183e-13
1.34355829e+04 1.15012135e-13
1.21385926e+04 1.27301514e-13
1.09668060e+04 1.40904107e-13
9.90813657e+03 1.55960257e-13
8.95166472e+03 1.72625305e-13
8.08752491e+03 1.91071198e-13
7.30680395e+03 2.11488263e-13
6.60144909e+03 2.34087175e-13
5.96418495e+03 2.59101133e-13
5.38843844e+03 2.86788266e-13
4.86827104e+03 3.17434307e-13
4.39831747e+03 3.51355542e-13
3.97373038e+03 3.88902079e-13
3.59013038e+03 4.30461473e-13
3.24356081e+03 4.76462734e-13
2.93044698e+03 5.27380762e-13
2.64755927e+03 5.83741269e-13
2.39197984e+03 6.46126221e-13
2.16107251e+03 7.15179864e-13
1.95245558e+03 7.91615407e-13
1.76397728e+03 8.76222415e-13
1.59369353e+03 9.69875002e-13
1.43984795e+03 1.07354091e-12
1.30085370e+03 1.18829156e-12
1.17527712e+03 1.31531321e-12
1.06182294e+03 1.45591928e-12
9.59320948e+02 1.61156405e-12
8.66713880e+02 1.78385784e-12
7.83046540e+02 1.97458380e-12
7.07455942e+02 2.18571661e-12
6.39162405e+02 2.41944312e-12
5.77461515e+02 2.67818532e-12
5.21716858e+02 2.96462583e-12
4.71353453e+02 3.28173612e-12
4.25851829e+02 3.63280797e-12
3.84742658e+02 4.02148830e-12
3.47601918e+02 4.45181794e-12
3.14046522e+02 4.92827476e-12
2.83730362e+02 5.45582160e-12
2.56340741e+02 6.03995964e-12
2.31595149e+02 6.68678792e-12
2.09238348e+02 7.40306966e-12
1.89039738e+02 8.19630627e-12
1.70790980e+02 9.07482005e-12
1.54303847e+02 1.00478468e-11
1.39408283e+02 1.11256394e-11
1.25950646e+02 1.23195841e-11
1.13792129e+02 1.36423316e-11
1.02807322e+02 1.51079440e-11
9.28829225e+01 1.67320610e-11
8.39165644e+01 1.85320887e-11
7.58157646e+01 2.05274129e-11
6.84969672e+01 2.27396428e-11
6.18846824e+01 2.51928893e-11
5.59107078e+01 2.79140846e-11
5.05134247e+01 3.09333505e-11
4.56371628e+01 3.42844255e-11
4.12316259e+01 3.80051620e-11
3.72513730e+01 4.21381083e-11
3.36553498e+01 4.67311950e-11
3.04064649e+01 5.18385479e-11
2.74712079e+01 5.74060997e-11
2.48193029e+01 6.36940033e-11
2.24233968e+01 7.06925437e-11
2.02587771e+01 7.84877610e-11
1.83031168e+01 8.71776197e-11
1.65362441e+01 9.68740428e-11
1.49399346e+01 1.07707352e-10
1.34977233e+01 1.19810575e-10
1.21947344e+01 1.33371236e-10
1.10175281e+01 1.48583199e-10
9.95396231e+00 1.65678453e-10
8.99306672e+00 1.84926734e-10
8.12493021e+00 2.06647685e-10
7.34059837e+00 2.31220033e-10
6.63198120e+00 2.59094805e-10
5.99176967e+00 2.90811671e-10
5.41336030e+00 3.27019387e-10
4.89078709e+00 3.68501210e-10
4.41865996e+00 4.16206499e-10
3.99210913e+00 4.71289939e-10
3.60673495e+00 5.35160154e-10
3.25856248e+00 6.09539827e-10
2.94400048e+00 6.96539893e-10
2.65980440e+00 7.98750868e-10
2.40304289e+00 9.19355037e-10
2.17106760e+00 1.06142768e-09
1.96148581e+00 1.23114779e-09
1.77213578e+00 1.43385144e-09
1.60106446e+00 1.67865454e-09
1.44650734e+00 1.97120307e-09
1.30687023e+00 2.32390845e-09
1.18071285e+00 2.75019043e-09
1.06673394e+00 3.26648352e-09
9.63757866e-01 3.89289087e-09
8.70722485e-01 4.65399211e-09
7.86668179e-01 5.57971550e-09
7.10727970e-01 6.70657063e-09
6.42118571e-01 8.07892705e-09
5.80132310e-01 9.75061762e-09
5.24129830e-01 1.17867975e-08
4.73533492e-01 1.42660964e-08
4.27821420e-01 1.72830754e-08
3.86522116e-01 2.09509764e-08
3.49209598e-01 2.54047211e-08
3.15499006e-01 3.08040641e-08
2.85042632e-01 3.73367317e-08
2.57526333e-01 4.52212778e-08
2.32666291e-01 5.47092584e-08
2.10206088e-01 6.60861664e-08
1.89914058e-01 7.96703901e-08
1.71580899e-01 9.58092759e-08
1.55017512e-01 1.14871234e-07
1.40053055e-01 1.37232760e-07
1.26533176e-01 1.63259319e-07
1.14318425e-01 1.93279231e-07
1.03282813e-01 2.27549852e-07
9.33125118e-02 2.66214926e-07
8.43046837e-02 3.09250408e-07
7.61664172e-02 3.56393106e-07
6.88137699e-02 4.07044362e-07
6.21709029e-02 4.60144882e-07
5.61692982e-02 5.14033795e-07
5.07470524e-02 5.66338238e-07
4.58482375e-02 6.13976571e-07
4.14223247e-02 6.53374189e-07
3.74236629e-02 6.80941486e-07
3.38110078e-02 6.93745435e-07
3.05470967e-02 6.90169111e-07
2.75982639e-02 6.70303073e-07
2.49340937e-02 6.35919905e-07
2.25271064e-02 5.90467854e-07
2.03524752e-02 5.36302909e-07
1.83877698e-02 4.78448417e-07
1.66127252e-02 4.19815791e-07
1.50090328e-02 3.63076129e-07
1.35601511e-02 3.01945893e-07
1.22511358e-02 2.62296626e-07
1.10684849e-02 2.20044985e-07
1.00000000e-02 1.83491072e-07
