1.00000000e+20 0.00000000e+00
9.50556592e+19 0.00000000e+00
9.03557835e+19 0.00000000e+00
8.58882856e+19 0.00000000e+00
8.16416760e+19 0.00000000e+00
7.76050334e+19 0.00000000e+00
7.37679760e+19 0.00000000e+00
7.01206359e+19 0.00000000e+00
6.66536327e+19 0.00000000e+00
6.33580499e+19 0.00000000e+00
6.02254120e+19 0.00000000e+00
5.72476624e+19 0.00000000e+00
5.44171429e+19 0.00000000e+00
5.17265739e+19 0.00000000e+00
4.91690358e+19 0.00000000e+00
4.67379511e+19 0.00000000e+00
4.44270675e+19 0.00000000e+00
4.22304419e+19 0.00000000e+00
4.01424249e+19 0.00000000e+00
3.81576466e+19 0.00000000e+00
3.62710025e+19 0.00000000e+00
3.44776405e+19 0.00000000e+00
3.27729485e+19 0.00000000e+00
3.11525422e+19 0.00000000e+00
2.96122544e+19 0.00000000e+00
2.81481236e+19 0.00000000e+00
2.67563844e+19 0.00000000e+00
2.54334576e+19 0.00000000e+00
2.41759408e+19 0.00000000e+00
2.29805999e+19 0.00000000e+00
2.18443607e+19 0.00000000e+00
2.07643011e+19 0.00000000e+00
1.97376433e+19 0.00000000e+00
1.87617469e+19 0.00000000e+00
1.78341022e+19 0.00000000e+00
1.69523234e+19 0.00000000e+00
1.61141428e+19 0.00000000e+00
1.53174046e+19 0.00000000e+00
1.45600600e+19 0.00000000e+00
1.38401610e+19 0.00000000e+00
1.31558562e+19 0.00000000e+00
1.25053859e+19 0.00000000e+00
1.18870770e+19 0.00000000e+00
1.12993394e+19 0.00000000e+00
1.07406615e+19 0.00000000e+00
1.02096066e+19 0.00000000e+00
9.70480888e+18 0.00000000e+00
9.22497005e+18 0.00000000e+00
8.76885609e+18 0.00000000e+00
8.33529397e+18 0.00000000e+00
7.92316862e+18 0.00000000e+00
7.53142017e+18 0.00000000e+00
7.15904109e+18 0.00000000e+00
6.80507370e+18 0.00000000e+00
6.46860766e+18 0.00000000e+00
6.14877765e+18 0.00000000e+00
5.84476113e+18 0.00000000e+00
5.55577622e+18 0.00000000e+00
5.28107971e+18 0.00000000e+00
5.01996513e+18 0.00000000e+00
4.77176095e+18 0.00000000e+00
4.53582883e+18 0.00000000e+00
4.31156199e+18 0.00000000e+00
4.09838367e+18 0.00000000e+00
3.89574562e+18 0.00000000e+00
3.70312668e+18 0.00000000e+00
3.52003147e+18 0.00000000e+00
3.34598912e+18 0.00000000e+00
3.18055202e+18 0.00000000e+00
3.02329468e+18 0.00000000e+00
2.87381269e+18 0.00000000e+00
2.73172160e+18 0.00000000e+00
2.59665597e+18 0.00000000e+00
2.46826845e+18 0.00000000e+00
2.34622885e+18 0.00000000e+00
2.23022330e+18 0.00000000e+00
2.11995346e+18 0.00000000e+00
2.01513573e+18 0.00000000e+00
1.91550056e+18 0.00000000e+00
1.82079168e+18 0.00000000e+00
1.73076553e+18 0.00000000e+00
1.64519059e+18 0.00000000e+00
1.56384676e+18 0.00000000e+00
1.48652484e+18 0.00000000e+00
1.41302599e+18 0.00000000e+00
1.34316117e+18 0.00000000e+00
1.27675070e+18 0.00000000e+00
1.21362380e+18 0.00000000e+00
1.15361810e+18 0.00000000e+00
1.09657929e+18 0.00000000e+00
1.04236067e+18 0.00000000e+00
9.90822810e+17 0.00000000e+00
9.41833153e+17 0.00000000e+00
8.95265713e+17 0.00000000e+00
8.51000725e+17 0.00000000e+00
8.08924349e+17 0.00000000e+00
7.68928372e+17 0.00000000e+00
7.30909933e+17 0.00000000e+00
6.94771255e+17 0.00000000e+00
6.60419396e+17 0.00000000e+00
6.27766011e+17 0.00000000e+00
5.96727120e+17 0.00000000e+00
5.67222897e+17 0.00000000e+00
5.39177464e+17 0.00000000e+00
5.12518693e+17 0.00000000e+00
4.87178022e+17 0.00000000e+00
4.63090280e+17 4.15407145e-58
4.40193519e+17 1.79737293e-56
4.18428851e+17 7.46782141e-55
3.97740302e+17 1.88648687e-53
3.78074666e+17 5.41496438e-52
3.59381366e+17 1.23482399e-50
3.41612327e+17 2.29605925e-49
3.24721849e+17 3.52023906e-48
3.08666494e+17 5.43270807e-47
2.93404971e+17 6.45270131e-46
2.78898029e+17 5.89858359e-45
2.65108360e+17 7.00604515e-44
2.52000499e+17 5.08384892e-43
2.39540736e+17 4.10492414e-42
2.27697026e+17 3.02585124e-41
2.16438909e+17 1.92065638e-40
2.05737431e+17 1.05317084e-39
1.95565072e+17 5.44147626e-39
1.85895668e+17 2.64173377e-38
1.76704353e+17 1.14234315e-37
1.67967487e+17 4.79859730e-37
1.59662602e+17 2.16529092e-36
1.51768339e+17 6.62888510e-36
1.44264395e+17 2.50743936e-35
1.37131472e+17 7.67634834e-35
1.30351224e+17 2.24947281e-34
1.23906216e+17 6.02939083e-34
1.17779870e+17 1.66395697e-33
1.11956432e+17 4.25958030e-33
1.06420924e+17 1.14470623e-32
1.01159111e+17 2.31929764e-32
9.61574600e+16 6.21102293e-32
9.14031075e+16 1.29240080e-31
8.68838264e+16 2.61854268e-31
8.25879939e+16 5.42966648e-31
7.85045620e+16 8.67726681e-31
7.46230289e+16 1.76398670e-30
7.09334120e+16 2.88238386e-30
6.74262224e+16 5.97675309e-30
6.40924402e+16 9.55157771e-30
6.09234915e+16 1.56596316e-29
5.79112265e+16 2.56999786e-29
5.50478981e+16 3.92260526e-29
5.23261424e+16 6.41425876e-29
4.97389596e+16 8.07660174e-29
4.72796959e+16 1.23517615e-28
4.49420266e+16 1.87827896e-28
4.27199397e+16 2.68908267e-28
4.06077203e+16 4.10436780e-28
3.85999362e+16 5.16537036e-28
3.66914238e+16 6.54352206e-28
3.48772747e+16 8.23945369e-28
3.31528234e+16 1.26010088e-27
3.15136348e+16 1.46564715e-27
2.99554933e+16 1.86851309e-27
2.84743917e+16 2.24502553e-27
2.70665207e+16 2.60860487e-27
2.57282597e+16 3.14120087e-27
2.44561668e+16 3.88285590e-27
2.32469706e+16 4.88915542e-27
2.20975611e+16 6.19612048e-27
2.10049824e+16 7.80896073e-27
1.99664245e+16 7.62489808e-27
1.89792164e+16 9.44982387e-27
1.80408193e+16 1.14072192e-26
1.71488197e+16 1.11458689e-26
1.63009236e+16 1.30096533e-26
1.54949504e+16 1.45231725e-26
1.47288272e+16 1.62942203e-26
1.40005838e+16 1.97255997e-26
1.33083472e+16 1.93783158e-26
1.26503372e+16 2.25853496e-26
1.20248614e+16 2.25911256e-26
1.14303113e+16 2.72463244e-26
1.08651577e+16 2.69849167e-26
1.03279473e+16 3.35785386e-26
9.81729841e+15 3.34487444e-26
9.33189772e+15 3.38554689e-26
8.87049689e+15 4.24020975e-26
8.43190929e+15 4.28635208e-26
8.01500696e+15 4.39189283e-26
7.61871770e+15 4.30570338e-26
7.24202233e+15 5.45802283e-26
6.88395207e+15 5.68934622e-26
6.54358602e+15 5.59816393e-26
6.22004883e+15 5.87497744e-26
5.91250841e+15 7.30840212e-26
5.62017385e+15 7.61707283e-26
5.34229330e+15 7.88391115e-26
5.07815211e+15 8.06702503e-26
4.82707097e+15 8.47213983e-26
4.58840413e+15 8.70664343e-26
4.36153779e+15 1.05994132e-25
4.14588850e+15 1.07885449e-25
3.94090164e+15 9.68346286e-26
3.74605003e+15 9.44191545e-26
3.56083255e+15 1.20034903e-25
3.38477286e+15 1.34255786e-25
3.21741815e+15 1.34699160e-25
3.05833803e+15 1.48435614e-25
2.90712338e+15 1.67139278e-25
2.76338529e+15 1.73074939e-25
2.62675410e+15 1.71650510e-25
2.49687843e+15 1.97385420e-25
2.37342425e+15 2.07535889e-25
2.25607407e+15 2.10250854e-25
2.14452608e+15 2.14287674e-25
2.03849340e+15 2.28393377e-25
1.93770334e+15 2.60395291e-25
1.84189668e+15 2.69394339e-25
1.75082703e+15 2.87378956e-25
1.66426018e+15 2.95228522e-25
1.58197348e+15 3.01392369e-25
1.50375532e+15 3.35623888e-25
1.42940453e+15 3.59691405e-25
1.35872990e+15 3.65205849e-25
1.29154967e+15 3.92443293e-25
1.22769105e+15 3.98580429e-25
1.16698982e+15 4.21921262e-25
1.10928986e+15 4.40199533e-25
1.05444279e+15 4.74728874e-25
1.00230755e+15 5.05561569e-25
9.52750047e+14 5.34526102e-25
9.05642838e+14 5.49740221e-25
8.60864770e+14 5.96470879e-25
8.18300682e+14 6.37002755e-25
7.77841107e+14 6.63265244e-25
7.39381992e+14 6.82689208e-25
7.02824426e+14 6.86681211e-25
6.68074392e+14 7.50019409e-25
6.35042517e+14 8.21604174e-25
6.03643851e+14 8.07283442e-25
5.73797641e+14 8.92188978e-25
5.45427131e+14 9.06838378e-25
5.18459354e+14 1.00029021e-24
4.92824957e+14 1.02243472e-24
4.68458012e+14 1.05551736e-24
4.45295851e+14 1.16451639e-24
4.23278907e+14 1.17583240e-24
4.02350555e+14 1.27550253e-24
3.82456972e+14 1.34648943e-24
3.63546996e+14 1.32269200e-24
3.45571994e+14 1.48125591e-24
3.28485737e+14 1.53218322e-24
3.12244282e+14 1.64042346e-24
2.96805861e+14 1.67731540e-24
2.82130768e+14 1.80303339e-24
2.68181261e+14 1.82953190e-24
2.54921465e+14 1.98349554e-24
2.42317279e+14 2.15257601e-24
2.30336287e+14 2.16196621e-24
2.18947676e+14 2.29284436e-24
2.08122157e+14 2.45213900e-24
1.97831888e+14 2.57956046e-24
1.88050406e+14 2.68844987e-24
1.78752553e+14 2.84726817e-24
1.69914417e+14 2.99105763e-24
1.61513269e+14 3.14258610e-24
1.53527503e+14 3.29581748e-24
1.45936580e+14 3.52044923e-24
1.38720978e+14 3.70031581e-24
1.31862140e+14 3.84833647e-24
1.25342427e+14 4.02442229e-24
1.19145070e+14 4.26618557e-24
1.13254132e+14 4.49599994e-24
1.07654461e+14 4.71391792e-24
1.02331658e+14 4.99132078e-24
9.72720319e+13 5.26790281e-24
9.24625712e+13 5.49044301e-24
8.78909065e+13 5.81100594e-24
8.35452806e+13 6.09433498e-24
7.94145172e+13 6.43856415e-24
7.54879928e+13 6.81148804e-24
7.17556092e+13 7.09823586e-24
6.82077673e+13 7.45093871e-24
6.48353429e+13 7.85906108e-24
6.16296626e+13 8.28198582e-24
5.85824820e+13 8.67939186e-24
5.56859644e+13 9.11930803e-24
5.29326606e+13 9.65062015e-24
5.03154895e+13 1.01301938e-23
4.78277202e+13 1.06387591e-23
4.54629547e+13 1.11532085e-23
4.32151113e+13 1.17829208e-23
4.10784089e+13 1.24309988e-23
3.90473524e+13 1.31032240e-23
3.71167182e+13 1.37542560e-23
3.52815412e+13 1.44825655e-23
3.35371015e+13 1.51392021e-23
3.18789129e+13 1.59575599e-23
3.03027108e+13 1.68118115e-23
2.88044415e+13 1.76559006e-23
2.73802518e+13 1.86286177e-23
2.60264788e+13 1.96102591e-23
2.47396410e+13 2.06170214e-23
2.35164288e+13 2.16456288e-23
2.23536965e+13 2.27578943e-23
2.12484535e+13 2.39411616e-23
2.01978576e+13 2.52422714e-23
1.91992067e+13 2.65645650e-23
1.82499324e+13 2.78943953e-23
1.73475936e+13 2.93839047e-23
1.64898694e+13 3.09430359e-23
1.56745541e+13 3.25653346e-23
1.48995507e+13 3.42601172e-23
1.41628662e+13 3.60173321e-23
1.34626058e+13 3.78842292e-23
1.27969687e+13 3.98517527e-23
1.21642429e+13 4.18598376e-23
1.15628013e+13 4.40769105e-23
1.09910970e+13 4.63885081e-23
1.04476597e+13 4.88221245e-23
9.93109181e+12 5.13665389e-23
9.44006479e+12 5.40631538e-23
8.97331581e+12 5.68030789e-23
8.52964450e+12 5.97989824e-23
8.10790981e+12 6.28559793e-23
7.70702711e+12 6.61834033e-23
7.32596543e+12 6.96452053e-23
6.96374473e+12 7.31628979e-23
6.61943346e+12 7.70031056e-23
6.29214611e+12 8.09957776e-23
5.98104096e+12 8.52599295e-23
5.68531791e+12 8.96324724e-23
5.40421642e+12 9.43080011e-23
5.13701354e+12 9.92170253e-23
4.88302209e+12 1.04402608e-22
4.64158883e+12 1.09883055e-22
4.41209286e+12 1.15598589e-22
4.19394396e+12 1.21586021e-22
3.98658107e+12 1.27900681e-22
3.78947092e+12 1.34555803e-22
3.60210656e+12 1.41523738e-22
3.42400614e+12 1.48931637e-22
3.25471161e+12 1.56648190e-22
3.09378757e+12 1.64776518e-22
2.94082017e+12 1.73403612e-22
2.79541600e+12 1.82378168e-22
2.65720111e+12 1.91910183e-22
2.52582003e+12 2.01845790e-22
2.40093488e+12 2.12341614e-22
2.28222447e+12 2.23444098e-22
2.16938352e+12 2.35092117e-22
2.06212180e+12 2.47262428e-22
1.96016347e+12 2.60082592e-22
1.86324631e+12 2.73653696e-22
1.77112106e+12 2.87877243e-22
1.68355080e+12 3.02910566e-22
1.60031031e+12 3.18568524e-22
1.52118552e+12 3.35178376e-22
1.44597292e+12 3.52664948e-22
1.37447909e+12 3.70936222e-22
1.30652016e+12 3.90244741e-22
1.24192135e+12 4.10557797e-22
1.18051653e+12 4.31949979e-22
1.12214777e+12 4.54421934e-22
1.06666496e+12 4.78004368e-22
1.01392541e+12 5.02937331e-22
9.63793480e+11 5.29056941e-22
9.16140246e+11 5.56508319e-22
8.70843150e+11 5.85473009e-22
8.27785697e+11 6.15987412e-22
7.86857151e+11 6.47981558e-22
7.47952252e+11 6.81691263e-22
7.10970943e+11 7.17113733e-22
6.75818117e+11 7.54527624e-22
6.42403366e+11 7.93746398e-22
6.10640754e+11 8.35008795e-22
5.80448594e+11 8.78437310e-22
5.51749238e+11 9.24156369e-22
5.24468875e+11 9.72201265e-22
4.98537346e+11 1.02277848e-21
4.73887961e+11 1.07596157e-21
4.50457325e+11 1.13194898e-21
4.28185180e+11 1.19082320e-21
4.07014245e+11 1.25285098e-21
3.86890074e+11 1.31790925e-21
3.67760910e+11 1.38650874e-21
3.49577557e+11 1.45866977e-21
3.32293252e+11 1.53452173e-21
3.15863541e+11 1.61430189e-21
3.00246171e+11 1.69830237e-21
2.85400977e+11 1.78662205e-21
2.71289780e+11 1.87953768e-21
2.57876289e+11 1.97731327e-21
2.45126006e+11 2.08017672e-21
2.33006141e+11 2.18836172e-21
2.21485523e+11 2.30223980e-21
2.10534524e+11 2.42195134e-21
2.00124980e+11 2.54796235e-21
1.90230119e+11 2.68047352e-21
1.80824493e+11 2.81983350e-21
1.71883914e+11 2.96659762e-21
1.63385388e+11 3.12089415e-21
1.55307057e+11 3.28319264e-21
1.47628147e+11 3.45399855e-21
1.40328908e+11 3.63358310e-21
1.33390569e+11 3.82262712e-21
1.26795285e+11 4.02147613e-21
1.20526094e+11 4.23066096e-21
1.14566873e+11 4.45073891e-21
1.08902296e+11 4.68223123e-21
1.03517796e+11 4.92580154e-21
9.83995230e+10 5.18201788e-21
9.35343152e+10 5.45152113e-21
8.89096599e+10 5.73509645e-21
8.45136633e+10 6.03337246e-21
8.03350198e+10 6.34727481e-21
7.63629826e+10 6.67738623e-21
7.25873365e+10 7.02471569e-21
6.89983712e+10 7.39013224e-21
6.55868566e+10 7.77444811e-21
6.23440189e+10 8.17895788e-21
5.92615181e+10 8.60431239e-21
5.63314267e+10 9.05188277e-21
5.35462090e+10 9.52273922e-21
5.08987019e+10 1.00180476e-20
4.83820966e+10 1.05390779e-20
4.59899209e+10 1.10873010e-20
4.37160225e+10 1.16640281e-20
4.15545533e+10 1.22707451e-20
3.94999546e+10 1.29089392e-20
3.75469422e+10 1.35804457e-20
3.56904935e+10 1.42868063e-20
3.39258338e+10 1.50299474e-20
3.22484250e+10 1.58117443e-20
3.06539530e+10 1.66342374e-20
2.91383170e+10 1.74994095e-20
2.76976194e+10 1.84097400e-20
2.63281547e+10 1.93673135e-20
2.50264010e+10 2.03747183e-20
2.37890104e+10 2.14344525e-20
2.26128007e+10 2.25494288e-20
2.14947467e+10 2.37223168e-20
2.04319732e+10 2.49561973e-20
1.94217468e+10 2.62543310e-20
1.84614695e+10 2.76199354e-20
1.75486715e+10 2.90565305e-20
1.66810054e+10 3.05679898e-20
1.58562396e+10 3.21580046e-20
1.50722531e+10 3.38307404e-20
1.43270295e+10 3.55904125e-20
1.36186524e+10 3.74416758e-20
1.29452998e+10 3.93892050e-20
1.23052400e+10 4.14380708e-20
1.16968270e+10 4.35934474e-20
1.11184960e+10 4.58609763e-20
1.05687597e+10 4.82464348e-20
1.00462042e+10 5.07560079e-20
9.54948564e+09 5.33960455e-20
9.07732653e+09 5.61734862e-20
8.62851257e+09 5.90954611e-20
8.20188950e+09 6.21691691e-20
7.79636013e+09 6.54030090e-20
7.41088152e+09 6.88048645e-20
7.04446228e+09 7.23838681e-20
6.69616005e+09 7.61488332e-20
6.36507908e+09 8.01096885e-20
6.05036788e+09 8.42767975e-20
5.75121707e+09 8.86602818e-20
5.46685730e+09 9.32719557e-20
5.19655724e+09 9.81236580e-20
4.93962174e+09 1.03227626e-19
4.69539001e+09 1.08596955e-19
4.46323393e+09 1.14245706e-19
4.24255643e+09 1.20188076e-19
4.03278998e+09 1.26439803e-19
3.83339510e+09 1.33016451e-19
3.64385898e+09 1.39935487e-19
3.46369418e+09 1.47214151e-19
3.29243733e+09 1.54871592e-19
3.12964801e+09 1.62927273e-19
2.97490755e+09 1.71402053e-19
2.82781798e+09 1.80317434e-19
2.68800102e+09 1.89696687e-19
2.55509709e+09 1.99563903e-19
2.42876438e+09 2.09944115e-19
2.30867799e+09 2.20864642e-19
2.19452909e+09 2.32352816e-19
2.08602409e+09 2.44438741e-19
1.98288395e+09 2.57153199e-19
1.88484341e+09 2.70529050e-19
1.79165033e+09 2.84600702e-19
1.70306503e+09 2.99404294e-19
1.61885969e+09 3.14977874e-19
1.53881775e+09 3.31361547e-19
1.46273336e+09 3.48597308e-19
1.39041083e+09 3.66729705e-19
1.32166418e+09 3.85805184e-19
1.25631660e+09 4.05872975e-19
1.19420003e+09 4.26984704e-19
1.13515471e+09 4.49194402e-19
1.07902879e+09 4.72559236e-19
1.02567793e+09 4.97139508e-19
9.74964918e+08 5.22998417e-19
9.26759330e+08 5.50202180e-19
8.80937190e+08 5.78821079e-19
8.37380654e+08 6.08928540e-19
7.95977700e+08 6.40602212e-19
7.56621850e+08 6.73923259e-19
7.19211887e+08 7.08977395e-19
6.83651600e+08 7.45855114e-19
6.49849535e+08 7.84650855e-19
6.17718760e+08 8.25464646e-19
5.87176639e+08 8.68401539e-19
5.58144625e+08 9.13571320e-19
5.30548053e+08 9.61091089e-19
5.04315949e+08 1.01108250e-18
4.79380850e+08 1.06367419e-18
4.55678627e+08 1.11900146e-18
4.33148322e+08 1.17720651e-18
4.11731993e+08 1.23843916e-18
3.91374560e+08 1.30285682e-18
3.72023668e+08 1.37062524e-18
3.53629550e+08 1.44191854e-18
3.36144900e+08 1.51692030e-18
3.19524751e+08 1.59582319e-18
3.03726358e+08 1.67883041e-18
2.88709092e+08 1.76615499e-18
2.74434330e+08 1.85802198e-18
2.60865362e+08 1.95466741e-18
2.47967289e+08 2.05633981e-18
2.35706941e+08 2.16330085e-18
2.24052787e+08 2.27582543e-18
2.12974854e+08 2.39420291e-18
2.02444651e+08 2.51873795e-18
1.92435098e+08 2.64975063e-18
1.82920450e+08 2.78757791e-18
1.73876240e+08 2.93257454e-18
1.65279206e+08 3.08511298e-18
1.57107239e+08 3.24558582e-18
1.49339322e+08 3.41440560e-18
1.41955477e+08 3.59200667e-18
1.34936714e+08 3.77884565e-18
1.28264983e+08 3.97540320e-18
1.21923125e+08 4.18218465e-18
1.15894830e+08 4.39972188e-18
1.10164595e+08 4.62857443e-18
1.04717682e+08 4.86933067e-18
9.95400829e+07 5.12261004e-18
9.46184819e+07 5.38906363e-18
8.99402217e+07 5.66937708e-18
8.54932707e+07 5.96427085e-18
8.12661920e+07 6.27450376e-18
7.72481145e+07 6.60087351e-18
7.34287045e+07 6.94421922e-18
6.97981391e+07 7.30542442e-18
6.63470812e+07 7.68541762e-18
6.30666554e+07 8.08517630e-18
5.99484250e+07 8.50572843e-18
5.69843706e+07 8.94815586e-18
5.41668691e+07 9.41359610e-18
5.14886745e+07 9.90324620e-18
4.89428990e+07 1.04183660e-17
4.65229952e+07 1.09602794e-17
4.42227398e+07 1.15303808e-17
4.20362168e+07 1.21301360e-17
3.99578030e+07 1.27610877e-17
3.79821531e+07 1.34248584e-17
3.61041860e+07 1.41231553e-17
3.43190720e+07 1.48577744e-17
3.26222201e+07 1.56306048e-17
3.10092664e+07 1.64436342e-17
2.94760626e+07 1.72989534e-17
2.80186656e+07 1.81987622e-17
2.66333273e+07 1.91453748e-17
2.53164848e+07 2.01412256e-17
2.40647515e+07 2.11888758e-17
2.28749082e+07 2.22910199e-17
2.17438948e+07 2.34504921e-17
2.06688025e+07 2.46702746e-17
1.96468665e+07 2.59535043e-17
1.86754584e+07 2.73034816e-17
1.77520801e+07 2.87236782e-17
1.68743568e+07 3.02177467e-17
1.60400311e+07 3.17895293e-17
1.52469573e+07 3.34430686e-17
1.44930957e+07 3.51826172e-17
1.37765077e+07 3.70126487e-17
1.30953502e+07 3.89378698e-17
1.24478715e+07 4.09632316e-17
1.18324063e+07 4.30939430e-17
1.12473718e+07 4.53354839e-17
1.06912634e+07 4.76936191e-17
1.01626509e+07 5.01744133e-17
9.66017480e+06 5.27842464e-17
9.18254284e+06 5.55298307e-17
8.72852662e+06 5.84182269e-17
8.29695852e+06 6.14568639e-17
7.88672862e+06 6.46535562e-17
7.49678187e+06 6.80165252e-17
7.12611543e+06 7.15544198e-17
6.77377600e+06 7.52763388e-17
6.43885743e+06 7.91918541e-17
6.12049837e+06 8.33110359e-17
5.81788007e+06 8.76444780e-17
5.53022426e+06 9.22033250e-17
5.25679112e+06 9.69993014e-17
4.99687745e+06 1.02044742e-16
4.74981480e+06 1.07352622e-16
4.51496777e+06 1.12936592e-16
4.29173238e+06 1.18811014e-16
4.07953450e+06 1.24990995e-16
3.87782841e+06 1.31492430e-16
3.68609536e+06 1.38332038e-16
3.50384225e+06 1.45527410e-16
3.33060034e+06 1.53097051e-16
3.16592411e+06 1.61060429e-16
3.00939003e+06 1.69438023e-16
2.86059554e+06 1.78251380e-16
2.71915794e+06 1.87523166e-16
2.58471351e+06 1.97277226e-16
2.45691646e+06 2.07538645e-16
2.33543814e+06 2.18333815e-16
2.21996612e+06 2.29690498e-16
2.11020343e+06 2.41637902e-16
2.00586778e+06 2.54206753e-16
1.90669084e+06 2.67429376e-16
1.81241755e+06 2.81339776e-16
1.72280545e+06 2.95973730e-16
1.63762407e+06 3.11368872e-16
1.55665436e+06 3.27564796e-16
1.47968806e+06 3.44603155e-16
1.40652724e+06 3.62527769e-16
1.33698374e+06 3.81384736e-16
1.27087871e+06 4.01222553e-16
1.20804213e+06 4.22092238e-16
1.14831241e+06 4.44047467e-16
1.09153594e+06 4.67144701e-16
1.03756668e+06 4.91443345e-16
9.86265846e+05 5.17005889e-16
9.37501502e+05 5.43898075e-16
8.91148232e+05 5.72189066e-16
8.47086827e+05 6.01951620e-16
8.05203967e+05 6.33262282e-16
7.65391939e+05 6.66201576e-16
7.27548353e+05 7.00854217e-16
6.91575883e+05 7.37309325e-16
6.57382014e+05 7.75660655e-16
6.24878807e+05 8.16006841e-16
5.93982669e+05 8.58451646e-16
5.64614142e+05 9.03104230e-16
5.36697695e+05 9.50079432e-16
5.10161531e+05 9.99498062e-16
4.84937407e+05 1.05148722e-15
4.60960449e+05 1.10618061e-15
4.38168993e+05 1.16371889e-15
4.16504425e+05 1.22425004e-15
3.95911027e+05 1.28792975e-15
3.76335836e+05 1.35492177e-15
3.57728510e+05 1.42539841e-15
3.40041193e+05 1.49954091e-15
3.23228398e+05 1.57753997e-15
3.07246884e+05 1.65959617e-15
2.92055551e+05 1.74592055e-15
2.77615329e+05 1.83673513e-15
2.63889081e+05 1.93227347e-15
2.50841506e+05 2.03278127e-15
2.38439047e+05 2.13851703e-15
2.26649808e+05 2.24975267e-15
2.15443469e+05 2.36677428e-15
2.04791210e+05 2.48988283e-15
1.94665634e+05 2.61939492e-15
1.85040702e+05 2.75564364e-15
1.75891659e+05 2.89897940e-15
1.67194976e+05 3.04977084e-15
1.58928287e+05 3.20840577e-15
1.51070330e+05 3.37529218e-15
1.43600898e+05 3.55085927e-15
1.36500781e+05 3.73555858e-15
1.29751717e+05 3.92986513e-15
1.23336350e+05 4.13427865e-15
1.17238180e+05 4.34932486e-15
1.11441525e+05 4.57555683e-15
1.05931476e+05 4.81355640e-15
1.00693863e+05 5.06393567e-15
9.57152154e+04 5.32733860e-15
9.09827289e+04 5.60444261e-15
8.64842328e+04 5.89596039e-15
8.22081576e+04 6.20264169e-15
7.81435061e+04 6.52527526e-15
7.42798248e+04 6.86469088e-15
7.06071771e+04 7.22176149e-15
6.71161177e+04 7.59740544e-15
6.37976681e+04 7.99258885e-15
6.06432940e+04 8.40832811e-15
5.76448828e+04 8.84569246e-15
5.47947234e+04 9.30580676e-15
5.20854855e+04 9.78985440e-15
4.95102016e+04 1.02990803e-14
4.70622485e+04 1.08347942e-14
4.47353305e+04 1.13983739e-14
4.25234633e+04 1.19912689e-14
4.04209584e+04 1.26150042e-14
3.84224085e+04 1.32711839e-14
3.65226736e+04 1.39614957e-14
3.47168682e+04 1.46877151e-14
3.30003479e+04 1.54517100e-14
3.13686982e+04 1.62554453e-14
2.98177229e+04 1.71009882e-14
2.83434331e+04 1.79905136e-14
2.69420371e+04 1.89263094e-14
2.56099310e+04 1.99107823e-14
2.43436887e+04 2.09464647e-14
2.31400538e+04 2.20360203e-14
2.19959307e+04 2.31822515e-14
2.09083769e+04 2.43881067e-14
1.98745955e+04 2.56566874e-14
1.88919278e+04 2.69912566e-14
1.79578465e+04 2.83952470e-14
1.70699493e+04 2.98722700e-14
1.62259529e+04 3.14261247e-14
1.54236865e+04 3.30608079e-14
1.46610868e+04 3.47805246e-14
1.39361927e+04 3.65896981e-14
1.32471399e+04 3.84929823e-14
1.25921561e+04 4.04952730e-14
1.19695570e+04 4.26017208e-14
1.13777413e+04 4.48177441e-14
1.08151870e+04 4.71490435e-14
1.02804473e+04 4.96016161e-14
9.77214697e+03 5.21817710e-14
9.28897872e+03 5.48961455e-14
8.82969996e+03 5.77517226e-14
8.39312950e+03 6.07558483e-14
7.97814457e+03 6.39162511e-14
7.58367791e+03 6.72410615e-14
7.20871503e+03 7.07388333e-14
6.85229160e+03 7.44185652e-14
6.51349095e+03 7.82897244e-14
6.19144176e+03 8.23622707e-14
5.88531578e+03 8.66466823e-14
5.59432571e+03 9.11539827e-14
5.31772318e+03 9.58957692e-14
5.05479682e+03 1.00884243e-13
4.80487044e+03 1.06132239e-13
4.56730127e+03 1.11653263e-13
4.34147833e+03 1.17461520e-13
4.12682085e+03 1.23571959e-13
3.92277676e+03 1.30000303e-13
3.72882131e+03 1.36763095e-13
3.54445567e+03 1.43877742e-13
3.36920571e+03 1.51362553e-13
3.20262069e+03 1.59236792e-13
3.04427221e+03 1.67520728e-13
2.89375302e+03 1.76235683e-13
2.75067601e+03 1.85404090e-13
2.61467321e+03 1.95049551e-13
2.48539486e+03 2.05196898e-13
2.36250847e+03 2.15872253e-13
2.24569800e+03 2.27103104e-13
2.13466303e+03 2.38918365e-13
2.02911802e+03 2.51348463e-13
1.92879151e+03 2.64425404e-13
1.83342548e+03 2.78182866e-13
1.74277468e+03 2.92656282e-13
1.65660596e+03 3.07882929e-13
1.57469771e+03 3.23902030e-13
1.49683929e+03 3.40754851e-13
1.42283046e+03 3.58484810e-13
1.35248087e+03 3.77137589e-13
1.28560961e+03 3.96761253e-13
1.22204469e+03 4.17406374e-13
1.16162263e+03 4.39126160e-13
1.10418805e+03 4.61976598e-13
1.04959323e+03 4.86016595e-13
9.97697764e+02 5.11308133e-13
9.48368187e+02 5.37916429e-13
9.01477631e+02 5.65910106e-13
8.56905505e+02 5.95361370e-13
8.14537177e+02 6.26346199e-13
7.74263683e+02 6.58944540e-13
7.35981448e+02 6.93240519e-13
6.99592017e+02 7.29322658e-13
6.65001803e+02 7.67284109e-13
6.32121848e+02 8.07222895e-13
6.00867589e+02 8.49242168e-13
5.71158648e+02 8.93450477e-13
5.42918618e+02 9.39962056e-13
5.16074871e+02 9.88897119e-13
4.90558371e+02 1.04038218e-12
4.66303493e+02 1.09455038e-12
4.43247859e+02 1.15154185e-12
4.21332174e+02 1.21150407e-12
4.00500076e+02 1.27459224e-12
3.80697987e+02 1.34096974e-12
3.61874981e+02 1.41080851e-12
3.43982649e+02 1.48428955e-12
3.26974974e+02 1.56160337e-12
3.10808217e+02 1.64295049e-12
2.95440800e+02 1.72854202e-12
2.80833200e+02 1.81860018e-12
2.66947849e+02 1.91335892e-12
2.53749038e+02 2.01306454e-12
2.41202821e+02 2.11797636e-12
2.29276931e+02 2.22836739e-12
2.17940698e+02 2.34452512e-12
2.07164968e+02 2.46675227e-12
1.96922026e+02 2.59536763e-12
1.87185529e+02 2.73070689e-12
1.77930439e+02 2.87312363e-12
1.69132952e+02 3.02299025e-12
1.60770442e+02 3.18069901e-12
1.52821404e+02 3.34666313e-12
1.45265393e+02 3.52131794e-12
1.38082977e+02 3.70512210e-12
1.31255684e+02 3.89855890e-12
1.24765955e+02 4.10213765e-12
1.18597101e+02 4.31639511e-12
1.12733256e+02 4.54189706e-12
1.07159340e+02 4.77923993e-12
1.01861017e+02 5.02905256e-12
9.68246612e+01 5.29199802e-12
9.20373200e+01 5.56877563e-12
8.74866812e+01 5.86012304e-12
8.31610415e+01 6.16681845e-12
7.90492762e+01 6.48968303e-12
7.51408106e+01 6.82958343e-12
7.14255929e+01 7.18743453e-12
6.78940681e+01 7.56420234e-12
6.45371540e+01 7.96090710e-12
6.13462172e+01 8.37862660e-12
5.83130511e+01 8.81849979e-12
5.54298552e+01 9.28173060e-12
5.26892142e+01 9.76959204e-12
5.00840799e+01 1.02834307e-11
4.76077523e+01 1.08246714e-11
4.52538628e+01 1.13948226e-11
4.30163576e+01 1.19954816e-11
4.08894823e+01 1.26283409e-11
3.88677669e+01 1.32951947e-11
3.69460121e+01 1.39979457e-11
3.51192753e+01 1.47386132e-11
3.33828586e+01 1.55193412e-11
3.17322963e+01 1.63424077e-11
3.01633435e+01 1.72102345e-11
2.86719650e+01 1.80919170e-11
2.72543253e+01 1.90517696e-11
2.59067786e+01 2.00637632e-11
2.46258592e+01 2.11308783e-11
2.34082728e+01 2.22562840e-11
2.22508880e+01 2.34433519e-11
2.11507282e+01 2.46956719e-11
2.01049642e+01 2.60170684e-11
1.91109062e+01 2.74116189e-11
1.81659979e+01 2.88836744e-11
1.72678090e+01 3.04378809e-11
1.64140297e+01 3.20792040e-11
1.56024641e+01 3.38129553e-11
1.48310251e+01 3.56454719e-11
1.40977287e+01 3.75798278e-11
1.34006890e+01 3.96247419e-11
1.27381132e+01 4.17877479e-11
1.21082975e+01 4.40768994e-11
1.15096220e+01 4.64988532e-11
1.09405471e+01 4.90631127e-11
1.03996091e+01 5.17789105e-11
9.88541702e+00 5.46562228e-11
9.39664831e+00 5.77060747e-11
8.93204600e+00 6.09402638e-11
8.49041520e+00 6.43716218e-11
8.07062014e+00 6.80140209e-11
7.67158118e+00 7.18825073e-11
7.29227206e+00 7.59934165e-11
6.93171728e+00 8.03644809e-11
6.58898955e+00 8.50149780e-11
6.26320745e+00 8.99658719e-11
5.95353313e+00 9.52399789e-11
5.65917016e+00 1.00862142e-10
5.37936150e+00 1.06859423e-10
5.11338754e+00 1.13261310e-10
4.86056423e+00 1.20099941e-10
4.62024137e+00 1.27410345e-10
4.39180089e+00 1.35230698e-10
4.17465529e+00 1.43602598e-10
3.96824610e+00 1.52571351e-10
3.77204249e+00 1.62186277e-10
3.58553986e+00 1.72501024e-10
3.40825855e+00 1.83573889e-10
3.23974263e+00 1.95468150e-10
3.07955871e+00 2.08252393e-10
2.92729484e+00 2.22000833e-10
2.78255940e+00 2.36793620e-10
2.64498018e+00 2.52717121e-10
2.51420335e+00 2.69864162e-10
2.38989257e+00 2.88334219e-10
2.27172813e+00 3.08233545e-10
2.15940615e+00 3.29675201e-10
2.05263775e+00 3.52429994e-10
1.95114835e+00 3.77261037e-10
1.85467692e+00 4.04006935e-10
1.76297538e+00 4.32805433e-10
1.67580786e+00 4.63799087e-10
1.59295021e+00 4.97853794e-10
1.51418933e+00 5.33774650e-10
1.43932264e+00 5.72338739e-10
1.36815763e+00 6.13704990e-10
1.30051125e+00 6.58013989e-10
1.23620954e+00 7.05405294e-10
1.17508713e+00 7.56009246e-10
1.11698682e+00 8.09943420e-10
1.06175918e+00 8.67308575e-10
1.00926219e+00 9.28184075e-10
9.59360829e-01 9.92622669e-10
9.11926760e-01 1.06064450e-09
8.66837993e-01 1.13223015e-09
8.23978568e-01 1.20731255e-09
7.83238260e-01 1.28576738e-09
7.44512291e-01 1.36740193e-09
7.07701066e-01 1.45194216e-09
6.72709914e-01 1.53901812e-09
6.39448843e-01 1.62814811e-09
6.07832313e-01 1.71877471e-09
5.77779012e-01 1.81005406e-09
5.49211648e-01 1.90111929e-09
5.22056753e-01 1.99090054e-09
4.96244488e-01 2.07816795e-09
4.71708469e-01 2.16141615e-09
4.48385595e-01 2.23939481e-09
4.26215883e-01 2.31042057e-09
4.05142317e-01 2.37290439e-09
3.85110700e-01 2.42530794e-09
3.66069515e-01 2.46622098e-09
3.47969790e-01 2.49443981e-09
3.30764978e-01 2.50903916e-09
3.14410830e-01 2.50942975e-09
2.98865287e-01 2.49493896e-09
2.84088369e-01 2.46641853e-09
2.70042072e-01 2.42414806e-09
2.56690272e-01 2.36901516e-09
2.43998630e-01 2.30219554e-09
2.31934506e-01 2.22508778e-09
2.20466874e-01 2.13924060e-09
2.09566240e-01 2.04629627e-09
1.99204571e-01 1.94790448e-09
1.89355218e-01 1.80113573e-09
1.79992851e-01 1.70108076e-09
1.71093391e-01 1.60058963e-09
1.62633950e-01 1.53082196e-09
1.54592774e-01 1.42739790e-09
1.46949180e-01 1.32648250e-09
1.39683512e-01 1.22887689e-09
1.32777083e-01 1.13522126e-09
1.26212131e-01 1.04600271e-09
1.19971774e-01 9.61566415e-10
1.14039960e-01 8.82129139e-10
1.08401436e-01 8.07794456e-10
1.03041699e-01 7.38568745e-10
9.79469667e-02 6.74377388e-10
9.31041349e-02 6.15080492e-10
8.85007491e-02 5.60487666e-10
8.41249705e-02 5.10371472e-10
7.99655453e-02 4.64479308e-10
7.60117762e-02 4.22543605e-10
7.22534949e-02 3.84290321e-10
6.86810359e-02 3.49445791e-10
6.52852114e-02 3.17742066e-10
6.20572881e-02 2.88920901e-10
5.89889643e-02 2.62813161e-10
5.60723488e-02 2.39025093e-10
5.32999408e-02 2.17424356e-10
5.06646101e-02 1.97811672e-10
4.81595791e-02 1.80003595e-10
4.57784054e-02 1.63818503e-10
4.35149650e-02 1.49142942e-10
4.13634368e-02 1.35809785e-10
3.93182876e-02 1.23692008e-10
3.73742574e-02 1.12674644e-10
3.55263468e-02 1.02653804e-10
3.37698031e-02 9.35357166e-11
3.21001090e-02 8.52358027e-11
3.05129702e-02 7.76778063e-11
2.90043049e-02 7.07929805e-11
2.75702333e-02 6.45224737e-11
2.62070670e-02 5.88037948e-11
2.49113003e-02 5.35897836e-11
2.36796007e-02 4.88348916e-11
2.25088005e-02 4.44979511e-11
2.13958887e-02 4.05417167e-11
2.03380031e-02 3.69324560e-11
1.93324229e-02 3.36395844e-11
1.83765620e-02 3.06353411e-11
1.74679622e-02 2.80061589e-11
1.66042866e-02 2.54891532e-11
1.57833141e-02 2.31926804e-11
1.50029332e-02 2.10979587e-11
1.42611371e-02 1.91877910e-11
1.35560179e-02 1.74464178e-11
1.28857621e-02 1.58593897e-11
1.22486461e-02 1.44134537e-11
1.16430313e-02 1.30964529e-11
1.10673602e-02 1.18904270e-11
1.05201522e-02 1.08033687e-11
1.00000000e-02 9.81346415e-12
