1.00000000e+20 0.00000000e+00
9.50556592e+19 0.00000000e+00
9.03557835e+19 0.00000000e+00
8.58882856e+19 0.00000000e+00
8.16416760e+19 0.00000000e+00
7.76050334e+19 0.00000000e+00
7.37679760e+19 0.00000000e+00
7.01206359e+19 0.00000000e+00
6.66536327e+19 0.00000000e+00
6.33580499e+19 0.00000000e+00
6.02254120e+19 0.00000000e+00
5.72476624e+19 0.00000000e+00
5.44171429e+19 0.00000000e+00
5.17265739e+19 0.00000000e+00
4.91690358e+19 0.00000000e+00
4.67379511e+19 0.00000000e+00
4.44270675e+19 0.00000000e+00
4.22304419e+19 0.00000000e+00
4.01424249e+19 0.00000000e+00
3.81576466e+19 0.00000000e+00
3.62710025e+19 0.00000000e+00
3.44776405e+19 0.00000000e+00
3.27729485e+19 0.00000000e+00
3.11525422e+19 0.00000000e+00
2.96122544e+19 0.00000000e+00
2.81481236e+19 0.00000000e+00
2.67563844e+19 0.00000000e+00
2.54334576e+19 0.00000000e+00
2.41759408e+19 0.00000000e+00
2.29805999e+19 0.00000000e+00
2.18443607e+19 0.00000000e+00
2.07643011e+19 0.00000000e+00
1.97376433e+19 0.00000000e+00
1.87617469e+19 0.00000000e+00
1.78341022e+19 0.00000000e+00
1.69523234e+19 0.00000000e+00
1.61141428e+19 0.00000000e+00
1.53174046e+19 0.00000000e+00
1.45600600e+19 0.00000000e+00
1.38401610e+19 0.00000000e+00
1.31558562e+19 0.00000000e+00
1.25053859e+19 0.00000000e+00
1.18870770e+19 0.00000000e+00
1.12993394e+19 0.00000000e+00
1.07406615e+19 0.00000000e+00
1.02096066e+19 0.00000000e+00
9.70480888e+18 0.00000000e+00
9.22497005e+18 0.00000000e+00
8.76885609e+18 0.00000000e+00
8.33529397e+18 0.00000000e+00
7.92316862e+18 0.00000000e+00
7.53142017e+18 0.00000000e+00
7.15904109e+18 0.00000000e+00
6.80507370e+18 0.00000000e+00
6.46860766e+18 0.00000000e+00
6.14877765e+18 0.00000000e+00
5.84476113e+18 0.00000000e+00
5.55577622e+18 0.00000000e+00
5.28107971e+18 0.00000000e+00
5.01996513e+18 0.00000000e+00
4.77176095e+18 0.00000000e+00
4.53582883e+18 0.00000000e+00
4.31156199e+18 0.00000000e+00
4.09838367e+18 0.00000000e+00
3.89574562e+18 0.00000000e+00
3.70312668e+18 0.00000000e+00
3.52003147e+18 0.00000000e+00
3.34598912e+18 0.00000000e+00
3.18055202e+18 0.00000000e+00
3.02329468e+18 0.00000000e+00
2.87381269e+18 0.00000000e+00
2.73172160e+18 0.00000000e+00
2.59665597e+18 0.00000000e+00
2.46826845e+18 0.00000000e+00
2.34622885e+18 0.00000000e+00
2.23022330e+18 0.00000000e+00
2.11995346e+18 0.00000000e+00
2.01513573e+18 0.00000000e+00
1.91550056e+18 0.00000000e+00
1.82079168e+18 0.00000000e+00
1.73076553e+18 0.00000000e+00
1.64519059e+18 0.00000000e+00
1.56384676e+18 0.00000000e+00
1.48652484e+18 0.00000000e+00
1.41302599e+18 0.00000000e+00
1.34316117e+18 0.00000000e+00
1.27675070e+18 0.00000000e+00
1.21362380e+18 0.00000000e+00
1.15361810e+18 0.00000000e+00
1.09657929e+18 0.00000000e+00
1.04236067e+18 0.00000000e+00
9.90822810e+17 0.00000000e+00
9.41833153e+17 0.00000000e+00
8.95265713e+17 0.00000000e+00
8.51000725e+17 0.00000000e+00
8.08924349e+17 0.00000000e+00
7.68928372e+17 0.00000000e+00
7.30909933e+17 0.00000000e+00
6.94771255e+17 0.00000000e+00
6.60419396e+17 0.00000000e+00
6.27766011e+17 0.00000000e+00
5.96727120e+17 0.00000000e+00
5.67222897e+17 0.00000000e+00
5.39177464e+17 0.00000000e+00
5.12518693e+17 0.00000000e+00
4.87178022e+17 0.00000000e+00
4.63090280e+17 2.29727969e-57
4.40193519e+17 9.93981056e-56
4.18428851e+17 4.12984579e-54
3.97740302e+17 1.04326274e-52
3.78074666e+17 2.99457721e-51
3.59381366e+17 6.82880905e-50
3.41612327e+17 1.26976398e-48
3.24721849e+17 1.94675845e-47
3.08666494e+17 3.00438981e-46
2.93404971e+17 3.56846526e-45
2.78898029e+17 3.26202774e-44
2.65108360e+17 3.87447482e-43
2.52000499e+17 2.81146413e-42
2.39540736e+17 2.27010031e-41
2.27697026e+17 1.67335268e-40
2.16438909e+17 1.06215912e-39
2.05737431e+17 5.82423294e-39
1.95565072e+17 3.00923878e-38
1.85895668e+17 1.46092849e-37
1.76704353e+17 6.31737262e-37
1.67967487e+17 2.65371462e-36
1.59662602e+17 1.19744663e-35
1.51768339e+17 3.66589822e-35
1.44264395e+17 1.38666115e-34
1.37131472e+17 4.24516510e-34
1.30351224e+17 1.24400080e-33
1.23906216e+17 3.33436660e-33
1.17779870e+17 9.20199522e-33
1.11956432e+17 2.35562807e-32
1.06420924e+17 6.33044089e-32
1.01159111e+17 1.28261524e-31
9.61574600e+16 3.43481257e-31
9.14031075e+16 7.14721965e-31
8.68838264e+16 1.44810338e-30
8.25879939e+16 3.00270775e-30
7.85045620e+16 4.79869185e-30
7.46230289e+16 9.75517843e-30
7.09334120e+16 1.59401252e-29
6.74262224e+16 3.30525694e-29
6.40924402e+16 5.28220224e-29
6.09234915e+16 8.66007098e-29
5.79112265e+16 1.42125718e-28
5.50478981e+16 2.16927453e-28
5.23261424e+16 3.54720581e-28
4.97389596e+16 4.46651276e-28
4.72796959e+16 6.83075659e-28
4.49420266e+16 1.03872361e-27
4.27199397e+16 1.48711333e-27
4.06077203e+16 2.26979264e-27
3.85999362e+16 2.85654702e-27
3.66914238e+16 3.61869085e-27
3.48772747e+16 4.55657296e-27
3.31528234e+16 6.96859504e-27
3.15136348e+16 8.10530456e-27
2.99554933e+16 1.03332291e-26
2.84743917e+16 1.24154137e-26
2.70665207e+16 1.44260759e-26
2.57282597e+16 1.73714320e-26
2.44561668e+16 2.14729239e-26
2.32469706e+16 2.70379496e-26
2.20975611e+16 3.42657124e-26
2.10049824e+16 4.31850225e-26
1.99664245e+16 4.21671214e-26
1.89792164e+16 5.22593045e-26
1.80408193e+16 6.30840689e-26
1.71488197e+16 6.16387529e-26
1.63009236e+16 7.19458312e-26
1.54949504e+16 8.03158770e-26
1.47288272e+16 9.01101047e-26
1.40005838e+16 1.09086279e-25
1.33083472e+16 1.07165734e-25
1.26503372e+16 1.24901234e-25
1.20248614e+16 1.24933176e-25
1.14303113e+16 1.50677302e-25
1.08651577e+16 1.49231668e-25
1.03279473e+16 1.85695638e-25
9.81729841e+15 1.84977851e-25
9.33189772e+15 1.87227114e-25
8.87049689e+15 2.34491579e-25
8.43190929e+15 2.37043337e-25
8.01500696e+15 2.42879938e-25
7.61871770e+15 2.38113500e-25
7.24202233e+15 3.01838934e-25
6.88395207e+15 3.14631553e-25
6.54358602e+15 3.09589001e-25
6.22004883e+15 3.24897309e-25
5.91250841e+15 4.04168391e-25
5.62017385e+15 4.21238462e-25
5.34229330e+15 4.35995123e-25
5.07815211e+15 4.46121665e-25
4.82707097e+15 4.68525276e-25
4.58840413e+15 4.81493766e-25
4.36153779e+15 5.86167497e-25
4.14588850e+15 5.96626837e-25
3.94090164e+15 5.35513719e-25
3.74605003e+15 5.22155693e-25
3.56083255e+15 6.63815602e-25
3.38477286e+15 7.42459764e-25
3.21741815e+15 7.44911703e-25
3.05833803e+15 8.20876880e-25
2.90712338e+15 9.24311660e-25
2.76338529e+15 9.57136983e-25
2.62675410e+15 9.49259624e-25
2.49687843e+15 1.09157852e-24
2.37342425e+15 1.14771252e-24
2.25607407e+15 1.16272679e-24
2.14452608e+15 1.18505117e-24
2.03849340e+15 1.26305836e-24
1.93770334e+15 1.44003497e-24
1.84189668e+15 1.48980139e-24
1.75082703e+15 1.58925971e-24
1.66426018e+15 1.63266929e-24
1.58197348e+15 1.66675652e-24
1.50375532e+15 1.85606326e-24
1.42940453e+15 1.98916116e-24
1.35872990e+15 2.01965707e-24
1.29154967e+15 2.17028527e-24
1.22769105e+15 2.20422479e-24
1.16698982e+15 2.33330398e-24
1.10928986e+15 2.43438626e-24
1.05444279e+15 2.62534002e-24
1.00230755e+15 2.79585063e-24
9.52750047e+14 2.95602994e-24
9.05642838e+14 3.04016688e-24
8.60864770e+14 3.29859622e-24
8.18300682e+14 3.52274512e-24
7.77841107e+14 3.66798163e-24
7.39381992e+14 3.77539981e-24
7.02824426e+14 3.79747633e-24
6.68074392e+14 4.14774849e-24
6.35042517e+14 4.54362571e-24
6.03643851e+14 4.46442937e-24
5.73797641e+14 4.93397296e-24
5.45427131e+14 5.01498691e-24
5.18459354e+14 5.53179310e-24
4.92824957e+14 5.65425643e-24
4.68458012e+14 5.83720963e-24
4.45295851e+14 6.43999481e-24
4.23278907e+14 6.50257447e-24
4.02350555e+14 7.05376906e-24
3.82456972e+14 7.44633994e-24
3.63546996e+14 7.31473567e-24
3.45571994e+14 8.19162396e-24
3.28485737e+14 8.47326158e-24
3.12244282e+14 9.07185046e-24
2.96805861e+14 9.27586983e-24
2.82130768e+14 9.97111399e-24
2.68181261e+14 1.01176557e-23
2.54921465e+14 1.09691036e-23
2.42317279e+14 1.19041504e-23
2.30336287e+14 1.19560800e-23
2.18947676e+14 1.26798608e-23
2.08122157e+14 1.35607902e-23
1.97831888e+14 1.42654548e-23
1.88050406e+14 1.48676338e-23
1.78752553e+14 1.57459289e-23
1.69914417e+14 1.65411116e-23
1.61513269e+14 1.73790925e-23
1.53527503e+14 1.82264910e-23
1.45936580e+14 1.94687468e-23
1.38720978e+14 2.04634428e-23
1.31862140e+14 2.12820249e-23
1.25342427e+14 2.22558127e-23
1.19145070e+14 2.35928091e-23
1.13254132e+14 2.48637258e-23
1.07654461e+14 2.60688532e-23
1.02331658e+14 2.76029433e-23
9.72720319e+13 2.91324940e-23
9.24625712e+13 3.03631832e-23
8.78909065e+13 3.21359565e-23
8.35452806e+13 3.37028194e-23
7.94145172e+13 3.56064715e-23
7.54879928e+13 3.76688108e-23
7.17556092e+13 3.92545802e-23
6.82077673e+13 4.12050933e-23
6.48353429e+13 4.34620869e-23
6.16296626e+13 4.58009403e-23
5.85824820e+13 4.79986705e-23
5.56859644e+13 5.04314897e-23
5.29326606e+13 5.33697457e-23
5.03154895e+13 5.60218785e-23
4.78277202e+13 5.88343400e-23
4.54629547e+13 6.16793421e-23
4.32151113e+13 6.51617694e-23
4.10784089e+13 6.87457629e-23
3.90473524e+13 7.24632950e-23
3.71167182e+13 7.60636243e-23
3.52815412e+13 8.00913129e-23
3.35371015e+13 8.37226367e-23
3.18789129e+13 8.82483095e-23
3.03027108e+13 9.29724815e-23
2.88044415e+13 9.76404530e-23
2.73802518e+13 1.03019762e-22
2.60264788e+13 1.08448424e-22
2.47396410e+13 1.14016009e-22
2.35164288e+13 1.19704401e-22
2.23536965e+13 1.25855439e-22
2.12484535e+13 1.32399129e-22
2.01978576e+13 1.39594512e-22
1.91992067e+13 1.46907044e-22
1.82499324e+13 1.54261256e-22
1.73475936e+13 1.62498523e-22
1.64898694e+13 1.71120812e-22
1.56745541e+13 1.80092429e-22
1.48995507e+13 1.89464896e-22
1.41628662e+13 1.99182625e-22
1.34626058e+13 2.09506918e-22
1.27969687e+13 2.20387692e-22
1.21642429e+13 2.31492780e-22
1.15628013e+13 2.43753611e-22
1.09910970e+13 2.56537180e-22
1.04476597e+13 2.69995537e-22
9.93109181e+12 2.84066627e-22
9.44006479e+12 2.98979416e-22
8.97331581e+12 3.14131717e-22
8.52964450e+12 3.30699627e-22
8.10790981e+12 3.47605395e-22
7.70702711e+12 3.66006676e-22
7.32596543e+12 3.85151093e-22
6.96374473e+12 4.04604595e-22
6.61943346e+12 4.25841666e-22
6.29214611e+12 4.47921894e-22
5.98104096e+12 4.71503456e-22
5.68531791e+12 4.95684442e-22
5.40421642e+12 5.21540995e-22
5.13701354e+12 5.48688823e-22
4.88302209e+12 5.77366070e-22
4.64158883e+12 6.07673976e-22
4.41209286e+12 6.39281951e-22
4.19394396e+12 6.72393581e-22
3.98658107e+12 7.07314839e-22
3.78947092e+12 7.44118916e-22
3.60210656e+12 7.82652905e-22
3.42400614e+12 8.23619980e-22
3.25471161e+12 8.66293971e-22
3.09378757e+12 9.11245157e-22
2.94082017e+12 9.58954607e-22
2.79541600e+12 1.00858559e-21
2.65720111e+12 1.06129943e-21
2.52582003e+12 1.11624521e-21
2.40093488e+12 1.17428909e-21
2.28222447e+12 1.23568792e-21
2.16938352e+12 1.30010365e-21
2.06212180e+12 1.36740776e-21
1.96016347e+12 1.43830568e-21
1.86324631e+12 1.51335644e-21
1.77112106e+12 1.59201533e-21
1.68355080e+12 1.67515244e-21
1.60031031e+12 1.76174389e-21
1.52118552e+12 1.85359950e-21
1.44597292e+12 1.95030353e-21
1.37447909e+12 2.05134712e-21
1.30652016e+12 2.15812686e-21
1.24192135e+12 2.27046188e-21
1.18051653e+12 2.38876468e-21
1.12214777e+12 2.51303882e-21
1.06666496e+12 2.64345412e-21
1.01392541e+12 2.78133809e-21
9.63793480e+11 2.92578445e-21
9.16140246e+11 3.07759574e-21
8.70843150e+11 3.23777593e-21
8.27785697e+11 3.40652632e-21
7.86857151e+11 3.58345997e-21
7.47952252e+11 3.76988098e-21
7.10970943e+11 3.96577391e-21
6.75818117e+11 4.17267976e-21
6.42403366e+11 4.38956697e-21
6.10640754e+11 4.61775579e-21
5.80448594e+11 4.85792365e-21
5.51749238e+11 5.11075865e-21
5.24468875e+11 5.37645596e-21
4.98537346e+11 5.65615750e-21
4.73887961e+11 5.95026998e-21
4.50457325e+11 6.25989090e-21
4.28185180e+11 6.58547639e-21
4.07014245e+11 6.92850173e-21
3.86890074e+11 7.28828617e-21
3.67760910e+11 7.66765425e-21
3.49577557e+11 8.06671835e-21
3.32293252e+11 8.48619397e-21
3.15863541e+11 8.92739328e-21
3.00246171e+11 9.39193173e-21
2.85400977e+11 9.88035620e-21
2.71289780e+11 1.03941971e-20
2.57876289e+11 1.09349145e-20
2.45126006e+11 1.15037688e-20
2.33006141e+11 1.21020521e-20
2.21485523e+11 1.27318194e-20
2.10534524e+11 1.33938467e-20
2.00124980e+11 1.40907113e-20
1.90230119e+11 1.48235231e-20
1.80824493e+11 1.55942099e-20
1.71883914e+11 1.64058432e-20
1.63385388e+11 1.72591320e-20
1.55307057e+11 1.81566732e-20
1.47628147e+11 1.91012620e-20
1.40328908e+11 2.00943984e-20
1.33390569e+11 2.11398474e-20
1.26795285e+11 2.22395198e-20
1.20526094e+11 2.33963514e-20
1.14566873e+11 2.46134238e-20
1.08902296e+11 2.58936199e-20
1.03517796e+11 2.72406096e-20
9.83995230e+10 2.86575341e-20
9.35343152e+10 3.01479378e-20
8.89096599e+10 3.17161627e-20
8.45136633e+10 3.33656852e-20
8.03350198e+10 3.51016243e-20
7.63629826e+10 3.69272026e-20
7.25873365e+10 3.88479998e-20
6.89983712e+10 4.08688221e-20
6.55868566e+10 4.29941612e-20
6.23440189e+10 4.52311764e-20
5.92615181e+10 4.75834669e-20
5.63314267e+10 5.00586153e-20
5.35462090e+10 5.26625401e-20
5.08987019e+10 5.54016884e-20
4.83820966e+10 5.82830844e-20
4.59899209e+10 6.13148614e-20
4.37160225e+10 6.45042703e-20
4.15545533e+10 6.78595298e-20
3.94999546e+10 7.13888634e-20
3.75469422e+10 7.51024204e-20
3.56904935e+10 7.90087278e-20
3.39258338e+10 8.31184376e-20
3.22484250e+10 8.74419217e-20
3.06539530e+10 9.19904636e-20
2.91383170e+10 9.67750279e-20
2.76976194e+10 1.01809327e-19
2.63281547e+10 1.07104889e-19
2.50264010e+10 1.12676027e-19
2.37890104e+10 1.18536556e-19
2.26128007e+10 1.24702585e-19
2.14947467e+10 1.31188877e-19
2.04319732e+10 1.38012468e-19
1.94217468e+10 1.45191392e-19
1.84614695e+10 1.52743441e-19
1.75486715e+10 1.60688082e-19
1.66810054e+10 1.69046737e-19
1.58562396e+10 1.77839818e-19
1.50722531e+10 1.87090362e-19
1.43270295e+10 1.96821680e-19
1.36186524e+10 2.07059514e-19
1.29452998e+10 2.17829717e-19
1.23052400e+10 2.29160330e-19
1.16968270e+10 2.41079969e-19
1.11184960e+10 2.53619830e-19
1.05687597e+10 2.66811865e-19
1.00462042e+10 2.80690276e-19
9.54948564e+09 2.95290181e-19
9.07732653e+09 3.10649951e-19
8.62851257e+09 3.26809022e-19
8.20188950e+09 3.43807205e-19
7.79636013e+09 3.61690949e-19
7.41088152e+09 3.80503850e-19
7.04446228e+09 4.00296413e-19
6.69616005e+09 4.21117379e-19
6.36507908e+09 4.43021654e-19
6.05036788e+09 4.66066551e-19
5.75121707e+09 4.90308044e-19
5.46685730e+09 5.15811469e-19
5.19655724e+09 5.42642296e-19
4.93962174e+09 5.70868197e-19
4.69539001e+09 6.00561598e-19
4.46323393e+09 6.31800254e-19
4.24255643e+09 6.64662678e-19
4.03278998e+09 6.99235905e-19
3.83339510e+09 7.35606008e-19
3.64385898e+09 7.73869577e-19
3.46369418e+09 8.14121963e-19
3.29243733e+09 8.56469053e-19
3.12964801e+09 9.01018482e-19
2.97490755e+09 9.47885611e-19
2.82781798e+09 9.97189344e-19
2.68800102e+09 1.04905838e-18
2.55509709e+09 1.10362594e-18
2.42876438e+09 1.16103047e-18
2.30867799e+09 1.22142304e-18
2.19452909e+09 1.28495480e-18
2.08602409e+09 1.35179224e-18
1.98288395e+09 1.42210559e-18
1.88484341e+09 1.49607656e-18
1.79165033e+09 1.57389544e-18
1.70306503e+09 1.65576210e-18
1.61885969e+09 1.74188692e-18
1.53881775e+09 1.83249172e-18
1.46273336e+09 1.92780872e-18
1.39041083e+09 2.02808429e-18
1.32166418e+09 2.13357528e-18
1.25631660e+09 2.24455394e-18
1.19420003e+09 2.36130577e-18
1.13515471e+09 2.48412958e-18
1.07902879e+09 2.61334151e-18
1.02567793e+09 2.74927504e-18
9.74964918e+08 2.89227967e-18
9.26759330e+08 3.04272160e-18
8.80937190e+08 3.20098950e-18
8.37380654e+08 3.36748943e-18
7.95977700e+08 3.54265080e-18
7.56621850e+08 3.72692246e-18
7.19211887e+08 3.92077843e-18
6.83651600e+08 4.12471915e-18
6.49849535e+08 4.33926690e-18
6.17718760e+08 4.56497484e-18
5.87176639e+08 4.80242395e-18
5.58144625e+08 5.05222134e-18
5.30548053e+08 5.31501460e-18
5.04315949e+08 5.59147653e-18
4.79380850e+08 5.88231847e-18
4.55678627e+08 6.18828866e-18
4.33148322e+08 6.51017356e-18
4.11731993e+08 6.84880165e-18
3.91374560e+08 7.20504340e-18
3.72023668e+08 7.57981554e-18
3.53629550e+08 7.97408093e-18
3.36144900e+08 8.38885474e-18
3.19524751e+08 8.82520259e-18
3.03726358e+08 9.28424814e-18
2.88709092e+08 9.76716949e-18
2.74434330e+08 1.02752113e-17
2.60865362e+08 1.08096786e-17
2.47967289e+08 1.13719462e-17
2.35706941e+08 1.19634608e-17
2.24052787e+08 1.25857429e-17
2.12974854e+08 1.32403927e-17
2.02444651e+08 1.39290949e-17
1.92435098e+08 1.46536197e-17
1.82920450e+08 1.54158304e-17
1.73876240e+08 1.62176891e-17
1.65279206e+08 1.70612554e-17
1.57107239e+08 1.79487004e-17
1.49339322e+08 1.88823056e-17
1.41955477e+08 1.98644729e-17
1.34936714e+08 2.08977276e-17
1.28264983e+08 2.19847279e-17
1.21923125e+08 2.31282682e-17
1.15894830e+08 2.43312900e-17
1.10164595e+08 2.55968877e-17
1.04717682e+08 2.69283150e-17
9.95400829e+07 2.83289976e-17
9.46184819e+07 2.98025361e-17
8.99402217e+07 3.13527222e-17
8.54932707e+07 3.29835403e-17
8.12661920e+07 3.46991867e-17
7.72481145e+07 3.65040728e-17
7.34287045e+07 3.84028392e-17
6.97981391e+07 4.04003719e-17
6.63470812e+07 4.25018058e-17
6.30666554e+07 4.47125466e-17
5.99484250e+07 4.70382790e-17
5.69843706e+07 4.94849860e-17
5.41668691e+07 5.20589581e-17
5.14886745e+07 5.47668153e-17
4.89428990e+07 5.76155245e-17
4.65229952e+07 6.06124077e-17
4.42227398e+07 6.37651761e-17
4.20362168e+07 6.70819348e-17
3.99578030e+07 7.05712166e-17
3.79821531e+07 7.42419936e-17
3.61041860e+07 7.81037069e-17
3.43190720e+07 8.21662889e-17
3.26222201e+07 8.64401862e-17
3.10092664e+07 9.09363916e-17
2.94760626e+07 9.56664678e-17
2.80186656e+07 1.00642580e-16
2.66333273e+07 1.05877526e-16
2.53164848e+07 1.11384768e-16
2.40647515e+07 1.17178471e-16
2.28749082e+07 1.23273535e-16
2.17438948e+07 1.29685635e-16
2.06688025e+07 1.36431262e-16
1.96468665e+07 1.43527763e-16
1.86754584e+07 1.50993392e-16
1.77520801e+07 1.58847346e-16
1.68743568e+07 1.67109826e-16
1.60400311e+07 1.75802080e-16
1.52469573e+07 1.84946463e-16
1.44930957e+07 1.94566494e-16
1.37765077e+07 2.04686913e-16
1.30953502e+07 2.15333748e-16
1.24478715e+07 2.26534380e-16
1.18324063e+07 2.38317615e-16
1.12473718e+07 2.50713758e-16
1.06912634e+07 2.63754690e-16
1.01626509e+07 2.77473949e-16
9.66017480e+06 2.91906816e-16
9.18254284e+06 3.07090414e-16
8.72852662e+06 3.23063789e-16
8.29695852e+06 3.39868023e-16
7.88672862e+06 3.57546334e-16
7.49678187e+06 3.76144185e-16
7.12611543e+06 3.95709408e-16
6.77377600e+06 4.16292321e-16
6.43885743e+06 4.37945857e-16
6.12049837e+06 4.60725708e-16
5.81788007e+06 4.84690458e-16
5.53022426e+06 5.09901740e-16
5.25679112e+06 5.36424392e-16
4.99687745e+06 5.64326626e-16
4.74981480e+06 5.93680201e-16
4.51496777e+06 6.24560609e-16
4.29173238e+06 6.57047267e-16
4.07953450e+06 6.91223728e-16
3.87782841e+06 7.27177885e-16
3.68609536e+06 7.65002205e-16
3.50384225e+06 8.04793966e-16
3.33060034e+06 8.46655505e-16
3.16592411e+06 8.90694482e-16
3.00939003e+06 9.37024155e-16
2.86059554e+06 9.85763680e-16
2.71915794e+06 1.03703840e-15
2.58471351e+06 1.09098019e-15
2.45691646e+06 1.14772777e-15
2.33543814e+06 1.20742709e-15
2.21996612e+06 1.27023168e-15
2.11020343e+06 1.33630308e-15
2.00586778e+06 1.40581119e-15
1.90669084e+06 1.47893478e-15
1.81241755e+06 1.55586191e-15
1.72280545e+06 1.63679043e-15
1.63762407e+06 1.72192846e-15
1.55665436e+06 1.81149497e-15
1.47968806e+06 1.90572030e-15
1.40652724e+06 2.00484679e-15
1.33698374e+06 2.10912937e-15
1.27087871e+06 2.21883623e-15
1.20804213e+06 2.33424952e-15
1.14831241e+06 2.45566606e-15
1.09153594e+06 2.58339812e-15
1.03756668e+06 2.71777419e-15
9.86265846e+05 2.85913987e-15
9.37501502e+05 3.00785872e-15
8.91148232e+05 3.16431322e-15
8.47086827e+05 3.32890575e-15
8.05203967e+05 3.50205960e-15
7.65391939e+05 3.68422010e-15
7.27548353e+05 3.87585572e-15
6.91575883e+05 4.07745933e-15
6.57382014e+05 4.28954941e-15
6.24878807e+05 4.51267141e-15
5.93982669e+05 4.74739917e-15
5.64614142e+05 4.99433636e-15
5.36697695e+05 5.25411806e-15
5.10161531e+05 5.52741239e-15
4.84937407e+05 5.81492221e-15
4.60960449e+05 6.11738694e-15
4.38168993e+05 6.43558448e-15
4.16504425e+05 6.77033315e-15
3.95911027e+05 7.12249390e-15
3.76335836e+05 7.49297240e-15
3.57728510e+05 7.88272147e-15
3.40041193e+05 8.29274347e-15
3.23228398e+05 8.72409291e-15
3.07246884e+05 9.17787915e-15
2.92055551e+05 9.65526925e-15
2.77615329e+05 1.01574910e-14
2.63889081e+05 1.06858360e-14
2.50841506e+05 1.12416630e-14
2.38439047e+05 1.18264016e-14
2.26649808e+05 1.24415557e-14
2.15443469e+05 1.30887072e-14
2.04791210e+05 1.37695206e-14
1.94665634e+05 1.44857469e-14
1.85040702e+05 1.52392279e-14
1.75891659e+05 1.60319017e-14
1.67194976e+05 1.68658067e-14
1.58928287e+05 1.77430877e-14
1.51070330e+05 1.86660010e-14
1.43600898e+05 1.96369201e-14
1.36500781e+05 2.06583420e-14
1.29751717e+05 2.17328938e-14
1.23336350e+05 2.28633390e-14
1.17238180e+05 2.40525850e-14
1.11441525e+05 2.53036904e-14
1.05931476e+05 2.66198728e-14
1.00693863e+05 2.80045173e-14
9.57152154e+04 2.94611851e-14
9.09827289e+04 3.09936224e-14
8.64842328e+04 3.26057706e-14
8.22081576e+04 3.43017759e-14
7.81435061e+04 3.60860003e-14
7.42798248e+04 3.79630325e-14
7.06071771e+04 3.99377002e-14
6.71161177e+04 4.20150819e-14
6.37976681e+04 4.42005206e-14
6.06432940e+04 4.64996369e-14
5.76448828e+04 4.89183441e-14
5.47947234e+04 5.14628628e-14
5.20854855e+04 5.41397373e-14
4.95102016e+04 5.69558525e-14
4.70622485e+04 5.99184512e-14
4.47353305e+04 6.30351530e-14
4.25234633e+04 6.63139741e-14
4.04209584e+04 6.97633473e-14
3.84224085e+04 7.33921445e-14
3.65226736e+04 7.72096987e-14
3.47168682e+04 8.12258288e-14
3.30003479e+04 8.54508641e-14
3.13686982e+04 8.98956716e-14
2.98177229e+04 9.45716834e-14
2.83434331e+04 9.94909263e-14
2.69420371e+04 1.04666053e-13
2.56099310e+04 1.10110374e-13
2.43436887e+04 1.15837892e-13
2.31400538e+04 1.21863339e-13
2.19959307e+04 1.28202214e-13
2.09083769e+04 1.34870820e-13
1.98745955e+04 1.41886310e-13
1.88919278e+04 1.49266729e-13
1.79578465e+04 1.57031060e-13
1.70699493e+04 1.65199275e-13
1.62259529e+04 1.73792384e-13
1.54236865e+04 1.82832490e-13
1.46610868e+04 1.92342847e-13
1.39361927e+04 2.02347917e-13
1.32471399e+04 2.12873437e-13
1.25921561e+04 2.23946481e-13
1.19695570e+04 2.35595534e-13
1.13777413e+04 2.47850560e-13
1.08151870e+04 2.60743084e-13
1.02804473e+04 2.74306272e-13
9.77214697e+03 2.88575014e-13
9.28897872e+03 3.03586016e-13
8.82969996e+03 3.19377895e-13
8.39312950e+03 3.35991276e-13
7.97814457e+03 3.53468898e-13
7.58367791e+03 3.71855725e-13
7.20871503e+03 3.91199061e-13
6.85229160e+03 4.11548671e-13
6.51349095e+03 4.32956910e-13
6.19144176e+03 4.55478858e-13
5.88531578e+03 4.79172460e-13
5.59432571e+03 5.04098680e-13
5.31772318e+03 5.30321652e-13
5.05479682e+03 5.57908849e-13
4.80487044e+03 5.86931257e-13
4.56730127e+03 6.17463556e-13
4.34147833e+03 6.49584314e-13
4.12682085e+03 6.83376188e-13
3.92277676e+03 7.18926140e-13
3.72882131e+03 7.56325657e-13
3.54445567e+03 7.95670990e-13
3.36920571e+03 8.37063402e-13
3.20262069e+03 8.80609429e-13
3.04427221e+03 9.26421153e-13
2.89375302e+03 9.74616494e-13
2.75067601e+03 1.02531951e-12
2.61467321e+03 1.07866073e-12
2.48539486e+03 1.13477746e-12
2.36250847e+03 1.19381419e-12
2.24569800e+03 1.25592290e-12
2.13466303e+03 1.32126353e-12
2.02911802e+03 1.39000430e-12
1.92879151e+03 1.46232225e-12
1.83342548e+03 1.53840361e-12
1.74277468e+03 1.61844432e-12
1.65660596e+03 1.70265054e-12
1.57469771e+03 1.79123918e-12
1.49683929e+03 1.88443845e-12
1.42283046e+03 1.98248847e-12
1.35248087e+03 2.08564185e-12
1.28560961e+03 2.19416440e-12
1.22204469e+03 2.30833580e-12
1.16162263e+03 2.42845031e-12
1.10418805e+03 2.55481753e-12
1.04959323e+03 2.68776324e-12
9.97697764e+02 2.82763020e-12
9.48368187e+02 2.97477909e-12
9.01477631e+02 3.12958939e-12
8.56905505e+02 3.29246042e-12
8.14537177e+02 3.46381236e-12
7.74263683e+02 3.64408732e-12
7.35981448e+02 3.83375054e-12
6.99592017e+02 4.03329156e-12
6.65001803e+02 4.24322553e-12
6.32121848e+02 4.46409453e-12
6.00867589e+02 4.69646902e-12
5.71158648e+02 4.94094929e-12
5.42918618e+02 5.19816707e-12
5.16074871e+02 5.46878718e-12
4.90558371e+02 5.75350926e-12
4.66303493e+02 6.05306961e-12
4.43247859e+02 6.36824317e-12
4.21332174e+02 6.69984549e-12
4.00500076e+02 7.04873496e-12
3.80697987e+02 7.41581503e-12
3.61874981e+02 7.80203660e-12
3.43982649e+02 8.20840057e-12
3.26974974e+02 8.63596051e-12
3.10808217e+02 9.08582540e-12
2.95440800e+02 9.55916267e-12
2.80833200e+02 1.00572013e-11
2.66947849e+02 1.05812349e-11
2.53749038e+02 1.11326258e-11
2.41202821e+02 1.17128079e-11
2.29276931e+02 1.23232910e-11
2.17940698e+02 1.29656652e-11
2.07164968e+02 1.36416043e-11
1.96922026e+02 1.43528714e-11
1.87185529e+02 1.51013230e-11
1.77930439e+02 1.58889144e-11
1.69132952e+02 1.67177050e-11
1.60770442e+02 1.75898641e-11
1.52821404e+02 1.85076770e-11
1.45265393e+02 1.94735509e-11
1.38082977e+02 2.04900225e-11
1.31255684e+02 2.15597644e-11
1.24765955e+02 2.26855932e-11
1.18597101e+02 2.38704773e-11
1.12733256e+02 2.51175455e-11
1.07159340e+02 2.64300963e-11
1.01861017e+02 2.78116071e-11
9.68246612e+01 2.92657450e-11
9.20373200e+01 3.07963773e-11
8.74866812e+01 3.24075833e-11
8.31610415e+01 3.41036666e-11
7.90492762e+01 3.58891685e-11
7.51408106e+01 3.77688817e-11
7.14255929e+01 3.97478657e-11
6.78940681e+01 4.18314626e-11
6.45371540e+01 4.40253145e-11
6.13462172e+01 4.63353820e-11
5.83130511e+01 4.87679635e-11
5.54298552e+01 5.13297170e-11
5.26892142e+01 5.40276827e-11
5.00840799e+01 5.68693071e-11
4.76077523e+01 5.98624701e-11
4.52538628e+01 6.30155133e-11
4.30163576e+01 6.63372706e-11
4.08894823e+01 6.98371018e-11
3.88677669e+01 7.35249286e-11
3.69460121e+01 7.74112741e-11
3.51192753e+01 8.15073048e-11
3.33828586e+01 8.58248777e-11
3.17322963e+01 9.03765902e-11
3.01633435e+01 9.51758358e-11
2.86719650e+01 1.00051706e-10
2.72543253e+01 1.05359872e-10
2.59067786e+01 1.10956387e-10
2.46258592e+01 1.16857734e-10
2.34082728e+01 1.23081439e-10
2.22508880e+01 1.29646148e-10
2.11507282e+01 1.36571714e-10
2.01049642e+01 1.43879285e-10
1.91109062e+01 1.51591412e-10
1.81659979e+01 1.59732155e-10
1.72678090e+01 1.68327210e-10
1.64140297e+01 1.77404036e-10
1.56024641e+01 1.86992007e-10
1.48310251e+01 1.97126168e-10
1.40977287e+01 2.07823520e-10
1.34006890e+01 2.19132280e-10
1.27381132e+01 2.31094110e-10
1.21082975e+01 2.43753549e-10
1.15096220e+01 2.57147410e-10
1.09405471e+01 2.71328247e-10
1.03996091e+01 2.86347120e-10
9.88541702e+00 3.02259199e-10
9.39664831e+00 3.19125454e-10
8.93204600e+00 3.37011128e-10
8.49041520e+00 3.55987184e-10
8.07062014e+00 3.76130336e-10
7.67158118e+00 3.97523794e-10
7.29227206e+00 4.20257895e-10
6.93171728e+00 4.44430704e-10
6.58898955e+00 4.70148828e-10
6.26320745e+00 4.97528204e-10
5.95353313e+00 5.26695008e-10
5.65917016e+00 5.57786627e-10
5.37936150e+00 5.90952719e-10
5.11338754e+00 6.26356358e-10
4.86056423e+00 6.64175275e-10
4.62024137e+00 7.04603186e-10
4.39180089e+00 7.47851211e-10
4.17465529e+00 7.94149392e-10
3.96824610e+00 8.43748285e-10
3.77204249e+00 8.96920638e-10
3.58553986e+00 9.53963128e-10
3.40825855e+00 1.01519816e-09
3.23974263e+00 1.08097566e-09
3.07955871e+00 1.15167493e-09
2.92729484e+00 1.22770639e-09
2.78255940e+00 1.30951329e-09
2.64498018e+00 1.39757324e-09
2.51420335e+00 1.49239960e-09
2.38989257e+00 1.59454250e-09
2.27172813e+00 1.70458951e-09
2.15940615e+00 1.82316591e-09
2.05263775e+00 1.94900420e-09
1.95114835e+00 2.08632454e-09
1.85467692e+00 2.23423439e-09
1.76297538e+00 2.39349550e-09
1.67580786e+00 2.56489624e-09
1.59295021e+00 2.75322518e-09
1.51418933e+00 2.95187427e-09
1.43932264e+00 3.16514094e-09
1.36815763e+00 3.39390409e-09
1.30051125e+00 3.63894120e-09
1.23620954e+00 3.90102403e-09
1.17508713e+00 4.18087342e-09
1.11698682e+00 4.47913955e-09
1.06175918e+00 4.79637965e-09
1.00926219e+00 5.13303262e-09
9.59360829e-01 5.48939017e-09
9.11926760e-01 5.86556370e-09
8.66837993e-01 6.26144584e-09
8.23978568e-01 6.67666562e-09
7.83238260e-01 7.11053559e-09
7.44512291e-01 7.56199002e-09
7.07701066e-01 8.02951342e-09
6.72709914e-01 8.51105984e-09
6.39448843e-01 9.00396548e-09
6.07832313e-01 9.50514763e-09
5.77779012e-01 1.00099396e-08
5.49211648e-01 1.05135474e-08
5.22056753e-01 1.10100547e-08
4.96244488e-01 1.14926599e-08
4.71708469e-01 1.19530381e-08
4.48385595e-01 1.23842748e-08
4.26215883e-01 1.27770606e-08
4.05142317e-01 1.31226078e-08
3.85110700e-01 1.34124094e-08
3.66069515e-01 1.36386662e-08
3.47969790e-01 1.37947216e-08
3.30764978e-01 1.38754587e-08
3.14410830e-01 1.38776188e-08
2.98865287e-01 1.37974820e-08
2.84088369e-01 1.36397587e-08
2.70042072e-01 1.34059950e-08
2.56690272e-01 1.31010997e-08
2.43998630e-01 1.27315746e-08
2.31934506e-01 1.23051542e-08
2.20466874e-01 1.18304031e-08
2.09566240e-01 1.13164035e-08
1.99204571e-01 1.07722784e-08
1.89355218e-01 9.96061957e-09
1.79992851e-01 9.40729673e-09
1.71093391e-01 8.85156190e-09
1.62633950e-01 8.46573356e-09
1.54592774e-01 7.89377900e-09
1.46949180e-01 7.33569789e-09
1.39683512e-01 6.79592049e-09
1.32777083e-01 6.27798721e-09
1.26212131e-01 5.78459185e-09
1.19971774e-01 5.31764325e-09
1.14039960e-01 4.87834016e-09
1.08401436e-01 4.46725537e-09
1.03041699e-01 4.08442416e-09
9.79469667e-02 3.72943387e-09
9.31041349e-02 3.40151088e-09
8.85007491e-02 3.09960228e-09
8.41249705e-02 2.82245030e-09
7.99655453e-02 2.56865799e-09
7.60117762e-02 2.33674566e-09
7.22534949e-02 2.12519780e-09
6.86810359e-02 1.93250099e-09
6.52852114e-02 1.75717343e-09
6.20572881e-02 1.59778696e-09
5.89889643e-02 1.45340624e-09
5.60723488e-02 1.32185375e-09
5.32999408e-02 1.20239761e-09
5.06646101e-02 1.09393577e-09
4.81595791e-02 9.95453759e-10
4.57784054e-02 9.05947151e-10
4.35149650e-02 8.24788538e-10
4.13634368e-02 7.51053672e-10
3.93182876e-02 6.84040084e-10
3.73742574e-02 6.23111987e-10
3.55263468e-02 5.67694857e-10
3.37698031e-02 5.17270116e-10
3.21001090e-02 4.71370030e-10
3.05129702e-02 4.29572888e-10
2.90043049e-02 3.91498505e-10
2.75702333e-02 3.56821423e-10
2.62070670e-02 3.25196053e-10
2.49113003e-02 2.96361589e-10
2.36796007e-02 2.70066141e-10
2.25088005e-02 2.46082044e-10
2.13958887e-02 2.24203323e-10
2.03380031e-02 2.04243432e-10
1.93324229e-02 1.86033233e-10
1.83765620e-02 1.69419202e-10
1.74679622e-02 1.54879329e-10
1.66042866e-02 1.40959814e-10
1.57833141e-02 1.28259887e-10
1.50029332e-02 1.16675683e-10
1.42611371e-02 1.06112095e-10
1.35560179e-02 9.64819739e-11
1.28857621e-02 8.77054098e-11
1.22486461e-02 7.97091118e-11
1.16430313e-02 7.24258492e-11
1.10673602e-02 6.57562989e-11
1.05201522e-02 5.97446620e-11
1.00000000e-02 5.42703037e-11
