1.00000000e+20 0.00000000e+00
9.50556592e+19 0.00000000e+00
9.03557835e+19 0.00000000e+00
8.58882856e+19 0.00000000e+00
8.16416760e+19 0.00000000e+00
7.76050334e+19 0.00000000e+00
7.37679760e+19 0.00000000e+00
7.01206359e+19 0.00000000e+00
6.66536327e+19 0.00000000e+00
6.33580499e+19 0.00000000e+00
6.02254120e+19 0.00000000e+00
5.72476624e+19 0.00000000e+00
5.44171429e+19 0.00000000e+00
5.17265739e+19 0.00000000e+00
4.91690358e+19 0.00000000e+00
4.67379511e+19 0.00000000e+00
4.44270675e+19 0.00000000e+00
4.22304419e+19 0.00000000e+00
4.01424249e+19 0.00000000e+00
3.81576466e+19 0.00000000e+00
3.62710025e+19 0.00000000e+00
3.44776405e+19 0.00000000e+00
3.27729485e+19 0.00000000e+00
3.11525422e+19 0.00000000e+00
2.96122544e+19 0.00000000e+00
2.81481236e+19 0.00000000e+00
2.67563844e+19 0.00000000e+00
2.54334576e+19 0.00000000e+00
2.41759408e+19 0.00000000e+00
2.29805999e+19 0.00000000e+00
2.18443607e+19 0.00000000e+00
2.07643011e+19 0.00000000e+00
1.97376433e+19 0.00000000e+00
1.87617469e+19 0.00000000e+00
1.78341022e+19 0.00000000e+00
1.69523234e+19 0.00000000e+00
1.61141428e+19 0.00000000e+00
1.53174046e+19 0.00000000e+00
1.45600600e+19 0.00000000e+00
1.38401610e+19 0.00000000e+00
1.31558562e+19 0.00000000e+00
1.25053859e+19 0.00000000e+00
1.18870770e+19 0.00000000e+00
1.12993394e+19 0.00000000e+00
1.07406615e+19 0.00000000e+00
1.02096066e+19 0.00000000e+00
9.70480888e+18 0.00000000e+00
9.22497005e+18 0.00000000e+00
8.76885609e+18 0.00000000e+00
8.33529397e+18 0.00000000e+00
7.92316862e+18 0.00000000e+00
7.53142017e+18 0.00000000e+00
7.15904109e+18 0.00000000e+00
6.80507370e+18 0.00000000e+00
6.46860766e+18 0.00000000e+00
6.14877765e+18 0.00000000e+00
5.84476113e+18 0.00000000e+00
5.55577622e+18 0.00000000e+00
5.28107971e+18 0.00000000e+00
5.01996513e+18 0.00000000e+00
4.77176095e+18 0.00000000e+00
4.53582883e+18 0.00000000e+00
4.31156199e+18 0.00000000e+00
4.09838367e+18 0.00000000e+00
3.89574562e+18 0.00000000e+00
3.70312668e+18 0.00000000e+00
3.52003147e+18 0.00000000e+00
3.34598912e+18 0.00000000e+00
3.18055202e+18 0.00000000e+00
3.02329468e+18 0.00000000e+00
2.87381269e+18 0.00000000e+00
2.73172160e+18 0.00000000e+00
2.59665597e+18 0.00000000e+00
2.46826845e+18 0.00000000e+00
2.34622885e+18 0.00000000e+00
2.23022330e+18 0.00000000e+00
2.11995346e+18 0.00000000e+00
2.01513573e+18 0.00000000e+00
1.91550056e+18 0.00000000e+00
1.82079168e+18 0.00000000e+00
1.73076553e+18 0.00000000e+00
1.64519059e+18 0.00000000e+00
1.56384676e+18 0.00000000e+00
1.48652484e+18 0.00000000e+00
1.41302599e+18 0.00000000e+00
1.34316117e+18 0.00000000e+00
1.27675070e+18 0.00000000e+00
1.21362380e+18 0.00000000e+00
1.15361810e+18 0.00000000e+00
1.09657929e+18 0.00000000e+00
1.04236067e+18 0.00000000e+00
9.90822810e+17 0.00000000e+00
9.41833153e+17 0.00000000e+00
8.95265713e+17 0.00000000e+00
8.51000725e+17 0.00000000e+00
8.08924349e+17 0.00000000e+00
7.68928372e+17 0.00000000e+00
7.30909933e+17 0.00000000e+00
6.94771255e+17 0.00000000e+00
6.60419396e+17 1.08824919e-45
6.27766011e+17 5.40643165e-44
5.96727120e+17 1.97512588e-42
5.67222897e+17 5.54947570e-41
5.39177464e+17 1.42775551e-39
5.12518693e+17 3.61929649e-38
4.87178022e+17 7.23621705e-37
4.63090280e+17 1.06107969e-35
4.40193519e+17 1.59813996e-34
4.18428851e+17 1.89819142e-33
3.97740302e+17 2.25457766e-32
3.78074666e+17 2.11178050e-31
3.59381366e+17 2.03171482e-30
3.41612327e+17 1.59708427e-29
3.24721849e+17 1.01258967e-28
3.08666494e+17 7.33732669e-28
2.93404971e+17 4.09768471e-27
2.78898029e+17 2.05337498e-26
2.65108360e+17 1.00919997e-25
2.52000499e+17 4.56527238e-25
2.39540736e+17 1.91563261e-24
2.27697026e+17 8.27625220e-24
2.16438909e+17 2.74163617e-23
2.05737431e+17 9.58402414e-23
1.95565072e+17 3.17485579e-22
1.85895668e+17 8.75226510e-22
1.76704353e+17 2.97477942e-21
1.67967487e+17 6.89004127e-21
1.59662602e+17 2.10159072e-20
1.51768339e+17 4.95168902e-20
1.44264395e+17 1.14429452e-19
1.37131472e+17 2.37274635e-19
1.30351224e+17 5.59057571e-19
1.23906216e+17 1.04647719e-18
1.17779870e+17 2.06174746e-18
1.11956432e+17 4.28118785e-18
1.06420924e+17 8.04597170e-18
1.01159111e+17 1.42210987e-17
9.61574600e+16 2.26948663e-17
9.14031075e+16 4.71255514e-17
8.68838264e+16 6.77393235e-17
8.25879939e+16 1.06417362e-16
7.85045620e+16 1.93533397e-16
7.46230289e+16 2.43561579e-16
7.09334120e+16 3.98483131e-16
6.74262224e+16 6.09410621e-16
6.40924402e+16 8.75061396e-16
6.09234915e+16 1.32673523e-15
5.79112265e+16 1.59692527e-15
5.50478981e+16 2.54846750e-15
5.23261424e+16 3.22840041e-15
4.97389596e+16 4.06508754e-15
4.72796959e+16 5.03022499e-15
4.49420266e+16 7.23058290e-15
4.27199397e+16 8.95747817e-15
4.06077203e+16 1.10748125e-14
3.85999362e+16 1.28657332e-14
3.66914238e+16 1.54863633e-14
3.48772747e+16 1.91458286e-14
3.31528234e+16 2.40960056e-14
3.15136348e+16 3.05264212e-14
2.99554933e+16 2.97652234e-14
2.84743917e+16 3.74811377e-14
2.70665207e+16 4.63835185e-14
2.57282597e+16 4.52293669e-14
2.44561668e+16 5.45063444e-14
2.32469706e+16 6.34086026e-14
2.20975611e+16 7.05436567e-14
2.10049824e+16 7.88657379e-14
1.99664245e+16 8.32078565e-14
1.89792164e+16 9.25022983e-14
1.80408193e+16 1.07487086e-13
1.71488197e+16 1.04895162e-13
1.63009236e+16 1.26426570e-13
1.54949504e+16 1.23425734e-13
1.47288272e+16 1.52547027e-13
1.40005838e+16 1.49124557e-13
1.33083472e+16 1.45611828e-13
1.26503372e+16 1.83522922e-13
1.20248614e+16 1.79522569e-13
1.14303113e+16 1.75151717e-13
1.08651577e+16 1.71566570e-13
1.03279473e+16 2.17351592e-13
9.81729841e+15 2.13185350e-13
9.33189772e+15 2.08245252e-13
8.87049689e+15 2.04523502e-13
8.43190929e+15 2.57249958e-13
8.01500696e+15 2.52553668e-13
7.61871770e+15 2.47110200e-13
7.24202233e+15 2.43660010e-13
6.88395207e+15 2.39105088e-13
6.54358602e+15 2.35651446e-13
6.22004883e+15 2.88604221e-13
5.91250841e+15 2.85288644e-13
5.62017385e+15 2.81783081e-13
5.34229330e+15 2.76751048e-13
5.07815211e+15 2.72058571e-13
4.82707097e+15 2.70304455e-13
4.58840413e+15 2.65414349e-13
4.36153779e+15 3.15769462e-13
4.14588850e+15 3.16116322e-13
3.94090164e+15 3.11687323e-13
3.74605003e+15 3.04626168e-13
3.56083255e+15 3.01231185e-13
3.38477286e+15 3.02161154e-13
3.21741815e+15 3.00501555e-13
3.05833803e+15 2.95148785e-13
2.90712338e+15 2.94409401e-13
2.76338529e+15 2.97280909e-13
2.62675410e+15 3.35760678e-13
2.49687843e+15 3.35572656e-13
2.37342425e+15 3.31308943e-13
2.25607407e+15 3.25381202e-13
2.14452608e+15 3.19271601e-13
2.03849340e+15 3.33262659e-13
1.93770334e+15 3.26930332e-13
1.84189668e+15 3.91160781e-13
1.75082703e+15 3.81373162e-13
1.66426018e+15 3.72529202e-13
1.58197348e+15 3.63867773e-13
1.50375532e+15 3.22948796e-13
1.42940453e+15 3.53296573e-13
1.35872990e+15 3.49456163e-13
1.29154967e+15 3.66530783e-13
1.22769105e+15 3.47209094e-13
1.16698982e+15 3.53968750e-13
1.10928986e+15 3.49326329e-13
1.05444279e+15 3.42887600e-13
1.00230755e+15 3.36719014e-13
9.52750047e+14 3.38886368e-13
9.05642838e+14 3.42204425e-13
8.60864770e+14 3.53122731e-13
8.18300682e+14 3.51060787e-13
7.77841107e+14 3.46553481e-13
7.39381992e+14 3.45314845e-13
7.02824426e+14 3.47349275e-13
6.68074392e+14 3.43541328e-13
6.35042517e+14 3.41370249e-13
6.03643851e+14 3.74943275e-13
5.73797641e+14 3.42989824e-13
5.45427131e+14 3.63729345e-13
5.18459354e+14 3.57275737e-13
4.92824957e+14 3.56803922e-13
4.68458012e+14 3.60838361e-13
4.45295851e+14 3.56953613e-13
4.23278907e+14 3.55628421e-13
4.02350555e+14 3.53779938e-13
3.82456972e+14 3.59224741e-13
3.63546996e+14 3.59877653e-13
3.45571994e+14 3.54840672e-13
3.28485737e+14 3.57589292e-13
3.12244282e+14 3.55011467e-13
2.96805861e+14 3.67980428e-13
2.82130768e+14 3.62495273e-13
2.68181261e+14 3.61470587e-13
2.54921465e+14 3.58196630e-13
2.42317279e+14 3.57741722e-13
2.30336287e+14 3.64022831e-13
2.18947676e+14 3.54984085e-13
2.08122157e+14 3.59001669e-13
1.97831888e+14 3.60552306e-13
1.88050406e+14 3.57046849e-13
1.78752553e+14 3.59635496e-13
1.69914417e+14 3.58673021e-13
1.61513269e+14 3.59135007e-13
1.53527503e+14 3.62618513e-13
1.45936580e+14 3.62487437e-13
1.38720978e+14 3.61261792e-13
1.31862140e+14 3.59764128e-13
1.25342427e+14 3.58598166e-13
1.19145070e+14 3.59689259e-13
1.13254132e+14 3.61589002e-13
1.07654461e+14 3.59223247e-13
1.02331658e+14 3.60310981e-13
9.72720319e+13 3.59258915e-13
9.24625712e+13 3.61675363e-13
8.78909065e+13 3.61266801e-13
8.35452806e+13 3.60227199e-13
7.94145172e+13 3.60686260e-13
7.54879928e+13 3.62547020e-13
7.17556092e+13 3.61768939e-13
6.82077673e+13 3.60857113e-13
6.48353429e+13 3.60516617e-13
6.16296626e+13 3.60416132e-13
5.85824820e+13 3.61792899e-13
5.56859644e+13 3.61923725e-13
5.29326606e+13 3.61898633e-13
5.03154895e+13 3.62157330e-13
4.78277202e+13 3.61920672e-13
4.54629547e+13 3.61665252e-13
4.32151113e+13 3.61499389e-13
4.10784089e+13 3.62538078e-13
3.90473524e+13 3.61120345e-13
3.71167182e+13 3.61127208e-13
3.52815412e+13 3.61240356e-13
3.35371015e+13 3.61280070e-13
3.18789129e+13 3.61561868e-13
3.03027108e+13 3.61664909e-13
2.88044415e+13 3.61697512e-13
2.73802518e+13 3.61748515e-13
2.60264788e+13 3.62002129e-13
2.47396410e+13 3.61756974e-13
2.35164288e+13 3.61923002e-13
2.23536965e+13 3.61569556e-13
2.12484535e+13 3.61809153e-13
2.01978576e+13 3.61485157e-13
1.91992067e+13 3.61821222e-13
1.82499324e+13 3.61352697e-13
1.73475936e+13 3.61610296e-13
1.64898694e+13 3.61716035e-13
1.56745541e+13 3.61779779e-13
1.48995507e+13 3.61559635e-13
1.41628662e+13 3.61705143e-13
1.34626058e+13 3.61499215e-13
1.27969687e+13 3.61977596e-13
1.21642429e+13 3.61700323e-13
1.15628013e+13 3.61715307e-13
1.09910970e+13 3.61805169e-13
1.04476597e+13 3.61801865e-13
9.93109181e+12 3.61877623e-13
9.44006479e+12 3.61939787e-13
8.97331581e+12 3.61760733e-13
8.52964450e+12 3.61829597e-13
8.10790981e+12 3.61887168e-13
7.70702711e+12 3.61884263e-13
7.32596543e+12 3.61816969e-13
6.96374473e+12 3.61972235e-13
6.61943346e+12 3.61918754e-13
6.29214611e+12 3.61855495e-13
5.98104096e+12 3.61943686e-13
5.68531791e+12 3.61974469e-13
5.40421642e+12 3.61893176e-13
5.13701354e+12 3.61961786e-13
4.88302209e+12 3.61942368e-13
4.64158883e+12 3.61930355e-13
4.41209286e+12 3.61889389e-13
4.19394396e+12 3.61977472e-13
3.98658107e+12 3.61901769e-13
3.78947092e+12 3.61960029e-13
3.60210656e+12 3.61974601e-13
3.42400614e+12 3.61888300e-13
3.25471161e+12 3.61917147e-13
3.09378757e+12 3.62014914e-13
2.94082017e+12 3.61928913e-13
2.79541600e+12 3.61996077e-13
2.65720111e+12 3.61970078e-13
2.52582003e+12 3.61946332e-13
2.40093488e+12 3.61966110e-13
2.28222447e+12 3.61958760e-13
2.16938352e+12 3.61971355e-13
2.06212180e+12 3.61969092e-13
1.96016347e+12 3.61946978e-13
1.86324631e+12 3.61966433e-13
1.77112106e+12 3.61969082e-13
1.68355080e+12 3.62001987e-13
1.60031031e+12 3.61957725e-13
1.52118552e+12 3.61978886e-13
1.44597292e+12 3.61967581e-13
1.37447909e+12 3.61970932e-13
1.30652016e+12 3.61995703e-13
1.24192135e+12 3.61995774e-13
1.18051653e+12 3.61996842e-13
1.12214777e+12 3.62023779e-13
1.06666496e+12 3.61987488e-13
1.01392541e+12 3.61990654e-13
9.63793480e+11 3.61987705e-13
9.16140246e+11 3.62004317e-13
8.70843150e+11 3.61990682e-13
8.27785697e+11 3.61998036e-13
7.86857151e+11 3.62003816e-13
7.47952252e+11 3.61988025e-13
7.10970943e+11 3.62005010e-13
6.75818117e+11 3.61988976e-13
6.42403366e+11 3.61991616e-13
6.10640754e+11 3.62003831e-13
5.80448594e+11 3.61992445e-13
5.51749238e+11 3.61995946e-13
5.24468875e+11 3.61998953e-13
4.98537346e+11 3.62002021e-13
4.73887961e+11 3.61995451e-13
4.50457325e+11 3.62002636e-13
4.28185180e+11 3.61997199e-13
4.07014245e+11 3.62003838e-13
3.86890074e+11 3.62002512e-13
3.67760910e+11 3.61997311e-13
3.49577557e+11 3.62001714e-13
3.32293252e+11 3.62003443e-13
3.15863541e+11 3.61998226e-13
3.00246171e+11 3.62006118e-13
2.85400977e+11 3.61999962e-13
2.71289780e+11 3.62004096e-13
2.57876289e+11 3.62005714e-13
2.45126006e+11 3.62002668e-13
2.33006141e+11 3.62005622e-13
2.21485523e+11 3.62005601e-13
2.10534524e+11 3.62001448e-13
2.00124980e+11 3.62001294e-13
1.90230119e+11 3.62002813e-13
1.80824493e+11 3.62005821e-13
1.71883914e+11 3.62003305e-13
1.63385388e+11 3.62003031e-13
1.55307057e+11 3.62006530e-13
1.47628147e+11 3.62002901e-13
1.40328908e+11 3.62004986e-13
1.33390569e+11 3.62002522e-13
1.26795285e+11 3.62005314e-13
1.20526094e+11 3.62005010e-13
1.14566873e+11 3.62003888e-13
1.08902296e+11 3.62003654e-13
1.03517796e+11 3.62004371e-13
9.83995230e+10 3.62006003e-13
9.35343152e+10 3.62006168e-13
8.89096599e+10 3.62006026e-13
8.45136633e+10 3.62006198e-13
8.03350198e+10 3.62006452e-13
7.63629826e+10 3.62005120e-13
7.25873365e+10 3.62005821e-13
6.89983712e+10 3.62005848e-13
6.55868566e+10 3.62006732e-13
6.23440189e+10 3.62005722e-13
5.92615181e+10 3.62006268e-13
5.63314267e+10 3.62006587e-13
5.35462090e+10 3.62005694e-13
5.08987019e+10 3.62005915e-13
4.83820966e+10 3.62006702e-13
4.59899209e+10 3.62005949e-13
4.37160225e+10 3.62006358e-13
4.15545533e+10 3.62005961e-13
3.94999546e+10 3.62006003e-13
3.75469422e+10 3.62006648e-13
3.56904935e+10 3.62006116e-13
3.39258338e+10 3.62005708e-13
3.22484250e+10 3.62006216e-13
3.06539530e+10 3.62006237e-13
2.91383170e+10 3.62006305e-13
2.76976194e+10 3.62006153e-13
2.63281547e+10 3.62006621e-13
2.50264010e+10 3.62006551e-13
2.37890104e+10 3.62005957e-13
2.26128007e+10 3.62006207e-13
2.14947467e+10 3.62006594e-13
2.04319732e+10 3.62006479e-13
1.94217468e+10 3.62006467e-13
1.84614695e+10 3.62006590e-13
1.75486715e+10 3.62006380e-13
1.66810054e+10 3.62006587e-13
1.58562396e+10 3.62006575e-13
1.50722531e+10 3.62006318e-13
1.43270295e+10 3.62006475e-13
1.36186524e+10 3.62006470e-13
1.29452998e+10 3.62006548e-13
1.23052400e+10 3.62006638e-13
1.16968270e+10 3.62006803e-13
1.11184960e+10 3.62006643e-13
1.05687597e+10 3.62006652e-13
1.00462042e+10 3.62006651e-13
9.54948564e+09 3.62006252e-13
9.07732653e+09 3.62006654e-13
8.62851257e+09 3.62006530e-13
8.20188950e+09 3.62006687e-13
7.79636013e+09 3.62006379e-13
7.41088152e+09 3.62006828e-13
7.04446228e+09 3.62006903e-13
6.69616005e+09 3.62006690e-13
6.36507908e+09 3.62006955e-13
6.05036788e+09 3.62006867e-13
5.75121707e+09 3.62006416e-13
5.46685730e+09 3.62006712e-13
5.19655724e+09 3.62006715e-13
4.93962174e+09 3.62006760e-13
4.69539001e+09 3.62006842e-13
4.46323393e+09 3.62006997e-13
4.24255643e+09 3.62006602e-13
4.03278998e+09 3.62006708e-13
3.83339510e+09 3.62006697e-13
3.64385898e+09 3.62006589e-13
3.46369418e+09 3.62006644e-13
3.29243733e+09 3.62006769e-13
3.12964801e+09 3.62006764e-13
2.97490755e+09 3.62006813e-13
2.82781798e+09 3.62007007e-13
2.68800102e+09 3.62006853e-13
2.55509709e+09 3.62006776e-13
2.42876438e+09 3.62006699e-13
2.30867799e+09 3.62006656e-13
2.19452909e+09 3.62006782e-13
2.08602409e+09 3.62006753e-13
1.98288395e+09 3.62006791e-13
1.88484341e+09 3.62006832e-13
1.79165033e+09 3.62006874e-13
1.70306503e+09 3.62006803e-13
1.61885969e+09 3.62006784e-13
1.53881775e+09 3.62006855e-13
1.46273336e+09 3.62006828e-13
1.39041083e+09 3.62006788e-13
1.32166418e+09 3.62006771e-13
1.25631660e+09 3.62006830e-13
1.19420003e+09 3.62006833e-13
1.13515471e+09 3.62006780e-13
1.07902879e+09 3.62006785e-13
1.02567793e+09 3.62006818e-13
9.74964918e+08 3.62006776e-13
9.26759330e+08 3.62006816e-13
8.80937190e+08 3.62006855e-13
8.37380654e+08 3.62006796e-13
7.95977700e+08 3.62006865e-13
7.56621850e+08 3.62006792e-13
7.19211887e+08 3.62006853e-13
6.83651600e+08 3.62006839e-13
6.49849535e+08 3.62006904e-13
6.17718760e+08 3.62006880e-13
5.87176639e+08 3.62006864e-13
5.58144625e+08 3.62006853e-13
5.30548053e+08 3.62006878e-13
5.04315949e+08 3.62006904e-13
4.79380850e+08 3.62006904e-13
4.55678627e+08 3.62006893e-13
4.33148322e+08 3.62006916e-13
4.11731993e+08 3.62006912e-13
3.91374560e+08 3.62006927e-13
3.72023668e+08 3.62006933e-13
3.53629550e+08 3.62006941e-13
3.36144900e+08 3.62006940e-13
3.19524751e+08 3.62006950e-13
3.03726358e+08 3.62006961e-13
2.88709092e+08 3.62006976e-13
2.74434330e+08 3.62006966e-13
2.60865362e+08 3.62006996e-13
2.47967289e+08 3.62006997e-13
2.35706941e+08 3.62007003e-13
2.24052787e+08 3.62007026e-13
2.12974854e+08 3.62007048e-13
2.02444651e+08 3.62007057e-13
1.92435098e+08 3.62007063e-13
1.82920450e+08 3.62007089e-13
1.73876240e+08 3.62007099e-13
1.65279206e+08 3.62007108e-13
1.57107239e+08 3.62007134e-13
1.49339322e+08 3.62007151e-13
1.41955477e+08 3.62007184e-13
1.34936714e+08 3.62007205e-13
1.28264983e+08 3.62007219e-13
1.21923125e+08 3.62007245e-13
1.15894830e+08 3.62007267e-13
1.10164595e+08 3.62007291e-13
1.04717682e+08 3.62007319e-13
9.95400829e+07 3.62007347e-13
9.46184819e+07 3.62007378e-13
8.99402217e+07 3.62007404e-13
8.54932707e+07 3.62007438e-13
8.12661920e+07 3.62007481e-13
7.72481145e+07 3.62007516e-13
7.34287045e+07 3.62007550e-13
6.97981391e+07 3.62007590e-13
6.63470812e+07 3.62007636e-13
6.30666554e+07 3.62007682e-13
5.99484250e+07 3.62007728e-13
5.69843706e+07 3.62007778e-13
5.41668691e+07 3.62007830e-13
5.14886745e+07 3.62007888e-13
4.89428990e+07 3.62007945e-13
4.65229952e+07 3.62008007e-13
4.42227398e+07 3.62008067e-13
4.20362168e+07 3.62008140e-13
3.99578030e+07 3.62008210e-13
3.79821531e+07 3.62008281e-13
3.61041860e+07 3.62008363e-13
3.43190720e+07 3.62008443e-13
3.26222201e+07 3.62008531e-13
3.10092664e+07 3.62008621e-13
2.94760626e+07 3.62008719e-13
2.80186656e+07 3.62008819e-13
2.66333273e+07 3.62008927e-13
2.53164848e+07 3.62009039e-13
2.40647515e+07 3.62009158e-13
2.28749082e+07 3.62009279e-13
2.17438948e+07 3.62009409e-13
2.06688025e+07 3.62009547e-13
1.96468665e+07 3.62009691e-13
1.86754584e+07 3.62009843e-13
1.77520801e+07 3.62010005e-13
1.68743568e+07 3.62010173e-13
1.60400311e+07 3.62010348e-13
1.52469573e+07 3.62010535e-13
1.44930957e+07 3.62010730e-13
1.37765077e+07 3.62010937e-13
1.30953502e+07 3.62011153e-13
1.24478715e+07 3.62011382e-13
1.18324063e+07 3.62011621e-13
1.12473718e+07 3.62011874e-13
1.06912634e+07 3.62012138e-13
1.01626509e+07 3.62012418e-13
9.66017480e+06 3.62012711e-13
9.18254284e+06 3.62013019e-13
8.72852662e+06 3.62013345e-13
8.29695852e+06 3.62013686e-13
7.88672862e+06 3.62014046e-13
7.49678187e+06 3.62014424e-13
7.12611543e+06 3.62014822e-13
6.77377600e+06 3.62015241e-13
6.43885743e+06 3.62015681e-13
6.12049837e+06 3.62016145e-13
5.81788007e+06 3.62016632e-13
5.53022426e+06 3.62017145e-13
5.25679112e+06 3.62017684e-13
4.99687745e+06 3.62018252e-13
4.74981480e+06 3.62018849e-13
4.51496777e+06 3.62019477e-13
4.29173238e+06 3.62020138e-13
4.07953450e+06 3.62020833e-13
3.87782841e+06 3.62021565e-13
3.68609536e+06 3.62022334e-13
3.50384225e+06 3.62023143e-13
3.33060034e+06 3.62023995e-13
3.16592411e+06 3.62024891e-13
3.00939003e+06 3.62025833e-13
2.86059554e+06 3.62026825e-13
2.71915794e+06 3.62027867e-13
2.58471351e+06 3.62028965e-13
2.45691646e+06 3.62030119e-13
2.33543814e+06 3.62031334e-13
2.21996612e+06 3.62032611e-13
2.11020343e+06 3.62033955e-13
2.00586778e+06 3.62035369e-13
1.90669084e+06 3.62036856e-13
1.81241755e+06 3.62038421e-13
1.72280545e+06 3.62040067e-13
1.63762407e+06 3.62041799e-13
1.55665436e+06 3.62043621e-13
1.47968806e+06 3.62045537e-13
1.40652724e+06 3.62047554e-13
1.33698374e+06 3.62049675e-13
1.27087871e+06 3.62051906e-13
1.20804213e+06 3.62054254e-13
1.14831241e+06 3.62056724e-13
1.09153594e+06 3.62059322e-13
1.03756668e+06 3.62062055e-13
9.86265846e+05 3.62064931e-13
9.37501502e+05 3.62067956e-13
8.91148232e+05 3.62071138e-13
8.47086827e+05 3.62074486e-13
8.05203967e+05 3.62078009e-13
7.65391939e+05 3.62081714e-13
7.27548353e+05 3.62085612e-13
6.91575883e+05 3.62089713e-13
6.57382014e+05 3.62094027e-13
6.24878807e+05 3.62098565e-13
5.93982669e+05 3.62103340e-13
5.64614142e+05 3.62108363e-13
5.36697695e+05 3.62113647e-13
5.10161531e+05 3.62119206e-13
4.84937407e+05 3.62125055e-13
4.60960449e+05 3.62131207e-13
4.38168993e+05 3.62137679e-13
4.16504425e+05 3.62144489e-13
3.95911027e+05 3.62151652e-13
3.76335836e+05 3.62159188e-13
3.57728510e+05 3.62167116e-13
3.40041193e+05 3.62175456e-13
3.23228398e+05 3.62184230e-13
3.07246884e+05 3.62193460e-13
2.92055551e+05 3.62203171e-13
2.77615329e+05 3.62213387e-13
2.63889081e+05 3.62224134e-13
2.50841506e+05 3.62235440e-13
2.38439047e+05 3.62247334e-13
2.26649808e+05 3.62259847e-13
2.15443469e+05 3.62273011e-13
2.04791210e+05 3.62286859e-13
1.94665634e+05 3.62301428e-13
1.85040702e+05 3.62316754e-13
1.75891659e+05 3.62332878e-13
1.67194976e+05 3.62349841e-13
1.58928287e+05 3.62367686e-13
1.51070330e+05 3.62386459e-13
1.43600898e+05 3.62406208e-13
1.36500781e+05 3.62426985e-13
1.29751717e+05 3.62448842e-13
1.23336350e+05 3.62471837e-13
1.17238180e+05 3.62496027e-13
1.11441525e+05 3.62521476e-13
1.05931476e+05 3.62548249e-13
1.00693863e+05 3.62576414e-13
9.57152154e+04 3.62606044e-13
9.09827289e+04 3.62637215e-13
8.64842328e+04 3.62670008e-13
8.22081576e+04 3.62704507e-13
7.81435061e+04 3.62740800e-13
7.42798248e+04 3.62778981e-13
7.06071771e+04 3.62819148e-13
6.71161177e+04 3.62861404e-13
6.37976681e+04 3.62905858e-13
6.06432940e+04 3.62952625e-13
5.76448828e+04 3.63001824e-13
5.47947234e+04 3.63053582e-13
5.20854855e+04 3.63108033e-13
4.95102016e+04 3.63165316e-13
4.70622485e+04 3.63225578e-13
4.47353305e+04 3.63288976e-13
4.25234633e+04 3.63355671e-13
4.04209584e+04 3.63425835e-13
3.84224085e+04 3.63499649e-13
3.65226736e+04 3.63577302e-13
3.47168682e+04 3.63658995e-13
3.30003479e+04 3.63744937e-13
3.13686982e+04 3.63835350e-13
2.98177229e+04 3.63930466e-13
2.83434331e+04 3.64030529e-13
2.69420371e+04 3.64135798e-13
2.56099310e+04 3.64246542e-13
2.43436887e+04 3.64363047e-13
2.31400538e+04 3.64485612e-13
2.19959307e+04 3.64614553e-13
2.09083769e+04 3.64750202e-13
1.98745955e+04 3.64892906e-13
1.88919278e+04 3.65043034e-13
1.79578465e+04 3.65200971e-13
1.70699493e+04 3.65367123e-13
1.62259529e+04 3.65541919e-13
1.54236865e+04 3.65725808e-13
1.46610868e+04 3.65919262e-13
1.39361927e+04 3.66122780e-13
1.32471399e+04 3.66336885e-13
1.25921561e+04 3.66562127e-13
1.19695570e+04 3.66799087e-13
1.13777413e+04 3.67048374e-13
1.08151870e+04 3.67310628e-13
1.02804473e+04 3.67586526e-13
9.77214697e+03 3.67876776e-13
9.28897872e+03 3.68182125e-13
8.82969996e+03 3.68503359e-13
8.39312950e+03 3.68841305e-13
7.97814457e+03 3.69196832e-13
7.58367791e+03 3.69570854e-13
7.20871503e+03 3.69964335e-13
6.85229160e+03 3.70378286e-13
6.51349095e+03 3.70813772e-13
6.19144176e+03 3.71271915e-13
5.88531578e+03 3.71753893e-13
5.59432571e+03 3.72260946e-13
5.31772318e+03 3.72794380e-13
5.05479682e+03 3.73355567e-13
4.80487044e+03 3.73945952e-13
4.56730127e+03 3.74567053e-13
4.34147833e+03 3.75220470e-13
4.12682085e+03 3.75907885e-13
3.92277676e+03 3.76631066e-13
3.72882131e+03 3.77391875e-13
3.54445567e+03 3.78192272e-13
3.36920571e+03 3.79034316e-13
3.20262069e+03 3.79920175e-13
3.04427221e+03 3.80852130e-13
2.89375302e+03 3.81832581e-13
2.75067601e+03 3.82864053e-13
2.61467321e+03 3.83949201e-13
2.48539486e+03 3.85090820e-13
2.36250847e+03 3.86291851e-13
2.24569800e+03 3.87555386e-13
2.13466303e+03 3.88884682e-13
2.02911802e+03 3.90283161e-13
1.92879151e+03 3.91754427e-13
1.83342548e+03 3.93302272e-13
1.74277468e+03 3.94930682e-13
1.65660596e+03 3.96643856e-13
1.57469771e+03 3.98446209e-13
1.49683929e+03 4.00342386e-13
1.42283046e+03 4.02337275e-13
1.35248087e+03 4.04436021e-13
1.28560961e+03 4.06644035e-13
1.22204469e+03 4.08967011e-13
1.16162263e+03 4.11410942e-13
1.10418805e+03 4.13982133e-13
1.04959323e+03 4.16687217e-13
9.97697764e+02 4.19533175e-13
9.48368187e+02 4.22527354e-13
9.01477631e+02 4.25677483e-13
8.56905505e+02 4.28991697e-13
8.14537177e+02 4.32478554e-13
7.74263683e+02 4.36147063e-13
7.35981448e+02 4.40006703e-13
6.99592017e+02 4.44067448e-13
6.65001803e+02 4.48339798e-13
6.32121848e+02 4.52834800e-13
6.00867589e+02 4.57564081e-13
5.71158648e+02 4.62539878e-13
5.42918618e+02 4.67814797e-13
5.16074871e+02 4.73322924e-13
4.90558371e+02 4.79118269e-13
4.66303493e+02 4.85215847e-13
4.43247859e+02 4.91631465e-13
4.21332174e+02 4.98381762e-13
4.00500076e+02 5.05484250e-13
3.80697987e+02 5.12957367e-13
3.61874981e+02 5.20820520e-13
3.43982649e+02 5.29094142e-13
3.26974974e+02 5.37799743e-13
3.10808217e+02 5.46959971e-13
2.95440800e+02 5.56598671e-13
2.80833200e+02 5.66740949e-13
2.66947849e+02 5.77413245e-13
2.53749038e+02 5.88643397e-13
2.41202821e+02 6.00460724e-13
2.29276931e+02 6.12896103e-13
2.17940698e+02 6.25982054e-13
2.07164968e+02 6.39864172e-13
1.96922026e+02 6.54355716e-13
1.87185529e+02 6.69606173e-13
1.77930439e+02 6.85655589e-13
1.69132952e+02 7.02546158e-13
1.60770442e+02 7.20322339e-13
1.52821404e+02 7.39030988e-13
1.45265393e+02 7.59035040e-13
1.38082977e+02 7.79758741e-13
1.31255684e+02 8.01571177e-13
1.24765955e+02 8.24530195e-13
1.18597101e+02 8.48696795e-13
1.12733256e+02 8.74135304e-13
1.07159340e+02 9.00913574e-13
1.01861017e+02 9.29103183e-13
9.68246612e+01 9.58779652e-13
9.20373200e+01 9.90022681e-13
8.74866812e+01 1.02291639e-12
8.31610415e+01 1.05754960e-12
7.90492762e+01 1.09401607e-12
7.51408106e+01 1.13241487e-12
7.14255929e+01 1.17285064e-12
6.78940681e+01 1.21543396e-12
6.45371540e+01 1.26028173e-12
6.13462172e+01 1.30751756e-12
5.83130511e+01 1.35727218e-12
5.54298552e+01 1.40968394e-12
5.26892142e+01 1.46489926e-12
5.00840799e+01 1.52307320e-12
4.76077523e+01 1.58437003e-12
4.52538628e+01 1.64896385e-12
4.30163576e+01 1.71703925e-12
4.08894823e+01 1.78879207e-12
3.88677669e+01 1.86443021e-12
3.69460121e+01 1.94501884e-12
3.51192753e+01 2.02909828e-12
3.33828586e+01 2.11776763e-12
3.17322963e+01 2.21129240e-12
3.01633435e+01 2.30995532e-12
2.86719650e+01 2.40959847e-12
2.72543253e+01 2.51878173e-12
2.59067786e+01 2.63396399e-12
2.46258592e+01 2.75549551e-12
2.34082728e+01 2.88374955e-12
2.22508880e+01 3.01912405e-12
2.11507282e+01 3.16204369e-12
2.01049642e+01 3.31296198e-12
1.91109062e+01 3.47236365e-12
1.81659979e+01 3.64076728e-12
1.72678090e+01 3.81872811e-12
1.64140297e+01 4.00684126e-12
1.56024641e+01 4.20574517e-12
1.48310251e+01 4.41611064e-12
1.40977287e+01 4.63851321e-12
1.34006890e+01 4.87379321e-12
1.27381132e+01 5.12317779e-12
1.21082975e+01 5.38720570e-12
1.15096220e+01 5.66710827e-12
1.09405471e+01 5.96384850e-12
1.03996091e+01 6.27803894e-12
9.88541702e+00 6.61205560e-12
9.39664831e+00 6.96670432e-12
8.93204600e+00 7.34346499e-12
8.49041520e+00 7.74395512e-12
8.07062014e+00 8.16993287e-12
7.67158118e+00 8.62331603e-12
7.29227206e+00 9.10619921e-12
6.93171728e+00 9.62087067e-12
6.58898955e+00 1.01698349e-11
6.26320745e+00 1.07558354e-11
5.95353313e+00 1.13818808e-11
5.65917016e+00 1.20512744e-11
5.37936150e+00 1.27676462e-11
5.11338754e+00 1.35349896e-11
4.86056423e+00 1.43577012e-11
4.62024137e+00 1.52406267e-11
4.39180089e+00 1.61891099e-11
4.17465529e+00 1.72090496e-11
3.96824610e+00 1.83069607e-11
3.77204249e+00 1.94900440e-11
3.58553986e+00 2.07662626e-11
3.40825855e+00 2.21444276e-11
3.23974263e+00 2.36342922e-11
3.07955871e+00 2.52466576e-11
2.92729484e+00 2.69934893e-11
2.78255940e+00 2.88880470e-11
2.64498018e+00 3.09450276e-11
2.51420335e+00 3.31807245e-11
2.38989257e+00 3.56132038e-11
2.27172813e+00 3.82624991e-11
2.15940615e+00 4.11186578e-11
2.05263775e+00 4.42649636e-11
1.95114835e+00 4.77018497e-11
1.85467692e+00 5.14596431e-11
1.76297538e+00 5.56293442e-11
1.67580786e+00 6.01402587e-11
1.59295021e+00 6.50851438e-11
1.51418933e+00 7.05093268e-11
1.43932264e+00 7.64635819e-11
1.36815763e+00 8.30041855e-11
1.30051125e+00 9.01935038e-11
1.23620954e+00 9.81006418e-11
1.17508713e+00 1.06802161e-10
1.11698682e+00 1.16382870e-10
1.06175918e+00 1.26936704e-10
1.00926219e+00 1.38567686e-10
9.59360829e-01 1.51390999e-10
9.11926760e-01 1.65534164e-10
8.66837993e-01 1.81139055e-10
8.23978568e-01 1.98360635e-10
7.83238260e-01 2.17372420e-10
7.44512291e-01 2.38365750e-10
7.07701066e-01 2.61552320e-10
6.72709914e-01 2.87166324e-10
6.39448843e-01 3.15466807e-10
6.07832313e-01 3.46740270e-10
5.77779012e-01 3.81303540e-10
5.49211648e-01 4.19506927e-10
5.22056753e-01 4.61737714e-10
4.96244488e-01 5.08423997e-10
4.71708469e-01 5.60038907e-10
4.48385595e-01 6.17105262e-10
4.26215883e-01 6.80200683e-10
4.05142317e-01 7.49963213e-10
3.85110700e-01 8.27097483e-10
3.66069515e-01 9.12381488e-10
3.47969790e-01 1.00667400e-09
3.30764978e-01 1.11092268e-09
3.14410830e-01 1.22617297e-09
2.98865287e-01 1.35357781e-09
2.84088369e-01 1.49440813e-09
2.70042072e-01 1.65006445e-09
2.56690272e-01 1.82208930e-09
2.43998630e-01 2.01218081e-09
2.31934506e-01 2.22220732e-09
2.20466874e-01 2.45422319e-09
2.09566240e-01 2.71048575e-09
1.99204571e-01 2.99347350e-09
1.89355218e-01 3.30590546e-09
1.79992851e-01 3.65076177e-09
1.71093391e-01 4.03130544e-09
1.62633950e-01 4.45110508e-09
1.54592774e-01 4.91405870e-09
1.46949180e-01 5.42441821e-09
1.39683512e-01 5.98681440e-09
1.32777083e-01 6.60628221e-09
1.26212131e-01 7.28828569e-09
1.19971774e-01 8.03874223e-09
1.14039960e-01 8.86404528e-09
1.08401436e-01 9.77108472e-09
1.03041699e-01 1.07672635e-08
9.79469667e-02 1.18605090e-08
9.31041349e-02 1.30592767e-08
8.85007491e-02 1.43725425e-08
8.41249705e-02 1.58097797e-08
7.99655453e-02 1.73809127e-08
7.60117762e-02 1.90962395e-08
7.22534949e-02 2.09663104e-08
6.86810359e-02 2.30017485e-08
6.52852114e-02 2.52129928e-08
6.20572881e-02 2.76099466e-08
5.89889643e-02 3.02015100e-08
5.60723488e-02 3.29949812e-08
5.32999408e-02 3.59953176e-08
5.06646101e-02 3.92042617e-08
4.81595791e-02 4.26193532e-08
4.57784054e-02 4.62328751e-08
4.35149650e-02 5.00308068e-08
4.13634368e-02 5.39918854e-08
3.93182876e-02 5.80868987e-08
3.73742574e-02 6.22783409e-08
3.55263468e-02 6.65205541e-08
3.37698031e-02 7.07604487e-08
3.21001090e-02 7.49388351e-08
3.05129702e-02 7.89923334e-08
2.90043049e-02 8.28557422e-08
2.75702333e-02 8.64646836e-08
2.62070670e-02 8.97582944e-08
2.49113003e-02 9.26817269e-08
2.36796007e-02 9.51882513e-08
2.25088005e-02 9.72408006e-08
2.13958887e-02 9.88129719e-08
2.03380031e-02 9.98892859e-08
1.93324229e-02 1.00465049e-07
1.83765620e-02 1.00545721e-07
1.74679622e-02 1.00145983e-07
1.66042866e-02 9.92886160e-08
1.57833141e-02 9.80032529e-08
1.50029332e-02 9.63250915e-08
1.42611371e-02 9.42935945e-08
1.35560179e-02 9.19512093e-08
1.28857621e-02 8.93421295e-08
1.22486461e-02 8.65111194e-08
1.16430313e-02 8.35024253e-08
1.10673602e-02 8.03587987e-08
1.05201522e-02 7.71206604e-08
1.00000000e-02 7.38254223e-08
