1.00000000e+20 0.00000000e+00
9.50556592e+19 0.00000000e+00
9.03557835e+19 0.00000000e+00
8.58882856e+19 0.00000000e+00
8.16416760e+19 0.00000000e+00
7.76050334e+19 0.00000000e+00
7.37679760e+19 0.00000000e+00
7.01206359e+19 0.00000000e+00
6.66536327e+19 0.00000000e+00
6.33580499e+19 0.00000000e+00
6.02254120e+19 0.00000000e+00
5.72476624e+19 0.00000000e+00
5.44171429e+19 0.00000000e+00
5.17265739e+19 0.00000000e+00
4.91690358e+19 0.00000000e+00
4.67379511e+19 0.00000000e+00
4.44270675e+19 0.00000000e+00
4.22304419e+19 0.00000000e+00
4.01424249e+19 0.00000000e+00
3.81576466e+19 0.00000000e+00
3.62710025e+19 0.00000000e+00
3.44776405e+19 0.00000000e+00
3.27729485e+19 0.00000000e+00
3.11525422e+19 0.00000000e+00
2.96122544e+19 0.00000000e+00
2.81481236e+19 0.00000000e+00
2.67563844e+19 0.00000000e+00
2.54334576e+19 0.00000000e+00
2.41759408e+19 0.00000000e+00
2.29805999e+19 0.00000000e+00
2.18443607e+19 0.00000000e+00
2.07643011e+19 0.00000000e+00
1.97376433e+19 0.00000000e+00
1.87617469e+19 0.00000000e+00
1.78341022e+19 0.00000000e+00
1.69523234e+19 0.00000000e+00
1.61141428e+19 0.00000000e+00
1.53174046e+19 0.00000000e+00
1.45600600e+19 0.00000000e+00
1.38401610e+19 0.00000000e+00
1.31558562e+19 0.00000000e+00
1.25053859e+19 0.00000000e+00
1.18870770e+19 0.00000000e+00
1.12993394e+19 0.00000000e+00
1.07406615e+19 0.00000000e+00
1.02096066e+19 0.00000000e+00
9.70480888e+18 0.00000000e+00
9.22497005e+18 0.00000000e+00
8.76885609e+18 0.00000000e+00
8.33529397e+18 0.00000000e+00
7.92316862e+18 0.00000000e+00
7.53142017e+18 0.00000000e+00
7.15904109e+18 0.00000000e+00
6.80507370e+18 0.00000000e+00
6.46860766e+18 0.00000000e+00
6.14877765e+18 0.00000000e+00
5.84476113e+18 0.00000000e+00
5.55577622e+18 0.00000000e+00
5.28107971e+18 0.00000000e+00
5.01996513e+18 0.00000000e+00
4.77176095e+18 0.00000000e+00
4.53582883e+18 0.00000000e+00
4.31156199e+18 0.00000000e+00
4.09838367e+18 0.00000000e+00
3.89574562e+18 0.00000000e+00
3.70312668e+18 0.00000000e+00
3.52003147e+18 0.00000000e+00
3.34598912e+18 0.00000000e+00
3.18055202e+18 0.00000000e+00
3.02329468e+18 0.00000000e+00
2.87381269e+18 0.00000000e+00
2.73172160e+18 0.00000000e+00
2.59665597e+18 0.00000000e+00
2.46826845e+18 0.00000000e+00
2.34622885e+18 0.00000000e+00
2.23022330e+18 0.00000000e+00
2.11995346e+18 0.00000000e+00
2.01513573e+18 0.00000000e+00
1.91550056e+18 0.00000000e+00
1.82079168e+18 0.00000000e+00
1.73076553e+18 0.00000000e+00
1.64519059e+18 0.00000000e+00
1.56384676e+18 0.00000000e+00
1.48652484e+18 0.00000000e+00
1.41302599e+18 0.00000000e+00
1.34316117e+18 0.00000000e+00
1.27675070e+18 0.00000000e+00
1.21362380e+18 0.00000000e+00
1.15361810e+18 0.00000000e+00
1.09657929e+18 0.00000000e+00
1.04236067e+18 0.00000000e+00
9.90822810e+17 0.00000000e+00
9.41833153e+17 0.00000000e+00
8.95265713e+17 0.00000000e+00
8.51000725e+17 0.00000000e+00
8.08924349e+17 0.00000000e+00
7.68928372e+17 0.00000000e+00
7.30909933e+17 0.00000000e+00
6.94771255e+17 0.00000000e+00
6.60419396e+17 6.92716993e-46
6.27766011e+17 3.44142417e-44
5.96727120e+17 1.25725180e-42
5.67222897e+17 3.53247780e-41
5.39177464e+17 9.08827236e-40
5.12518693e+17 2.30383647e-38
4.87178022e+17 4.60616056e-37
4.63090280e+17 6.75422443e-36
4.40193519e+17 1.01728420e-34
4.18428851e+17 1.20827974e-33
3.97740302e+17 1.43513477e-32
3.78074666e+17 1.34423829e-31
3.59381366e+17 1.29327307e-30
3.41612327e+17 1.01661221e-29
3.24721849e+17 6.44556482e-29
3.08666494e+17 4.67052115e-28
2.93404971e+17 2.60835096e-27
2.78898029e+17 1.30706069e-26
2.65108360e+17 6.42398794e-26
2.52000499e+17 2.90599044e-25
2.39540736e+17 1.21938180e-24
2.27697026e+17 5.26818726e-24
2.16438909e+17 1.74516827e-23
2.05737431e+17 6.10063984e-23
1.95565072e+17 2.02093102e-22
1.85895668e+17 5.57118976e-22
1.76704353e+17 1.89357389e-21
1.67967487e+17 4.38580492e-21
1.59662602e+17 1.33775207e-20
1.51768339e+17 3.15196110e-20
1.44264395e+17 7.28392232e-20
1.37131472e+17 1.51035418e-19
1.30351224e+17 3.55863971e-19
1.23906216e+17 6.66127335e-19
1.17779870e+17 1.31239013e-18
1.11956432e+17 2.72515853e-18
1.06420924e+17 5.12160391e-18
1.01159111e+17 9.05233542e-18
9.61574600e+16 1.44462497e-17
9.14031075e+16 2.99974220e-17
8.68838264e+16 4.31189664e-17
8.25879939e+16 6.77391864e-17
7.85045620e+16 1.23192256e-16
7.46230289e+16 1.55037325e-16
7.09334120e+16 2.53651496e-16
6.74262224e+16 3.87915833e-16
6.40924402e+16 5.57013874e-16
6.09234915e+16 8.44523520e-16
5.79112265e+16 1.01651099e-15
5.50478981e+16 1.62220818e-15
5.23261424e+16 2.05501445e-15
4.97389596e+16 2.58760147e-15
4.72796959e+16 3.20195259e-15
4.49420266e+16 4.60257419e-15
4.27199397e+16 5.70181662e-15
4.06077203e+16 7.04959019e-15
3.85999362e+16 8.18958750e-15
3.66914238e+16 9.85773030e-15
3.48772747e+16 1.21871359e-14
3.31528234e+16 1.53381345e-14
3.15136348e+16 1.94313681e-14
2.99554933e+16 1.89468333e-14
2.84743917e+16 2.38583416e-14
2.70665207e+16 2.95250864e-14
2.57282597e+16 2.87904197e-14
2.44561668e+16 3.46956113e-14
2.32469706e+16 4.03622780e-14
2.20975611e+16 4.49040441e-14
2.10049824e+16 5.02014035e-14
1.99664245e+16 5.29653470e-14
1.89792164e+16 5.88816553e-14
1.80408193e+16 6.84201112e-14
1.71488197e+16 6.67702411e-14
1.63009236e+16 8.04759004e-14
1.54949504e+16 7.85657404e-14
1.47288272e+16 9.71026844e-14
1.40005838e+16 9.49241360e-14
1.33083472e+16 9.26881347e-14
1.26503372e+16 1.16820162e-13
1.20248614e+16 1.14273766e-13
1.14303113e+16 1.11491533e-13
1.08651577e+16 1.09209434e-13
1.03279473e+16 1.38353552e-13
9.81729841e+15 1.35701561e-13
9.33189772e+15 1.32556978e-13
8.87049689e+15 1.30187926e-13
8.43190929e+15 1.63750562e-13
8.01500696e+15 1.60761174e-13
7.61871770e+15 1.57296174e-13
7.24202233e+15 1.55099981e-13
6.88395207e+15 1.52200579e-13
6.54358602e+15 1.50002189e-13
6.22004883e+15 1.83708887e-13
5.91250841e+15 1.81598381e-13
5.62017385e+15 1.79366941e-13
5.34229330e+15 1.76163837e-13
5.07815211e+15 1.73176876e-13
4.82707097e+15 1.72060306e-13
4.58840413e+15 1.68947545e-13
4.36153779e+15 2.01000721e-13
4.14588850e+15 2.01221512e-13
3.94090164e+15 1.98402265e-13
3.74605003e+15 1.93907539e-13
3.56083255e+15 1.91746488e-13
3.38477286e+15 1.92338452e-13
3.21741815e+15 1.91282047e-13
3.05833803e+15 1.87874781e-13
2.90712338e+15 1.87404132e-13
2.76338529e+15 1.89231969e-13
2.62675410e+15 2.13725982e-13
2.49687843e+15 2.13606298e-13
2.37342425e+15 2.10892263e-13
2.25607407e+15 2.07119003e-13
2.14452608e+15 2.03229981e-13
2.03849340e+15 2.12135886e-13
1.93770334e+15 2.08105090e-13
1.84189668e+15 2.48990509e-13
1.75082703e+15 2.42760271e-13
1.66426018e+15 2.37130714e-13
1.58197348e+15 2.31617345e-13
1.50375532e+15 2.05570673e-13
1.42940453e+15 2.24888326e-13
1.35872990e+15 2.22443741e-13
1.29154967e+15 2.33312465e-13
1.22769105e+15 2.21013387e-13
1.16698982e+15 2.25316196e-13
1.10928986e+15 2.22361097e-13
1.05444279e+15 2.18262571e-13
1.00230755e+15 2.14336003e-13
9.52750047e+14 2.15715617e-13
9.05642838e+14 2.17827701e-13
8.60864770e+14 2.24777668e-13
8.18300682e+14 2.23465153e-13
7.77841107e+14 2.20596061e-13
7.39381992e+14 2.19807616e-13
7.02824426e+14 2.21102617e-13
6.68074392e+14 2.18678697e-13
6.35042517e+14 2.17296713e-13
6.03643851e+14 2.38667374e-13
5.73797641e+14 2.18327641e-13
5.45427131e+14 2.31529230e-13
5.18459354e+14 2.27421234e-13
4.92824957e+14 2.27120903e-13
4.68458012e+14 2.29688996e-13
4.45295851e+14 2.27216188e-13
4.23278907e+14 2.26372647e-13
4.02350555e+14 2.25196008e-13
3.82456972e+14 2.28661858e-13
3.63546996e+14 2.29077464e-13
3.45571994e+14 2.25871211e-13
3.28485737e+14 2.27620825e-13
3.12244282e+14 2.25979930e-13
2.96805861e+14 2.34235226e-13
2.82130768e+14 2.30743691e-13
2.68181261e+14 2.30091434e-13
2.54921465e+14 2.28007422e-13
2.42317279e+14 2.27717853e-13
2.30336287e+14 2.31716047e-13
2.18947676e+14 2.25962500e-13
2.08122157e+14 2.28519863e-13
1.97831888e+14 2.29506910e-13
1.88050406e+14 2.27275537e-13
1.78752553e+14 2.28923321e-13
1.69914417e+14 2.28310665e-13
1.61513269e+14 2.28604738e-13
1.53527503e+14 2.30822138e-13
1.45936580e+14 2.30738703e-13
1.38720978e+14 2.29958528e-13
1.31862140e+14 2.29005201e-13
1.25342427e+14 2.28263016e-13
1.19145070e+14 2.28957544e-13
1.13254132e+14 2.30166811e-13
1.07654461e+14 2.28660907e-13
1.02331658e+14 2.29353296e-13
9.72720319e+13 2.28683611e-13
9.24625712e+13 2.30221783e-13
8.78909065e+13 2.29961716e-13
8.35452806e+13 2.29299965e-13
7.94145172e+13 2.29592177e-13
7.54879928e+13 2.30776630e-13
7.17556092e+13 2.30281349e-13
6.82077673e+13 2.29700932e-13
6.48353429e+13 2.29484192e-13
6.16296626e+13 2.29420229e-13
5.85824820e+13 2.30296600e-13
5.56859644e+13 2.30379876e-13
5.29326606e+13 2.30363904e-13
5.03154895e+13 2.30528575e-13
4.78277202e+13 2.30377933e-13
4.54629547e+13 2.30215347e-13
4.32151113e+13 2.30109768e-13
4.10784089e+13 2.30770938e-13
3.90473524e+13 2.29868491e-13
3.71167182e+13 2.29872859e-13
3.52815412e+13 2.29944883e-13
3.35371015e+13 2.29970162e-13
3.18789129e+13 2.30149539e-13
3.03027108e+13 2.30215128e-13
2.88044415e+13 2.30235882e-13
2.73802518e+13 2.30268347e-13
2.60264788e+13 2.30429784e-13
2.47396410e+13 2.30273732e-13
2.35164288e+13 2.30379416e-13
2.23536965e+13 2.30154433e-13
2.12484535e+13 2.30306946e-13
2.01978576e+13 2.30100709e-13
1.91992067e+13 2.30314629e-13
1.82499324e+13 2.30016393e-13
1.73475936e+13 2.30180365e-13
1.64898694e+13 2.30247673e-13
1.56745541e+13 2.30288248e-13
1.48995507e+13 2.30148117e-13
1.41628662e+13 2.30240739e-13
1.34626058e+13 2.30109657e-13
1.27969687e+13 2.30414167e-13
1.21642429e+13 2.30237671e-13
1.15628013e+13 2.30247209e-13
1.09910970e+13 2.30304410e-13
1.04476597e+13 2.30302307e-13
9.93109181e+12 2.30350530e-13
9.44006479e+12 2.30390101e-13
8.97331581e+12 2.30276125e-13
8.52964450e+12 2.30319960e-13
8.10790981e+12 2.30356606e-13
7.70702711e+12 2.30354757e-13
7.32596543e+12 2.30311922e-13
6.96374473e+12 2.30410755e-13
6.61943346e+12 2.30376712e-13
6.29214611e+12 2.30336445e-13
5.98104096e+12 2.30392582e-13
5.68531791e+12 2.30412177e-13
5.40421642e+12 2.30360430e-13
5.13701354e+12 2.30404103e-13
4.88302209e+12 2.30391743e-13
4.64158883e+12 2.30384096e-13
4.41209286e+12 2.30358020e-13
4.19394396e+12 2.30414088e-13
3.98658107e+12 2.30365900e-13
3.78947092e+12 2.30402985e-13
3.60210656e+12 2.30412261e-13
3.42400614e+12 2.30357327e-13
3.25471161e+12 2.30375689e-13
3.09378757e+12 2.30437922e-13
2.94082017e+12 2.30383179e-13
2.79541600e+12 2.30425931e-13
2.65720111e+12 2.30409382e-13
2.52582003e+12 2.30394266e-13
2.40093488e+12 2.30406856e-13
2.28222447e+12 2.30402178e-13
2.16938352e+12 2.30410195e-13
2.06212180e+12 2.30408754e-13
1.96016347e+12 2.30394678e-13
1.86324631e+12 2.30407061e-13
1.77112106e+12 2.30408748e-13
1.68355080e+12 2.30429693e-13
1.60031031e+12 2.30401518e-13
1.52118552e+12 2.30414988e-13
1.44597292e+12 2.30407792e-13
1.37447909e+12 2.30409926e-13
1.30652016e+12 2.30425693e-13
1.24192135e+12 2.30425738e-13
1.18051653e+12 2.30426418e-13
1.12214777e+12 2.30443565e-13
1.06666496e+12 2.30420464e-13
1.01392541e+12 2.30422479e-13
9.63793480e+11 2.30420602e-13
9.16140246e+11 2.30431176e-13
8.70843150e+11 2.30422497e-13
8.27785697e+11 2.30427178e-13
7.86857151e+11 2.30430857e-13
7.47952252e+11 2.30420806e-13
7.10970943e+11 2.30431618e-13
6.75818117e+11 2.30421411e-13
6.42403366e+11 2.30423091e-13
6.10640754e+11 2.30430867e-13
5.80448594e+11 2.30423620e-13
5.51749238e+11 2.30425848e-13
5.24468875e+11 2.30427762e-13
4.98537346e+11 2.30429715e-13
4.73887961e+11 2.30425533e-13
4.50457325e+11 2.30430106e-13
4.28185180e+11 2.30426645e-13
4.07014245e+11 2.30430871e-13
3.86890074e+11 2.30430028e-13
3.67760910e+11 2.30426717e-13
3.49577557e+11 2.30429519e-13
3.32293252e+11 2.30430620e-13
3.15863541e+11 2.30427299e-13
3.00246171e+11 2.30432323e-13
2.85400977e+11 2.30428404e-13
2.71289780e+11 2.30431035e-13
2.57876289e+11 2.30432066e-13
2.45126006e+11 2.30430126e-13
2.33006141e+11 2.30432007e-13
2.21485523e+11 2.30431994e-13
2.10534524e+11 2.30429350e-13
2.00124980e+11 2.30429252e-13
1.90230119e+11 2.30430219e-13
1.80824493e+11 2.30432133e-13
1.71883914e+11 2.30430532e-13
1.63385388e+11 2.30430358e-13
1.55307057e+11 2.30432585e-13
1.47628147e+11 2.30430275e-13
1.40328908e+11 2.30431602e-13
1.33390569e+11 2.30430034e-13
1.26795285e+11 2.30431811e-13
1.20526094e+11 2.30431617e-13
1.14566873e+11 2.30430903e-13
1.08902296e+11 2.30430754e-13
1.03517796e+11 2.30431210e-13
9.83995230e+10 2.30432249e-13
9.35343152e+10 2.30432354e-13
8.89096599e+10 2.30432264e-13
8.45136633e+10 2.30432374e-13
8.03350198e+10 2.30432535e-13
7.63629826e+10 2.30431688e-13
7.25873365e+10 2.30432134e-13
6.89983712e+10 2.30432150e-13
6.55868566e+10 2.30432714e-13
6.23440189e+10 2.30432070e-13
5.92615181e+10 2.30432418e-13
5.63314267e+10 2.30432621e-13
5.35462090e+10 2.30432053e-13
5.08987019e+10 2.30432193e-13
4.83820966e+10 2.30432694e-13
4.59899209e+10 2.30432215e-13
4.37160225e+10 2.30432475e-13
4.15545533e+10 2.30432223e-13
3.94999546e+10 2.30432249e-13
3.75469422e+10 2.30432660e-13
3.56904935e+10 2.30432321e-13
3.39258338e+10 2.30432061e-13
3.22484250e+10 2.30432385e-13
3.06539530e+10 2.30432398e-13
2.91383170e+10 2.30432441e-13
2.76976194e+10 2.30432344e-13
2.63281547e+10 2.30432642e-13
2.50264010e+10 2.30432597e-13
2.37890104e+10 2.30432220e-13
2.26128007e+10 2.30432378e-13
2.14947467e+10 2.30432625e-13
2.04319732e+10 2.30432552e-13
1.94217468e+10 2.30432544e-13
1.84614695e+10 2.30432622e-13
1.75486715e+10 2.30432488e-13
1.66810054e+10 2.30432620e-13
1.58562396e+10 2.30432612e-13
1.50722531e+10 2.30432449e-13
1.43270295e+10 2.30432548e-13
1.36186524e+10 2.30432545e-13
1.29452998e+10 2.30432595e-13
1.23052400e+10 2.30432652e-13
1.16968270e+10 2.30432757e-13
1.11184960e+10 2.30432655e-13
1.05687597e+10 2.30432661e-13
1.00462042e+10 2.30432660e-13
9.54948564e+09 2.30432406e-13
9.07732653e+09 2.30432662e-13
8.62851257e+09 2.30432583e-13
8.20188950e+09 2.30432682e-13
7.79636013e+09 2.30432486e-13
7.41088152e+09 2.30432772e-13
7.04446228e+09 2.30432820e-13
6.69616005e+09 2.30432684e-13
6.36507908e+09 2.30432853e-13
6.05036788e+09 2.30432796e-13
5.75121707e+09 2.30432509e-13
5.46685730e+09 2.30432698e-13
5.19655724e+09 2.30432699e-13
4.93962174e+09 2.30432727e-13
4.69539001e+09 2.30432780e-13
4.46323393e+09 2.30432878e-13
4.24255643e+09 2.30432626e-13
4.03278998e+09 2.30432693e-13
3.83339510e+09 2.30432686e-13
3.64385898e+09 2.30432618e-13
3.46369418e+09 2.30432652e-13
3.29243733e+09 2.30432732e-13
3.12964801e+09 2.30432728e-13
2.97490755e+09 2.30432759e-13
2.82781798e+09 2.30432882e-13
2.68800102e+09 2.30432784e-13
2.55509709e+09 2.30432734e-13
2.42876438e+09 2.30432685e-13
2.30867799e+09 2.30432657e-13
2.19452909e+09 2.30432737e-13
2.08602409e+09 2.30432718e-13
1.98288395e+09 2.30432742e-13
1.88484341e+09 2.30432767e-13
1.79165033e+09 2.30432794e-13
1.70306503e+09 2.30432748e-13
1.61885969e+09 2.30432735e-13
1.53881775e+09 2.30432780e-13
1.46273336e+09 2.30432762e-13
1.39041083e+09 2.30432736e-13
1.32166418e+09 2.30432724e-13
1.25631660e+09 2.30432761e-13
1.19420003e+09 2.30432762e-13
1.13515471e+09 2.30432727e-13
1.07902879e+09 2.30432730e-13
1.02567793e+09 2.30432750e-13
9.74964918e+08 2.30432722e-13
9.26759330e+08 2.30432747e-13
8.80937190e+08 2.30432770e-13
8.37380654e+08 2.30432732e-13
7.95977700e+08 2.30432775e-13
7.56621850e+08 2.30432727e-13
7.19211887e+08 2.30432764e-13
6.83651600e+08 2.30432754e-13
6.49849535e+08 2.30432794e-13
6.17718760e+08 2.30432777e-13
5.87176639e+08 2.30432765e-13
5.58144625e+08 2.30432757e-13
5.30548053e+08 2.30432771e-13
5.04315949e+08 2.30432786e-13
4.79380850e+08 2.30432783e-13
4.55678627e+08 2.30432775e-13
4.33148322e+08 2.30432787e-13
4.11731993e+08 2.30432782e-13
3.91374560e+08 2.30432790e-13
3.72023668e+08 2.30432790e-13
3.53629550e+08 2.30432793e-13
3.36144900e+08 2.30432789e-13
3.19524751e+08 2.30432793e-13
3.03726358e+08 2.30432797e-13
2.88709092e+08 2.30432803e-13
2.74434330e+08 2.30432793e-13
2.60865362e+08 2.30432809e-13
2.47967289e+08 2.30432806e-13
2.35706941e+08 2.30432806e-13
2.24052787e+08 2.30432816e-13
2.12974854e+08 2.30432826e-13
2.02444651e+08 2.30432827e-13
1.92435098e+08 2.30432826e-13
1.82920450e+08 2.30432837e-13
1.73876240e+08 2.30432838e-13
1.65279206e+08 2.30432838e-13
1.57107239e+08 2.30432849e-13
1.49339322e+08 2.30432854e-13
1.41955477e+08 2.30432868e-13
1.34936714e+08 2.30432874e-13
1.28264983e+08 2.30432876e-13
1.21923125e+08 2.30432885e-13
1.15894830e+08 2.30432891e-13
1.10164595e+08 2.30432898e-13
1.04717682e+08 2.30432907e-13
9.95400829e+07 2.30432915e-13
9.46184819e+07 2.30432924e-13
8.99402217e+07 2.30432931e-13
8.54932707e+07 2.30432942e-13
8.12661920e+07 2.30432957e-13
7.72481145e+07 2.30432967e-13
7.34287045e+07 2.30432976e-13
6.97981391e+07 2.30432988e-13
6.63470812e+07 2.30433004e-13
6.30666554e+07 2.30433018e-13
5.99484250e+07 2.30433031e-13
5.69843706e+07 2.30433047e-13
5.41668691e+07 2.30433063e-13
5.14886745e+07 2.30433082e-13
4.89428990e+07 2.30433099e-13
4.65229952e+07 2.30433118e-13
4.42227398e+07 2.30433135e-13
4.20362168e+07 2.30433159e-13
3.99578030e+07 2.30433181e-13
3.79821531e+07 2.30433201e-13
3.61041860e+07 2.30433227e-13
3.43190720e+07 2.30433251e-13
3.26222201e+07 2.30433278e-13
3.10092664e+07 2.30433305e-13
2.94760626e+07 2.30433336e-13
2.80186656e+07 2.30433366e-13
2.66333273e+07 2.30433400e-13
2.53164848e+07 2.30433434e-13
2.40647515e+07 2.30433471e-13
2.28749082e+07 2.30433507e-13
2.17438948e+07 2.30433547e-13
2.06688025e+07 2.30433589e-13
1.96468665e+07 2.30433633e-13
1.86754584e+07 2.30433679e-13
1.77520801e+07 2.30433730e-13
1.68743568e+07 2.30433781e-13
1.60400311e+07 2.30433835e-13
1.52469573e+07 2.30433892e-13
1.44930957e+07 2.30433952e-13
1.37765077e+07 2.30434015e-13
1.30953502e+07 2.30434081e-13
1.24478715e+07 2.30434152e-13
1.18324063e+07 2.30434225e-13
1.12473718e+07 2.30434302e-13
1.06912634e+07 2.30434383e-13
1.01626509e+07 2.30434469e-13
9.66017480e+06 2.30434559e-13
9.18254284e+06 2.30434653e-13
8.72852662e+06 2.30434753e-13
8.29695852e+06 2.30434857e-13
7.88672862e+06 2.30434967e-13
7.49678187e+06 2.30435083e-13
7.12611543e+06 2.30435205e-13
6.77377600e+06 2.30435334e-13
6.43885743e+06 2.30435469e-13
6.12049837e+06 2.30435610e-13
5.81788007e+06 2.30435760e-13
5.53022426e+06 2.30435917e-13
5.25679112e+06 2.30436082e-13
4.99687745e+06 2.30436256e-13
4.74981480e+06 2.30436439e-13
4.51496777e+06 2.30436631e-13
4.29173238e+06 2.30436834e-13
4.07953450e+06 2.30437046e-13
3.87782841e+06 2.30437271e-13
3.68609536e+06 2.30437506e-13
3.50384225e+06 2.30437754e-13
3.33060034e+06 2.30438015e-13
3.16592411e+06 2.30438289e-13
3.00939003e+06 2.30438578e-13
2.86059554e+06 2.30438882e-13
2.71915794e+06 2.30439201e-13
2.58471351e+06 2.30439537e-13
2.45691646e+06 2.30439891e-13
2.33543814e+06 2.30440263e-13
2.21996612e+06 2.30440654e-13
2.11020343e+06 2.30441066e-13
2.00586778e+06 2.30441499e-13
1.90669084e+06 2.30441955e-13
1.81241755e+06 2.30442434e-13
1.72280545e+06 2.30442938e-13
1.63762407e+06 2.30443468e-13
1.55665436e+06 2.30444027e-13
1.47968806e+06 2.30444614e-13
1.40652724e+06 2.30445231e-13
1.33698374e+06 2.30445881e-13
1.27087871e+06 2.30446565e-13
1.20804213e+06 2.30447284e-13
1.14831241e+06 2.30448040e-13
1.09153594e+06 2.30448836e-13
1.03756668e+06 2.30449673e-13
9.86265846e+05 2.30450554e-13
9.37501502e+05 2.30451481e-13
8.91148232e+05 2.30452456e-13
8.47086827e+05 2.30453481e-13
8.05203967e+05 2.30454560e-13
7.65391939e+05 2.30455695e-13
7.27548353e+05 2.30456889e-13
6.91575883e+05 2.30458145e-13
6.57382014e+05 2.30459467e-13
6.24878807e+05 2.30460857e-13
5.93982669e+05 2.30462319e-13
5.64614142e+05 2.30463858e-13
5.36697695e+05 2.30465476e-13
5.10161531e+05 2.30467179e-13
4.84937407e+05 2.30468971e-13
4.60960449e+05 2.30470855e-13
4.38168993e+05 2.30472838e-13
4.16504425e+05 2.30474923e-13
3.95911027e+05 2.30477118e-13
3.76335836e+05 2.30479426e-13
3.57728510e+05 2.30481854e-13
3.40041193e+05 2.30484409e-13
3.23228398e+05 2.30487097e-13
3.07246884e+05 2.30489924e-13
2.92055551e+05 2.30492898e-13
2.77615329e+05 2.30496028e-13
2.63889081e+05 2.30499319e-13
2.50841506e+05 2.30502783e-13
2.38439047e+05 2.30506426e-13
2.26649808e+05 2.30510259e-13
2.15443469e+05 2.30514291e-13
2.04791210e+05 2.30518533e-13
1.94665634e+05 2.30522995e-13
1.85040702e+05 2.30527690e-13
1.75891659e+05 2.30532629e-13
1.67194976e+05 2.30537825e-13
1.58928287e+05 2.30543291e-13
1.51070330e+05 2.30549041e-13
1.43600898e+05 2.30555091e-13
1.36500781e+05 2.30561455e-13
1.29751717e+05 2.30568150e-13
1.23336350e+05 2.30575193e-13
1.17238180e+05 2.30582603e-13
1.11441525e+05 2.30590398e-13
1.05931476e+05 2.30598599e-13
1.00693863e+05 2.30607226e-13
9.57152154e+04 2.30616302e-13
9.09827289e+04 2.30625851e-13
8.64842328e+04 2.30635895e-13
8.22081576e+04 2.30646463e-13
7.81435061e+04 2.30657580e-13
7.42798248e+04 2.30669275e-13
7.06071771e+04 2.30681578e-13
6.71161177e+04 2.30694522e-13
6.37976681e+04 2.30708139e-13
6.06432940e+04 2.30722464e-13
5.76448828e+04 2.30737534e-13
5.47947234e+04 2.30753388e-13
5.20854855e+04 2.30770067e-13
4.95102016e+04 2.30787613e-13
4.70622485e+04 2.30806072e-13
4.47353305e+04 2.30825492e-13
4.25234633e+04 2.30845921e-13
4.04209584e+04 2.30867413e-13
3.84224085e+04 2.30890023e-13
3.65226736e+04 2.30913809e-13
3.47168682e+04 2.30938833e-13
3.30003479e+04 2.30965158e-13
3.13686982e+04 2.30992852e-13
2.98177229e+04 2.31021988e-13
2.83434331e+04 2.31052638e-13
2.69420371e+04 2.31084883e-13
2.56099310e+04 2.31118805e-13
2.43436887e+04 2.31154492e-13
2.31400538e+04 2.31192036e-13
2.19959307e+04 2.31231532e-13
2.09083769e+04 2.31273083e-13
1.98745955e+04 2.31316795e-13
1.88919278e+04 2.31362781e-13
1.79578465e+04 2.31411159e-13
1.70699493e+04 2.31462054e-13
1.62259529e+04 2.31515596e-13
1.54236865e+04 2.31571924e-13
1.46610868e+04 2.31631182e-13
1.39361927e+04 2.31693522e-13
1.32471399e+04 2.31759106e-13
1.25921561e+04 2.31828101e-13
1.19695570e+04 2.31900685e-13
1.13777413e+04 2.31977046e-13
1.08151870e+04 2.32057378e-13
1.02804473e+04 2.32141890e-13
9.77214697e+03 2.32230798e-13
9.28897872e+03 2.32324332e-13
8.82969996e+03 2.32422732e-13
8.39312950e+03 2.32526250e-13
7.97814457e+03 2.32635155e-13
7.58367791e+03 2.32749725e-13
7.20871503e+03 2.32870255e-13
6.85229160e+03 2.32997056e-13
6.51349095e+03 2.33130455e-13
6.19144176e+03 2.33270793e-13
5.88531578e+03 2.33418433e-13
5.59432571e+03 2.33573754e-13
5.31772318e+03 2.33737157e-13
5.05479682e+03 2.33909062e-13
4.80487044e+03 2.34089910e-13
4.56730127e+03 2.34280169e-13
4.34147833e+03 2.34480327e-13
4.12682085e+03 2.34690900e-13
3.92277676e+03 2.34912430e-13
3.72882131e+03 2.35145487e-13
3.54445567e+03 2.35390671e-13
3.36920571e+03 2.35648614e-13
3.20262069e+03 2.35919980e-13
3.04427221e+03 2.36205467e-13
2.89375302e+03 2.36505812e-13
2.75067601e+03 2.36821787e-13
2.61467321e+03 2.37154206e-13
2.48539486e+03 2.37503926e-13
2.36250847e+03 2.37871847e-13
2.24569800e+03 2.38258919e-13
2.13466303e+03 2.38666136e-13
2.02911802e+03 2.39094551e-13
1.92879151e+03 2.39545265e-13
1.83342548e+03 2.40019442e-13
1.74277468e+03 2.40518303e-13
1.65660596e+03 2.41043134e-13
1.57469771e+03 2.41595289e-13
1.49683929e+03 2.42176192e-13
1.42283046e+03 2.42787341e-13
1.35248087e+03 2.43430312e-13
1.28560961e+03 2.44106763e-13
1.22204469e+03 2.44818442e-13
1.16162263e+03 2.45567184e-13
1.10418805e+03 2.46354921e-13
1.04959323e+03 2.47183688e-13
9.97697764e+02 2.48055625e-13
9.48368187e+02 2.48972984e-13
9.01477631e+02 2.49938135e-13
8.56905505e+02 2.50953572e-13
8.14537177e+02 2.52021919e-13
7.74263683e+02 2.53145938e-13
7.35981448e+02 2.54328537e-13
6.99592017e+02 2.55572774e-13
6.65001803e+02 2.56881869e-13
6.32121848e+02 2.58259211e-13
6.00867589e+02 2.59708367e-13
5.71158648e+02 2.61233089e-13
5.42918618e+02 2.62837329e-13
5.16074871e+02 2.64525246e-13
4.90558371e+02 2.66301218e-13
4.66303493e+02 2.68169852e-13
4.43247859e+02 2.70135999e-13
4.21332174e+02 2.72204765e-13
4.00500076e+02 2.74381527e-13
3.80697987e+02 2.76671943e-13
3.61874981e+02 2.79081972e-13
3.43982649e+02 2.81617889e-13
3.26974974e+02 2.84286298e-13
3.10808217e+02 2.87094154e-13
2.95440800e+02 2.90048783e-13
2.80833200e+02 2.93157897e-13
2.66947849e+02 2.96454737e-13
2.53749038e+02 2.99897604e-13
2.41202821e+02 3.03520644e-13
2.29276931e+02 3.07333350e-13
2.17940698e+02 3.11345719e-13
2.07164968e+02 3.15568286e-13
1.96922026e+02 3.20012148e-13
1.87185529e+02 3.24688999e-13
1.77930439e+02 3.29611161e-13
1.69132952e+02 3.34791621e-13
1.60770442e+02 3.40244065e-13
1.52821404e+02 3.45982922e-13
1.45265393e+02 3.52023400e-13
1.38082977e+02 3.58381536e-13
1.31255684e+02 3.65074239e-13
1.24765955e+02 3.72119343e-13
1.18597101e+02 3.79535657e-13
1.12733256e+02 3.87343026e-13
1.07159340e+02 3.95562385e-13
1.01861017e+02 4.04285470e-13
9.68246612e+01 4.13396169e-13
9.20373200e+01 4.22988888e-13
8.74866812e+01 4.33089623e-13
8.31610415e+01 4.43725830e-13
7.90492762e+01 4.54926515e-13
7.51408106e+01 4.66722328e-13
7.14255929e+01 4.79340329e-13
6.78940681e+01 4.92424761e-13
6.45371540e+01 5.06207159e-13
6.13462172e+01 5.20725845e-13
5.83130511e+01 5.36021376e-13
5.54298552e+01 5.52136688e-13
5.26892142e+01 5.69117256e-13
5.00840799e+01 5.87011263e-13
4.76077523e+01 6.05869785e-13
4.52538628e+01 6.25746987e-13
4.30163576e+01 6.46700343e-13
4.08894823e+01 6.68790866e-13
3.88677669e+01 6.92083366e-13
3.69460121e+01 7.16646722e-13
3.51192753e+01 7.42554188e-13
3.33828586e+01 7.69883724e-13
3.17322963e+01 7.98718347e-13
3.01633435e+01 8.29146538e-13
2.86719650e+01 8.59671733e-13
2.72543253e+01 8.93344683e-13
2.59067786e+01 9.28879286e-13
2.46258592e+01 9.66385361e-13
2.34082728e+01 1.00648500e-12
2.22508880e+01 1.04828819e-12
2.11507282e+01 1.09243813e-12
2.01049642e+01 1.13907746e-12
1.91109062e+01 1.18835879e-12
1.81659979e+01 1.24044550e-12
1.72678090e+01 1.29551267e-12
1.64140297e+01 1.35374813e-12
1.56024641e+01 1.41535354e-12
1.48310251e+01 1.48053886e-12
1.40977287e+01 1.54948437e-12
1.34006890e+01 1.62246286e-12
1.27381132e+01 1.69986238e-12
1.21082975e+01 1.78185147e-12
1.15096220e+01 1.86882119e-12
1.09405471e+01 1.96107719e-12
1.03996091e+01 2.05898086e-12
9.88541702e+00 2.16294757e-12
9.39664831e+00 2.27340532e-12
8.93204600e+00 2.39082599e-12
8.49041520e+00 2.51538899e-12
8.07062014e+00 2.64834010e-12
7.67158118e+00 2.78994152e-12
7.29227206e+00 2.94086108e-12
6.93171728e+00 3.10182858e-12
6.58898955e+00 3.27364303e-12
6.26320745e+00 3.45717982e-12
5.95353313e+00 3.65339921e-12
5.65917016e+00 3.86335558e-12
5.37936150e+00 4.08820779e-12
5.11338754e+00 4.32923071e-12
4.86056423e+00 4.58782813e-12
4.62024137e+00 4.86554704e-12
4.39180089e+00 5.16409363e-12
4.17465529e+00 5.48535102e-12
3.96824610e+00 5.83139902e-12
3.77204249e+00 6.20453614e-12
3.58553986e+00 6.60730398e-12
3.40825855e+00 7.04251438e-12
3.23974263e+00 7.51327962e-12
3.07955871e+00 8.02304580e-12
2.92729484e+00 8.57563007e-12
2.78255940e+00 9.17526173e-12
2.64498018e+00 9.82662794e-12
2.51420335e+00 1.05349243e-11
2.38989257e+00 1.13059108e-11
2.27172813e+00 1.21376185e-11
2.15940615e+00 1.30521473e-11
2.05263775e+00 1.40505514e-11
1.95114835e+00 1.51415427e-11
1.85467692e+00 1.63347848e-11
1.76297538e+00 1.76591228e-11
1.67580786e+00 1.90924026e-11
1.59295021e+00 2.06638867e-11
1.51418933e+00 2.23880799e-11
1.43932264e+00 2.42811546e-11
1.36815763e+00 2.63610352e-11
1.30051125e+00 2.86475843e-11
1.23620954e+00 3.11628103e-11
1.17508713e+00 3.39310950e-11
1.11698682e+00 3.69794464e-11
1.06175918e+00 4.03377773e-11
1.00926219e+00 4.40392131e-11
9.59360829e-01 4.81204319e-11
9.11926760e-01 5.26220402e-11
8.66837993e-01 5.75891890e-11
8.23978568e-01 6.30712760e-11
7.83238260e-01 6.91235253e-11
7.44512291e-01 7.58068633e-11
7.07701066e-01 8.31886991e-11
6.72709914e-01 9.13436049e-11
6.39448843e-01 1.00354067e-10
6.07832313e-01 1.10311314e-10
5.77779012e-01 1.21316230e-10
5.49211648e-01 1.33480364e-10
5.22056753e-01 1.46927035e-10
4.96244488e-01 1.61792561e-10
4.71708469e-01 1.78227598e-10
4.48385595e-01 1.96398627e-10
4.26215883e-01 2.16489578e-10
4.05142317e-01 2.38703622e-10
3.85110700e-01 2.63265135e-10
3.66069515e-01 2.90421853e-10
3.47969790e-01 3.20447233e-10
3.30764978e-01 3.53643044e-10
3.14410830e-01 3.90342187e-10
2.98865287e-01 4.30911787e-10
2.84088369e-01 4.75756559e-10
2.70042072e-01 5.25322467e-10
2.56690272e-01 5.80100706e-10
2.43998630e-01 6.40632013e-10
2.31934506e-01 7.07511332e-10
2.20466874e-01 7.81392836e-10
2.09566240e-01 8.62995338e-10
1.99204571e-01 9.53108072e-10
1.89355218e-01 1.05259687e-09
1.79992851e-01 1.16241070e-09
1.71093391e-01 1.28358862e-09
1.62633950e-01 1.41726699e-09
1.54592774e-01 1.56468708e-09
1.46949180e-01 1.72720284e-09
1.39683512e-01 1.90628886e-09
1.32777083e-01 2.10354844e-09
1.26212131e-01 2.32072152e-09
1.19971774e-01 2.55969239e-09
1.14039960e-01 2.82249696e-09
1.08401436e-01 3.11132919e-09
1.03041699e-01 3.42854643e-09
9.79469667e-02 3.77667304e-09
9.31041349e-02 4.15840150e-09
8.85007491e-02 4.57659010e-09
8.41249705e-02 5.03425540e-09
7.99655453e-02 5.53455769e-09
7.60117762e-02 6.08077622e-09
7.22534949e-02 6.67627058e-09
6.86810359e-02 7.32442348e-09
6.52852114e-02 8.02855908e-09
6.20572881e-02 8.79183095e-09
5.89889643e-02 9.61707317e-09
5.60723488e-02 1.05066097e-08
5.32999408e-02 1.14620193e-08
5.06646101e-02 1.24838567e-08
4.81595791e-02 1.35713386e-08
4.57784054e-02 1.47220076e-08
4.35149650e-02 1.59313990e-08
4.13634368e-02 1.71927422e-08
3.93182876e-02 1.84967349e-08
3.73742574e-02 1.98314340e-08
3.55263468e-02 2.11823006e-08
3.37698031e-02 2.25324291e-08
3.21001090e-02 2.38629716e-08
3.05129702e-02 2.51537456e-08
2.90043049e-02 2.63839890e-08
2.75702333e-02 2.75332016e-08
2.62070670e-02 2.85820023e-08
2.49113003e-02 2.95129259e-08
2.36796007e-02 3.03110919e-08
2.25088005e-02 3.09646970e-08
2.13958887e-02 3.14653334e-08
2.03380031e-02 3.18080721e-08
1.93324229e-02 3.19914184e-08
1.83765620e-02 3.20171106e-08
1.74679622e-02 3.18898243e-08
1.66042866e-02 3.16168130e-08
1.57833141e-02 3.12075131e-08
1.50029332e-02 3.06731329e-08
1.42611371e-02 3.00262384e-08
1.35560179e-02 2.92803464e-08
1.28857621e-02 2.84495296e-08
1.22486461e-02 2.75480426e-08
1.16430313e-02 2.65899747e-08
1.10673602e-02 2.55889396e-08
1.05201522e-02 2.45578087e-08
1.00000000e-02 2.35084950e-08
