1.00000000e+20 0.00000000e+00
9.03466021e+19 0.00000000e+00
8.16250851e+19 0.00000000e+00
7.37454909e+19 0.00000000e+00
6.66265452e+19 0.00000000e+00
6.01948197e+19 0.00000000e+00
5.43839743e+19 0.00000000e+00
4.91340729e+19 0.00000000e+00
4.43909653e+19 0.00000000e+00
4.01057288e+19 0.00000000e+00
3.62341632e+19 0.00000000e+00
3.27363353e+19 0.00000000e+00
2.95761666e+19 0.00000000e+00
2.67210616e+19 0.00000000e+00
2.41415712e+19 0.00000000e+00
2.18110892e+19 0.00000000e+00
1.97055780e+19 0.00000000e+00
1.78033202e+19 0.00000000e+00
1.60846948e+19 0.00000000e+00
1.45319752e+19 0.00000000e+00
1.31291459e+19 0.00000000e+00
1.18617372e+19 0.00000000e+00
1.07166765e+19 0.00000000e+00
9.68215306e+18 0.00000000e+00
8.74749630e+18 0.00000000e+00
7.90306568e+18 0.00000000e+00
7.14015130e+18 0.00000000e+00
6.45088409e+18 0.00000000e+00
5.82815458e+18 0.00000000e+00
5.26553963e+18 0.00000000e+00
4.75723614e+18 0.00000000e+00
4.29800121e+18 0.00000000e+00
3.88309805e+18 0.00000000e+00
3.50824714e+18 0.00000000e+00
3.16958209e+18 0.00000000e+00
2.86360972e+18 0.00000000e+00
2.58717408e+18 0.00000000e+00
2.33742387e+18 0.00000000e+00
2.11178304e+18 0.00000000e+00
1.90792422e+18 0.00000000e+00
1.72374471e+18 0.00000000e+00
1.55734477e+18 0.00000000e+00
1.40700809e+18 0.00000000e+00
1.27118400e+18 0.00000000e+00
1.14847155e+18 0.00000000e+00
1.03760502e+18 0.00000000e+00
9.37440879e+17 0.00000000e+00
8.46945981e+17 0.00000000e+00
7.65186915e+17 0.00000000e+00
6.91320378e+17 0.00000000e+00
6.24584471e+17 0.00000000e+00
5.64290847e+17 0.00000000e+00
5.09817606e+17 1.02995680e-55
4.60602884e+17 9.22240515e-53
4.16139055e+17 5.31208665e-50
3.75967497e+17 1.22832780e-47
3.39673858e+17 2.14153916e-45
3.06883789e+17 1.92594227e-43
2.77259076e+17 1.25428323e-41
2.50494154e+17 4.93485936e-40
2.26312957e+17 1.61575075e-38
2.04466067e+17 3.06247092e-37
1.84728144e+17 4.60768846e-36
1.66895601e+17 5.33550123e-35
1.50784505e+17 4.75497593e-34
1.36228676e+17 4.26556503e-33
1.23077980e+17 2.32412533e-32
1.11196773e+17 1.29070887e-31
1.00462506e+17 5.43646646e-31
9.07644607e+16 2.09445842e-30
8.20026062e+16 5.98363014e-30
7.40865683e+16 1.93244779e-29
6.69346971e+16 5.19363174e-29
6.04732245e+16 1.04990885e-28
5.46355035e+16 2.41170269e-28
4.93613210e+16 5.43344636e-28
4.45962763e+16 8.45352042e-28
4.02912203e+16 1.71133347e-27
3.64017485e+16 2.73536823e-27
3.28877429e+16 4.37695387e-27
2.97129582e+16 6.51347711e-27
2.68446481e+16 7.99279509e-27
2.42532274e+16 1.27533298e-26
2.19119669e+16 1.54044994e-26
1.97967175e+16 2.16094806e-26
1.78856616e+16 2.54151907e-26
1.61590875e+16 3.16259789e-26
1.45991865e+16 3.60604290e-26
1.31898690e+16 4.25371613e-26
1.19165984e+16 5.17637701e-26
1.07662418e+16 5.00836060e-26
9.72693362e+15 6.21939457e-26
8.78795401e+15 7.83584396e-26
7.93961785e+15 7.65523494e-26
7.17317494e+15 7.57889921e-26
6.48071983e+15 9.53246580e-26
5.85511016e+15 9.63653398e-26
5.28989308e+15 9.96077212e-26
4.77923865e+15 1.20311358e-25
4.31787973e+15 1.23493690e-25
3.90105762e+15 1.32993310e-25
3.52447300e+15 1.63982798e-25
3.18424160e+15 1.66901528e-25
2.87685409e+15 1.80499580e-25
2.59913992e+15 1.89846610e-25
2.34823460e+15 2.09008378e-25
2.12155017e+15 2.46105493e-25
1.91674849e+15 2.60790488e-25
1.73171713e+15 2.99480533e-25
1.56454759e+15 3.06481201e-25
1.41351558e+15 3.30875863e-25
1.27706330e+15 3.61111443e-25
1.15378330e+15 4.34015492e-25
1.04240401e+15 4.62638391e-25
9.41776601e+14 4.93436208e-25
8.50863158e+14 5.73026159e-25
7.68725952e+14 6.24947848e-25
6.94517777e+14 6.78496983e-25
6.27473213e+14 7.74957248e-25
5.66900727e+14 8.13687563e-25
5.12175544e+14 8.98198323e-25
4.62733201e+14 1.02131929e-24
4.18063724e+14 1.10080358e-24
3.77706369e+14 1.18124027e-24
3.41244871e+14 1.34621880e-24
3.08303146e+14 1.48804100e-24
2.78541416e+14 1.63877883e-24
2.51652705e+14 1.76802629e-24
2.27359668e+14 2.00187387e-24
2.05411735e+14 2.19646839e-24
1.85582523e+14 2.42989728e-24
1.67667503e+14 2.76928915e-24
1.51481892e+14 3.01047170e-24
1.36858742e+14 3.28331367e-24
1.23647224e+14 3.64584086e-24
1.11711065e+14 4.07012564e-24
1.00927151e+14 4.53202684e-24
9.11842520e+13 4.99123667e-24
8.23818733e+13 5.48113917e-24
7.44292233e+13 6.07460847e-24
6.72442742e+13 6.73890340e-24
6.07529169e+13 7.44404791e-24
5.48881961e+13 8.25849160e-24
4.95896201e+13 9.13358852e-24
4.48025368e+13 1.00832110e-23
4.04775697e+13 1.11292585e-23
3.65701088e+13 1.24007740e-23
3.30398507e+13 1.36827065e-23
2.98503825e+13 1.51712965e-23
2.69688063e+13 1.67728886e-23
2.43654001e+13 1.85410309e-23
2.20133111e+13 2.05130274e-23
1.98882786e+13 2.26707214e-23
1.79683839e+13 2.51655661e-23
1.62338243e+13 2.77815095e-23
1.46667087e+13 3.07859166e-23
1.32508729e+13 3.40647170e-23
1.19717134e+13 3.77334229e-23
1.08160363e+13 4.17010696e-23
9.77192128e+12 4.62358678e-23
8.82859884e+12 5.10979079e-23
7.97633907e+12 5.65803468e-23
7.20635132e+12 6.26037149e-23
6.51069356e+12 6.93357801e-23
5.88219040e+12 7.66885227e-23
5.31435916e+12 8.49001219e-23
4.80134292e+12 9.39804610e-23
4.33785019e+12 1.04022453e-22
3.91910025e+12 1.15132052e-22
3.54077391e+12 1.27389704e-22
3.19896892e+12 1.41033316e-22
2.89015972e+12 1.56096673e-22
2.61116110e+12 1.72789547e-22
2.35909533e+12 1.91265925e-22
2.13136247e+12 2.11641039e-22
1.92561357e+12 2.34281992e-22
1.73972643e+12 2.59294845e-22
1.57178372e+12 2.87029516e-22
1.42005318e+12 3.17719250e-22
1.28296980e+12 3.51640508e-22
1.15911962e+12 3.89178940e-22
1.04722519e+12 4.30761968e-22
9.46132376e+11 4.76795105e-22
8.54798453e+11 5.27713424e-22
7.72281357e+11 5.84126464e-22
6.97729965e+11 6.46532756e-22
6.30375315e+11 7.15649864e-22
5.69522678e+11 7.92140622e-22
5.14544388e+11 8.76738324e-22
4.64873371e+11 9.70409566e-22
4.19997295e+11 1.07407010e-21
3.79453285e+11 1.18884646e-21
3.42823149e+11 1.31592633e-21
3.09729067e+11 1.45646836e-21
2.79829688e+11 1.61212015e-21
2.52816614e+11 1.78433163e-21
2.28411221e+11 1.97502051e-21
2.06361777e+11 2.18601610e-21
1.86440853e+11 2.41958054e-21
1.68442976e+11 2.67813746e-21
1.52182505e+11 2.96428605e-21
1.37491723e+11 3.28102199e-21
1.24219100e+11 3.63153192e-21
1.12227736e+11 4.01958096e-21
1.01393946e+11 4.44903087e-21
9.16059848e+10 4.92441166e-21
8.27628946e+10 5.45058893e-21
7.47734631e+10 6.03295854e-21
6.75552832e+10 6.67757513e-21
6.10339029e+10 7.39107438e-21
5.51420574e+10 8.18077150e-21
4.98189752e+10 9.05489108e-21
4.50097513e+10 1.00223391e-20
4.06647809e+10 1.10932494e-20
3.67392478e+10 1.22785338e-20
3.31926620e+10 1.35905297e-20
2.99884423e+10 1.50426025e-20
2.70935387e+10 1.66498871e-20
2.44780916e+10 1.84289670e-20
2.21151240e+10 2.03980497e-20
1.99802631e+10 2.25774991e-20
1.80514888e+10 2.49898539e-20
1.63089068e+10 2.76599792e-20
1.47345431e+10 3.06154558e-20
1.33121590e+10 3.38866405e-20
1.20270833e+10 3.75073911e-20
1.08660611e+10 4.15149856e-20
9.81711702e+09 4.59507515e-20
8.86943166e+09 5.08605713e-20
8.01323013e+09 5.62949187e-20
7.23968114e+09 6.23099080e-20
6.54080591e+09 6.89677497e-20
5.90939590e+09 7.63367700e-20
5.33893840e+09 8.44932213e-20
4.82354943e+09 9.35211200e-20
4.35791301e+09 1.03513768e-19
3.93722633e+09 1.14574100e-19
3.55715021e+09 1.26816073e-19
3.21376434e+09 1.40366293e-19
2.90352688e+09 1.55364107e-19
2.62323788e+09 1.71964607e-19
2.37000629e+09 1.90338809e-19
2.14122015e+09 2.10676183e-19
1.93451965e+09 2.33186612e-19
1.74777277e+09 2.58102153e-19
1.57905331e+09 2.85679960e-19
1.42662102e+09 3.16204439e-19
1.28890361e+09 3.49990577e-19
1.16448062e+09 3.87386363e-19
1.05206867e+09 4.28778019e-19
9.50508296e+08 4.74592319e-19
8.58751948e+08 5.25301821e-19
7.75853206e+08 5.81429493e-19
7.00957009e+08 6.43554435e-19
6.33290840e+08 7.12317179e-19
5.72156756e+08 7.88427262e-19
5.16924187e+08 8.72669394e-19
4.67023439e+08 9.65912825e-19
4.21939808e+08 1.06911911e-18
3.81208280e+08 1.18335301e-18
3.44408728e+08 1.30979241e-18
3.11161583e+08 1.44974164e-18
2.81123917e+08 1.60464457e-18
2.53985907e+08 1.77609835e-18
2.29467637e+08 1.96587177e-18
2.07316213e+08 2.17592218e-18
1.87303154e+08 2.40841613e-18
1.69222035e+08 2.66575180e-18
1.52886359e+08 2.95058324e-18
1.38127630e+08 3.26584861e-18
1.24793621e+08 3.61479967e-18
1.12746796e+08 4.00103549e-18
1.01862899e+08 4.42854019e-18
9.20296681e+07 4.90172297e-18
8.31456781e+07 5.42546474e-18
7.51192949e+07 6.00516741e-18
6.78677305e+07 6.64681039e-18
6.13161884e+07 7.35701207e-18
5.53970928e+07 8.14309770e-18
5.00493910e+07 9.01317534e-18
4.52179242e+07 9.97621950e-18
4.08528580e+07 1.10421635e-17
3.69091691e+07 1.22220021e-17
3.33461802e+07 1.35279044e-17
3.01271407e+07 1.49733405e-17
2.72188479e+07 1.65732195e-17
2.45913043e+07 1.83440430e-17
2.22174078e+07 2.03040762e-17
2.00726730e+07 2.24735360e-17
1.81349780e+07 2.48747996e-17
1.63843365e+07 2.75326343e-17
1.48026913e+07 3.04744548e-17
1.33737286e+07 3.37306043e-17
1.20827094e+07 3.73346686e-17
1.09163173e+07 4.13238215e-17
9.86252179e+06 4.57392096e-17
8.91045332e+06 5.06263752e-17
8.05029181e+06 5.60357272e-17
7.27316511e+06 6.20230603e-17
6.57105755e+06 6.86501310e-17
5.93672722e+06 7.59852941e-17
5.36363132e+06 8.41042087e-17
4.84585864e+06 9.30906169e-17
4.37806863e+06 1.03037210e-16
3.95543624e+06 1.14046581e-16
3.57360225e+06 1.26232287e-16
3.22862820e+06 1.39720018e-16
2.91695588e+06 1.54648893e-16
2.63537052e+06 1.71172896e-16
2.38096772e+06 1.89462464e-16
2.15112343e+06 2.09706246e-16
1.94346693e+06 2.32113046e-16
1.75585633e+06 2.56913980e-16
1.58635653e+06 2.84364858e-16
1.43321923e+06 3.14748822e-16
1.29486487e+06 3.48379269e-16
1.16986641e+06 3.85603081e-16
1.05693455e+06 4.26804203e-16
9.54904456e+05 4.72407607e-16
8.62723729e+05 5.22883670e-16
7.79441575e+05 5.78753030e-16
7.04198979e+05 6.40591953e-16
6.36219849e+05 7.09038279e-16
5.74803016e+05 7.84798003e-16
5.19314994e+05 8.68652550e-16
4.69183451e+05 9.61466845e-16
4.23891306e+05 1.06419822e-15
3.82971391e+05 1.17790632e-15
3.46001639e+05 1.30376398e-15
3.12600724e+05 1.44306938e-15
2.82424133e+05 1.59725939e-15
2.55160607e+05 1.76792442e-15
2.30528939e+05 1.95682481e-15
2.08275063e+05 2.16590900e-15
1.88169442e+05 2.39733361e-15
1.70004698e+05 2.65348571e-15
1.53593468e+05 2.93700742e-15
1.38766479e+05 3.25082316e-15
1.25370799e+05 3.59816985e-15
1.13268257e+05 3.98263028e-15
1.02334021e+05 4.40817003e-15
9.24553110e+04 4.87917845e-15
8.35302320e+04 5.40051389e-15
7.54667263e+04 5.97755382e-15
6.81816229e+04 6.61625031e-15
6.15997796e+04 7.32319143e-15
5.56533078e+04 8.10566921e-15
5.02808725e+04 8.97175488e-15
4.54270599e+04 9.93038210e-15
4.10418050e+04 1.09914392e-14
3.70798763e+04 1.21658710e-14
3.35004083e+04 1.34657921e-14
3.02664806e+04 1.49046114e-14
2.73447368e+04 1.64971708e-14
2.47050406e+04 1.82598983e-14
2.23201647e+04 2.02109772e-14
2.01655104e+04 2.23705341e-14
1.82188534e+04 2.47608465e-14
1.64601150e+04 2.74065724e-14
1.48711546e+04 3.03350052e-14
1.34355829e+04 3.35763550e-14
1.21385926e+04 3.71640609e-14
1.09668060e+04 4.11351354e-14
9.90813657e+03 4.55305471e-14
8.95166472e+03 5.03956436e-14
8.08752491e+03 5.57806193e-14
7.30680395e+03 6.17410340e-14
6.60144909e+03 6.83383867e-14
5.96418495e+03 7.56407503e-14
5.38843844e+03 8.37234755e-14
4.86827104e+03 9.26699687e-14
4.39831747e+03 1.02572554e-13
3.97373038e+03 1.13533427e-13
3.59013038e+03 1.25665713e-13
3.24356081e+03 1.39094634e-13
2.93044698e+03 1.53958805e-13
2.64755927e+03 1.70411668e-13
2.39197984e+03 1.88623082e-13
2.16107251e+03 2.08781078e-13
1.95245558e+03 2.31093807e-13
1.76397728e+03 2.55791700e-13
1.59369353e+03 2.83129854e-13
1.43984795e+03 3.13390676e-13
1.30085370e+03 3.46886821e-13
1.17527712e+03 3.83964431e-13
1.06182294e+03 4.25006738e-13
9.59320948e+02 4.70438050e-13
8.66713880e+02 5.20728169e-13
7.83046540e+02 5.76397286e-13
7.07455942e+02 6.38021415e-13
6.39162405e+02 7.06238407e-13
5.77461515e+02 7.81754630e-13
5.21716858e+02 8.65352375e-13
4.71353453e+02 9.57898071e-13
4.25851829e+02 1.06035141e-12
3.84742658e+02 1.17377545e-12
3.47601918e+02 1.29934792e-12
3.14046522e+02 1.43837366e-12
2.83730362e+02 1.59229853e-12
2.56340741e+02 1.76272489e-12
2.31595149e+02 1.95142880e-12
2.09238348e+02 2.16037917e-12
1.89039738e+02 2.39175916e-12
1.70790980e+02 2.64798999e-12
1.54303847e+02 2.93175765e-12
1.39408283e+02 3.24604263e-12
1.25950646e+02 3.59415338e-12
1.13792129e+02 3.97976374e-12
1.02807322e+02 4.40695508e-12
9.28829225e+01 4.88026378e-12
8.39165644e+01 5.40473476e-12
7.58157646e+01 5.98598227e-12
6.84969672e+01 6.63025873e-12
6.18846824e+01 7.34453336e-12
5.59107078e+01 8.13658207e-12
5.05134247e+01 9.01509067e-12
4.56371628e+01 9.98977409e-12
4.12316259e+01 1.10715146e-11
3.72513730e+01 1.22725228e-11
3.36553498e+01 1.36065269e-11
3.04064649e+01 1.50889947e-11
2.74712079e+01 1.67038322e-11
2.48193029e+01 1.85262892e-11
2.24233968e+01 2.05529355e-11
2.02587771e+01 2.28080400e-11
1.83031168e+01 2.53191178e-11
1.65362441e+01 2.81174534e-11
1.49399346e+01 3.12386649e-11
1.34977233e+01 3.47211931e-11
1.21947344e+01 3.86148799e-11
1.10175281e+01 4.29730333e-11
9.95396231e+00 4.78582298e-11
8.99306672e+00 5.33424455e-11
8.12493021e+00 5.95100094e-11
7.34059837e+00 6.64595034e-11
6.63198120e+00 7.43065301e-11
5.99176967e+00 8.31869726e-11
5.41336030e+00 9.32608561e-11
4.89078709e+00 1.04716823e-10
4.41865996e+00 1.17777235e-10
3.99210913e+00 1.32703860e-10
3.60673495e+00 1.49803977e-10
3.25856248e+00 1.69436648e-10
2.94400048e+00 1.92018655e-10
2.65980440e+00 2.18029379e-10
2.40304289e+00 2.48013573e-10
2.17106760e+00 2.82580578e-10
1.96148581e+00 3.22032881e-10
1.77213578e+00 3.67681044e-10
1.60106446e+00 4.19995916e-10
1.44650734e+00 4.80549517e-10
1.30687023e+00 5.48507377e-10
1.18071285e+00 6.25057265e-10
1.06673394e+00 7.10492036e-10
9.63757866e-01 8.04768571e-10
8.70722485e-01 9.07343236e-10
7.86668179e-01 1.01695179e-09
7.10727970e-01 1.13132375e-09
6.42118571e-01 1.24686461e-09
5.80132310e-01 1.35841072e-09
5.24129830e-01 1.45924101e-09
4.73533492e-01 1.54155565e-09
4.27821420e-01 1.59752524e-09
3.86522116e-01 1.62057024e-09
3.49209598e-01 1.60732707e-09
3.15499006e-01 1.55795052e-09
2.85042632e-01 1.47633656e-09
2.57526333e-01 1.36916686e-09
2.32666291e-01 1.21744180e-09
2.10206088e-01 1.08897317e-09
1.89914058e-01 9.75395548e-10
1.71580899e-01 8.44287009e-10
1.55017512e-01 7.21906128e-10
1.40053055e-01 6.11032839e-10
1.26533176e-01 5.13024975e-10
1.14318425e-01 4.28107921e-10
1.03282813e-01 3.55697637e-10
9.33125118e-02 2.94705928e-10
8.43046837e-02 2.43793978e-10
7.61664172e-02 2.01559584e-10
6.88137699e-02 1.66701931e-10
6.21709029e-02 1.37906886e-10
5.61692982e-02 1.14168971e-10
5.07470524e-02 9.45971971e-11
4.58482375e-02 7.84509303e-11
4.14223247e-02 6.51033875e-11
3.74236629e-02 5.40520938e-11
3.38110078e-02 4.48881703e-11
3.05470967e-02 3.72807589e-11
2.75982639e-02 3.09556118e-11
2.49340937e-02 2.56940451e-11
2.25271064e-02 2.13154587e-11
2.03524752e-02 1.77380808e-11
1.83877698e-02 1.46858848e-11
1.66127252e-02 1.21471127e-11
1.50090328e-02 1.00377386e-11
1.35601511e-02 8.28716548e-12
1.22511358e-02 6.83558271e-12
1.10684849e-02 5.63755678e-12
1.00000000e-02 4.64539406e-12
