1.00000000e+20 0.00000000e+00
9.50556592e+19 0.00000000e+00
9.03557835e+19 0.00000000e+00
8.58882856e+19 0.00000000e+00
8.16416760e+19 0.00000000e+00
7.76050334e+19 0.00000000e+00
7.37679760e+19 0.00000000e+00
7.01206359e+19 0.00000000e+00
6.66536327e+19 0.00000000e+00
6.33580499e+19 0.00000000e+00
6.02254120e+19 0.00000000e+00
5.72476624e+19 0.00000000e+00
5.44171429e+19 0.00000000e+00
5.17265739e+19 0.00000000e+00
4.91690358e+19 0.00000000e+00
4.67379511e+19 0.00000000e+00
4.44270675e+19 0.00000000e+00
4.22304419e+19 0.00000000e+00
4.01424249e+19 0.00000000e+00
3.81576466e+19 0.00000000e+00
3.62710025e+19 0.00000000e+00
3.44776405e+19 0.00000000e+00
3.27729485e+19 0.00000000e+00
3.11525422e+19 0.00000000e+00
2.96122544e+19 0.00000000e+00
2.81481236e+19 0.00000000e+00
2.67563844e+19 0.00000000e+00
2.54334576e+19 0.00000000e+00
2.41759408e+19 0.00000000e+00
2.29805999e+19 0.00000000e+00
2.18443607e+19 0.00000000e+00
2.07643011e+19 0.00000000e+00
1.97376433e+19 0.00000000e+00
1.87617469e+19 0.00000000e+00
1.78341022e+19 0.00000000e+00
1.69523234e+19 0.00000000e+00
1.61141428e+19 0.00000000e+00
1.53174046e+19 0.00000000e+00
1.45600600e+19 0.00000000e+00
1.38401610e+19 0.00000000e+00
1.31558562e+19 0.00000000e+00
1.25053859e+19 0.00000000e+00
1.18870770e+19 0.00000000e+00
1.12993394e+19 0.00000000e+00
1.07406615e+19 0.00000000e+00
1.02096066e+19 0.00000000e+00
9.70480888e+18 0.00000000e+00
9.22497005e+18 0.00000000e+00
8.76885609e+18 0.00000000e+00
8.33529397e+18 0.00000000e+00
7.92316862e+18 0.00000000e+00
7.53142017e+18 0.00000000e+00
7.15904109e+18 0.00000000e+00
6.80507370e+18 0.00000000e+00
6.46860766e+18 0.00000000e+00
6.14877765e+18 0.00000000e+00
5.84476113e+18 0.00000000e+00
5.55577622e+18 0.00000000e+00
5.28107971e+18 0.00000000e+00
5.01996513e+18 0.00000000e+00
4.77176095e+18 0.00000000e+00
4.53582883e+18 0.00000000e+00
4.31156199e+18 0.00000000e+00
4.09838367e+18 0.00000000e+00
3.89574562e+18 0.00000000e+00
3.70312668e+18 0.00000000e+00
3.52003147e+18 0.00000000e+00
3.34598912e+18 0.00000000e+00
3.18055202e+18 0.00000000e+00
3.02329468e+18 0.00000000e+00
2.87381269e+18 0.00000000e+00
2.73172160e+18 0.00000000e+00
2.59665597e+18 0.00000000e+00
2.46826845e+18 0.00000000e+00
2.34622885e+18 0.00000000e+00
2.23022330e+18 0.00000000e+00
2.11995346e+18 0.00000000e+00
2.01513573e+18 0.00000000e+00
1.91550056e+18 0.00000000e+00
1.82079168e+18 0.00000000e+00
1.73076553e+18 0.00000000e+00
1.64519059e+18 0.00000000e+00
1.56384676e+18 0.00000000e+00
1.48652484e+18 0.00000000e+00
1.41302599e+18 0.00000000e+00
1.34316117e+18 0.00000000e+00
1.27675070e+18 0.00000000e+00
1.21362380e+18 0.00000000e+00
1.15361810e+18 0.00000000e+00
1.09657929e+18 0.00000000e+00
1.04236067e+18 0.00000000e+00
9.90822810e+17 0.00000000e+00
9.41833153e+17 0.00000000e+00
8.95265713e+17 0.00000000e+00
8.51000725e+17 0.00000000e+00
8.08924349e+17 0.00000000e+00
7.68928372e+17 0.00000000e+00
7.30909933e+17 0.00000000e+00
6.94771255e+17 0.00000000e+00
6.60419396e+17 0.00000000e+00
6.27766011e+17 0.00000000e+00
5.96727120e+17 0.00000000e+00
5.67222897e+17 0.00000000e+00
5.39177464e+17 0.00000000e+00
5.12518693e+17 2.46396729e-46
4.87178022e+17 2.69021090e-44
4.63090280e+17 1.15722395e-42
4.40193519e+17 3.77959123e-41
4.18428851e+17 1.06647583e-39
3.97740302e+17 2.36282063e-38
3.78074666e+17 4.70694194e-37
3.59381366e+17 9.16399501e-36
3.41612327e+17 1.34522043e-34
3.24721849e+17 1.90603404e-33
3.08666494e+17 2.26389274e-32
2.93404971e+17 2.25407850e-31
2.78898029e+17 2.16626116e-30
2.65108360e+17 1.56969472e-29
2.52000499e+17 1.43489931e-28
2.39540736e+17 8.43392754e-28
2.27697026e+17 5.21760029e-27
2.16438909e+17 2.56436457e-26
2.05737431e+17 1.43212344e-25
1.95565072e+17 7.17645855e-25
1.85895668e+17 2.71456426e-24
1.76704353e+17 1.17530967e-23
1.67967487e+17 4.08444759e-23
1.59662602e+17 1.55067645e-22
1.51768339e+17 4.72985155e-22
1.44264395e+17 1.57608877e-21
1.37131472e+17 5.47723901e-21
1.30351224e+17 1.29052645e-20
1.23906216e+17 3.78175149e-20
1.17779870e+17 1.01364451e-19
1.11956432e+17 2.34775475e-19
1.06420924e+17 5.51137586e-19
1.01159111e+17 1.14442898e-18
9.61574600e+16 2.32649005e-18
9.14031075e+16 4.82058039e-18
8.68838264e+16 1.01803887e-17
8.25879939e+16 1.85727591e-17
7.85045620e+16 3.47655946e-17
7.46230289e+16 5.30629622e-17
7.09334120e+16 1.12061523e-16
6.74262224e+16 1.71378597e-16
6.40924402e+16 2.81893799e-16
6.09234915e+16 4.60619197e-16
5.79112265e+16 7.35083231e-16
5.50478981e+16 9.31203372e-16
5.23261424e+16 1.48817611e-15
4.97389596e+16 2.13913787e-15
4.72796959e+16 3.36055099e-15
4.49420266e+16 4.81961594e-15
4.27199397e+16 5.95858775e-15
4.06077203e+16 7.49888393e-15
3.85999362e+16 1.22687277e-14
3.66914238e+16 1.51815319e-14
3.48772747e+16 1.82932272e-14
3.31528234e+16 2.42671049e-14
3.15136348e+16 2.93376082e-14
2.99554933e+16 3.88322073e-14
2.84743917e+16 4.67395060e-14
2.70665207e+16 5.77898469e-14
2.57282597e+16 7.27382914e-14
2.44561668e+16 7.09172851e-14
2.32469706e+16 8.98533657e-14
2.20975611e+16 1.13157089e-13
2.10049824e+16 1.10387078e-13
1.99664245e+16 1.36668069e-13
1.89792164e+16 1.64703962e-13
1.80408193e+16 1.91705736e-13
1.71488197e+16 2.13390797e-13
1.63009236e+16 2.25411549e-13
1.54949504e+16 2.52017370e-13
1.47288272e+16 2.80400609e-13
1.40005838e+16 3.26620735e-13
1.33083472e+16 3.19393055e-13
1.26503372e+16 3.84679188e-13
1.20248614e+16 3.76415713e-13
1.14303113e+16 3.69970840e-13
1.08651577e+16 4.57142660e-13
1.03279473e+16 4.49094864e-13
9.81729841e+15 4.40479569e-13
9.33189772e+15 5.53548333e-13
8.87049689e+15 5.45014934e-13
8.43190929e+15 5.38423525e-13
8.01500696e+15 6.82375074e-13
7.61871770e+15 6.65671395e-13
7.24202233e+15 6.60203443e-13
6.88395207e+15 6.56710601e-13
6.54358602e+15 6.41268132e-13
6.22004883e+15 8.04901679e-13
5.91250841e+15 7.98788832e-13
5.62017385e+15 7.91244470e-13
5.34229330e+15 7.86154106e-13
5.07815211e+15 7.77620775e-13
4.82707097e+15 7.75749052e-13
4.58840413e+15 9.48456854e-13
4.36153779e+15 9.28999014e-13
4.14588850e+15 9.40822955e-13
3.94090164e+15 9.19375000e-13
3.74605003e+15 9.43365377e-13
3.56083255e+15 9.26808856e-13
3.38477286e+15 9.11063707e-13
3.21741815e+15 1.10642555e-12
3.05833803e+15 1.08226795e-12
2.90712338e+15 1.06600939e-12
2.76338529e+15 1.05292472e-12
2.62675410e+15 1.09211969e-12
2.49687843e+15 1.08197219e-12
2.37342425e+15 1.06033756e-12
2.25607407e+15 1.05473552e-12
2.14452608e+15 1.40238447e-12
2.03849340e+15 1.37268822e-12
1.93770334e+15 1.33834117e-12
1.84189668e+15 1.18969267e-12
1.75082703e+15 1.17891472e-12
1.66426018e+15 1.15620288e-12
1.58197348e+15 1.24069985e-12
1.50375532e+15 1.21986916e-12
1.42940453e+15 1.37073088e-12
1.35872990e+15 1.33723525e-12
1.29154967e+15 1.30758884e-12
1.22769105e+15 1.28112490e-12
1.16698982e+15 1.15963167e-12
1.10928986e+15 1.12740481e-12
1.05444279e+15 1.30362928e-12
1.00230755e+15 1.28860365e-12
9.52750047e+14 1.28753072e-12
9.05642838e+14 1.29239701e-12
8.60864770e+14 1.28424947e-12
8.18300682e+14 1.27654770e-12
7.77841107e+14 1.25140846e-12
7.39381992e+14 1.24157066e-12
7.02824426e+14 1.42058924e-12
6.68074392e+14 1.41147914e-12
6.35042517e+14 1.37786251e-12
6.03643851e+14 1.29668668e-12
5.73797641e+14 1.29343506e-12
5.45427131e+14 1.28053180e-12
5.18459354e+14 1.27963380e-12
4.92824957e+14 1.31104340e-12
4.68458012e+14 1.28525109e-12
4.45295851e+14 1.27405847e-12
4.23278907e+14 1.30332908e-12
4.02350555e+14 1.29029107e-12
3.82456972e+14 1.30560393e-12
3.63546996e+14 1.35039565e-12
3.45571994e+14 1.33155076e-12
3.28485737e+14 1.31598434e-12
3.12244282e+14 1.39102612e-12
2.96805861e+14 1.34528300e-12
2.82130768e+14 1.33920390e-12
2.68181261e+14 1.32609109e-12
2.54921465e+14 1.32798034e-12
2.42317279e+14 1.31714295e-12
2.30336287e+14 1.31663339e-12
2.18947676e+14 1.31545856e-12
2.08122157e+14 1.31370478e-12
1.97831888e+14 1.30848235e-12
1.88050406e+14 1.32601386e-12
1.78752553e+14 1.31898281e-12
1.69914417e+14 1.31300985e-12
1.61513269e+14 1.30590123e-12
1.53527503e+14 1.32698198e-12
1.45936580e+14 1.31438691e-12
1.38720978e+14 1.31560940e-12
1.31862140e+14 1.32917584e-12
1.25342427e+14 1.32121524e-12
1.19145070e+14 1.32397445e-12
1.13254132e+14 1.32557895e-12
1.07654461e+14 1.32539590e-12
1.02331658e+14 1.33384648e-12
9.72720319e+13 1.32438055e-12
9.24625712e+13 1.32579125e-12
8.78909065e+13 1.33098590e-12
8.35452806e+13 1.32204058e-12
7.94145172e+13 1.32400609e-12
7.54879928e+13 1.32212623e-12
7.17556092e+13 1.32188284e-12
6.82077673e+13 1.32565141e-12
6.48353429e+13 1.32402543e-12
6.16296626e+13 1.32886476e-12
5.85824820e+13 1.33474978e-12
5.56859644e+13 1.32482245e-12
5.29326606e+13 1.32891462e-12
5.03154895e+13 1.33142015e-12
4.78277202e+13 1.32708802e-12
4.54629547e+13 1.32988245e-12
4.32151113e+13 1.33036028e-12
4.10784089e+13 1.33194679e-12
3.90473524e+13 1.32847160e-12
3.71167182e+13 1.32903224e-12
3.52815412e+13 1.32667755e-12
3.35371015e+13 1.32868197e-12
3.18789129e+13 1.32670829e-12
3.03027108e+13 1.32827955e-12
2.88044415e+13 1.32692714e-12
2.73802518e+13 1.32861010e-12
2.60264788e+13 1.32641512e-12
2.47396410e+13 1.32545599e-12
2.35164288e+13 1.32747474e-12
2.23536965e+13 1.32901842e-12
2.12484535e+13 1.32999948e-12
2.01978576e+13 1.33050884e-12
1.91992067e+13 1.33046812e-12
1.82499324e+13 1.32933459e-12
1.73475936e+13 1.32797531e-12
1.64898694e+13 1.32727998e-12
1.56745541e+13 1.32968592e-12
1.48995507e+13 1.32936054e-12
1.41628662e+13 1.32924552e-12
1.34626058e+13 1.32961381e-12
1.27969687e+13 1.33040870e-12
1.21642429e+13 1.32858304e-12
1.15628013e+13 1.32907783e-12
1.09910970e+13 1.32926018e-12
1.04476597e+13 1.32925699e-12
9.93109181e+12 1.32925399e-12
9.44006479e+12 1.32972398e-12
8.97331581e+12 1.32903081e-12
8.52964450e+12 1.32892923e-12
8.10790981e+12 1.32909792e-12
7.70702711e+12 1.32945619e-12
7.32596543e+12 1.32890337e-12
6.96374473e+12 1.32913164e-12
6.61943346e+12 1.32876853e-12
6.29214611e+12 1.32926112e-12
5.98104096e+12 1.32893809e-12
5.68531791e+12 1.32972508e-12
5.40421642e+12 1.32905917e-12
5.13701354e+12 1.32913650e-12
4.88302209e+12 1.32919155e-12
4.64158883e+12 1.32923130e-12
4.41209286e+12 1.32960433e-12
4.19394396e+12 1.32890968e-12
3.98658107e+12 1.32954967e-12
3.78947092e+12 1.32900860e-12
3.60210656e+12 1.32938105e-12
3.42400614e+12 1.32911305e-12
3.25471161e+12 1.32942375e-12
3.09378757e+12 1.32906466e-12
2.94082017e+12 1.32942880e-12
2.79541600e+12 1.32927586e-12
2.65720111e+12 1.32923958e-12
2.52582003e+12 1.32936578e-12
2.40093488e+12 1.32931890e-12
2.28222447e+12 1.32911615e-12
2.16938352e+12 1.32925102e-12
2.06212180e+12 1.32934406e-12
1.96016347e+12 1.32943400e-12
1.86324631e+12 1.32931772e-12
1.77112106e+12 1.32920244e-12
1.68355080e+12 1.32930906e-12
1.60031031e+12 1.32925346e-12
1.52118552e+12 1.32943744e-12
1.44597292e+12 1.32935890e-12
1.37447909e+12 1.32926423e-12
1.30652016e+12 1.32928886e-12
1.24192135e+12 1.32934435e-12
1.18051653e+12 1.32937216e-12
1.12214777e+12 1.32926744e-12
1.06666496e+12 1.32937117e-12
1.01392541e+12 1.32935708e-12
9.63793480e+11 1.32930889e-12
9.16140246e+11 1.32931995e-12
8.70843150e+11 1.32932789e-12
8.27785697e+11 1.32935825e-12
7.86857151e+11 1.32929096e-12
7.47952252e+11 1.32927309e-12
7.10970943e+11 1.32932561e-12
6.75818117e+11 1.32929966e-12
6.42403366e+11 1.32928829e-12
6.10640754e+11 1.32929421e-12
5.80448594e+11 1.32933363e-12
5.51749238e+11 1.32933717e-12
5.24468875e+11 1.32932821e-12
4.98537346e+11 1.32928536e-12
4.73887961e+11 1.32934032e-12
4.50457325e+11 1.32934186e-12
4.28185180e+11 1.32932118e-12
4.07014245e+11 1.32934909e-12
3.86890074e+11 1.32933432e-12
3.67760910e+11 1.32936803e-12
3.49577557e+11 1.32934868e-12
3.32293252e+11 1.32932451e-12
3.15863541e+11 1.32932882e-12
3.00246171e+11 1.32932817e-12
2.85400977e+11 1.32934947e-12
2.71289780e+11 1.32933250e-12
2.57876289e+11 1.32934464e-12
2.45126006e+11 1.32932836e-12
2.33006141e+11 1.32935175e-12
2.21485523e+11 1.32934198e-12
2.10534524e+11 1.32934092e-12
2.00124980e+11 1.32932876e-12
1.90230119e+11 1.32932471e-12
1.80824493e+11 1.32932641e-12
1.71883914e+11 1.32932663e-12
1.63385388e+11 1.32933091e-12
1.55307057e+11 1.32933218e-12
1.47628147e+11 1.32935277e-12
1.40328908e+11 1.32933762e-12
1.33390569e+11 1.32933104e-12
1.26795285e+11 1.32933178e-12
1.20526094e+11 1.32935075e-12
1.14566873e+11 1.32933871e-12
1.08902296e+11 1.32934087e-12
1.03517796e+11 1.32933687e-12
9.83995230e+10 1.32933798e-12
9.35343152e+10 1.32933520e-12
8.89096599e+10 1.32933520e-12
8.45136633e+10 1.32933233e-12
8.03350198e+10 1.32933565e-12
7.63629826e+10 1.32934000e-12
7.25873365e+10 1.32933965e-12
6.89983712e+10 1.32934246e-12
6.55868566e+10 1.32933529e-12
6.23440189e+10 1.32933963e-12
5.92615181e+10 1.32933633e-12
5.63314267e+10 1.32934159e-12
5.35462090e+10 1.32933576e-12
5.08987019e+10 1.32934010e-12
4.83820966e+10 1.32933660e-12
4.59899209e+10 1.32933810e-12
4.37160225e+10 1.32933813e-12
4.15545533e+10 1.32933648e-12
3.94999546e+10 1.32933779e-12
3.75469422e+10 1.32934019e-12
3.56904935e+10 1.32933630e-12
3.39258338e+10 1.32934074e-12
3.22484250e+10 1.32933883e-12
3.06539530e+10 1.32933732e-12
2.91383170e+10 1.32933858e-12
2.76976194e+10 1.32934035e-12
2.63281547e+10 1.32933935e-12
2.50264010e+10 1.32933946e-12
2.37890104e+10 1.32933929e-12
2.26128007e+10 1.32933944e-12
2.14947467e+10 1.32933768e-12
2.04319732e+10 1.32933828e-12
1.94217468e+10 1.32933629e-12
1.84614695e+10 1.32933765e-12
1.75486715e+10 1.32934026e-12
1.66810054e+10 1.32933813e-12
1.58562396e+10 1.32933826e-12
1.50722531e+10 1.32933776e-12
1.43270295e+10 1.32933811e-12
1.36186524e+10 1.32933795e-12
1.29452998e+10 1.32933824e-12
1.23052400e+10 1.32933838e-12
1.16968270e+10 1.32933744e-12
1.11184960e+10 1.32933862e-12
1.05687597e+10 1.32933819e-12
1.00462042e+10 1.32933918e-12
9.54948564e+09 1.32933653e-12
9.07732653e+09 1.32933936e-12
8.62851257e+09 1.32933959e-12
8.20188950e+09 1.32933692e-12
7.79636013e+09 1.32933888e-12
7.41088152e+09 1.32933721e-12
7.04446228e+09 1.32933888e-12
6.69616005e+09 1.32933974e-12
6.36507908e+09 1.32933922e-12
6.05036788e+09 1.32933710e-12
5.75121707e+09 1.32933939e-12
5.46685730e+09 1.32933962e-12
5.19655724e+09 1.32933770e-12
4.93962174e+09 1.32933779e-12
4.69539001e+09 1.32933935e-12
4.46323393e+09 1.32933807e-12
4.24255643e+09 1.32933936e-12
4.03278998e+09 1.32933834e-12
3.83339510e+09 1.32933906e-12
3.64385898e+09 1.32933809e-12
3.46369418e+09 1.32933896e-12
3.29243733e+09 1.32933893e-12
3.12964801e+09 1.32933889e-12
2.97490755e+09 1.32933816e-12
2.82781798e+09 1.32933875e-12
2.68800102e+09 1.32933886e-12
2.55509709e+09 1.32933822e-12
2.42876438e+09 1.32933829e-12
2.30867799e+09 1.32933915e-12
2.19452909e+09 1.32933821e-12
2.08602409e+09 1.32933815e-12
1.98288395e+09 1.32933871e-12
1.88484341e+09 1.32933847e-12
1.79165033e+09 1.32933855e-12
1.70306503e+09 1.32933846e-12
1.61885969e+09 1.32933864e-12
1.53881775e+09 1.32933868e-12
1.46273336e+09 1.32933857e-12
1.39041083e+09 1.32933869e-12
1.32166418e+09 1.32933876e-12
1.25631660e+09 1.32933877e-12
1.19420003e+09 1.32933853e-12
1.13515471e+09 1.32933887e-12
1.07902879e+09 1.32933838e-12
1.02567793e+09 1.32933859e-12
9.74964918e+08 1.32933858e-12
9.26759330e+08 1.32933847e-12
8.80937190e+08 1.32933865e-12
8.37380654e+08 1.32933855e-12
7.95977700e+08 1.32933865e-12
7.56621850e+08 1.32933848e-12
7.19211887e+08 1.32933877e-12
6.83651600e+08 1.32933857e-12
6.49849535e+08 1.32933865e-12
6.17718760e+08 1.32933848e-12
5.87176639e+08 1.32933839e-12
5.58144625e+08 1.32933875e-12
5.30548053e+08 1.32933861e-12
5.04315949e+08 1.32933855e-12
4.79380850e+08 1.32933848e-12
4.55678627e+08 1.32933861e-12
4.33148322e+08 1.32933862e-12
4.11731993e+08 1.32933857e-12
3.91374560e+08 1.32933864e-12
3.72023668e+08 1.32933863e-12
3.53629550e+08 1.32933860e-12
3.36144900e+08 1.32933867e-12
3.19524751e+08 1.32933863e-12
3.03726358e+08 1.32933852e-12
2.88709092e+08 1.32933864e-12
2.74434330e+08 1.32933865e-12
2.60865362e+08 1.32933862e-12
2.47967289e+08 1.32933859e-12
2.35706941e+08 1.32933859e-12
2.24052787e+08 1.32933863e-12
2.12974854e+08 1.32933863e-12
2.02444651e+08 1.32933865e-12
1.92435098e+08 1.32933864e-12
1.82920450e+08 1.32933864e-12
1.73876240e+08 1.32933864e-12
1.65279206e+08 1.32933862e-12
1.57107239e+08 1.32933863e-12
1.49339322e+08 1.32933864e-12
1.41955477e+08 1.32933868e-12
1.34936714e+08 1.32933866e-12
1.28264983e+08 1.32933867e-12
1.21923125e+08 1.32933866e-12
1.15894830e+08 1.32933869e-12
1.10164595e+08 1.32933869e-12
1.04717682e+08 1.32933869e-12
9.95400829e+07 1.32933869e-12
9.46184819e+07 1.32933872e-12
8.99402217e+07 1.32933872e-12
8.54932707e+07 1.32933872e-12
8.12661920e+07 1.32933870e-12
7.72481145e+07 1.32933873e-12
7.34287045e+07 1.32933871e-12
6.97981391e+07 1.32933875e-12
6.63470812e+07 1.32933875e-12
6.30666554e+07 1.32933875e-12
5.99484250e+07 1.32933875e-12
5.69843706e+07 1.32933878e-12
5.41668691e+07 1.32933877e-12
5.14886745e+07 1.32933879e-12
4.89428990e+07 1.32933879e-12
4.65229952e+07 1.32933882e-12
4.42227398e+07 1.32933883e-12
4.20362168e+07 1.32933883e-12
3.99578030e+07 1.32933886e-12
3.79821531e+07 1.32933887e-12
3.61041860e+07 1.32933888e-12
3.43190720e+07 1.32933890e-12
3.26222201e+07 1.32933892e-12
3.10092664e+07 1.32933893e-12
2.94760626e+07 1.32933895e-12
2.80186656e+07 1.32933896e-12
2.66333273e+07 1.32933898e-12
2.53164848e+07 1.32933900e-12
2.40647515e+07 1.32933902e-12
2.28749082e+07 1.32933905e-12
2.17438948e+07 1.32933907e-12
2.06688025e+07 1.32933910e-12
1.96468665e+07 1.32933912e-12
1.86754584e+07 1.32933915e-12
1.77520801e+07 1.32933918e-12
1.68743568e+07 1.32933921e-12
1.60400311e+07 1.32933924e-12
1.52469573e+07 1.32933928e-12
1.44930957e+07 1.32933932e-12
1.37765077e+07 1.32933935e-12
1.30953502e+07 1.32933939e-12
1.24478715e+07 1.32933944e-12
1.18324063e+07 1.32933948e-12
1.12473718e+07 1.32933952e-12
1.06912634e+07 1.32933958e-12
1.01626509e+07 1.32933963e-12
9.66017480e+06 1.32933968e-12
9.18254284e+06 1.32933973e-12
8.72852662e+06 1.32933979e-12
8.29695852e+06 1.32933986e-12
7.88672862e+06 1.32933992e-12
7.49678187e+06 1.32933999e-12
7.12611543e+06 1.32934007e-12
6.77377600e+06 1.32934014e-12
6.43885743e+06 1.32934022e-12
6.12049837e+06 1.32934031e-12
5.81788007e+06 1.32934040e-12
5.53022426e+06 1.32934049e-12
5.25679112e+06 1.32934059e-12
4.99687745e+06 1.32934069e-12
4.74981480e+06 1.32934080e-12
4.51496777e+06 1.32934092e-12
4.29173238e+06 1.32934104e-12
4.07953450e+06 1.32934117e-12
3.87782841e+06 1.32934130e-12
3.68609536e+06 1.32934144e-12
3.50384225e+06 1.32934159e-12
3.33060034e+06 1.32934175e-12
3.16592411e+06 1.32934191e-12
3.00939003e+06 1.32934209e-12
2.86059554e+06 1.32934227e-12
2.71915794e+06 1.32934246e-12
2.58471351e+06 1.32934266e-12
2.45691646e+06 1.32934287e-12
2.33543814e+06 1.32934310e-12
2.21996612e+06 1.32934333e-12
2.11020343e+06 1.32934358e-12
2.00586778e+06 1.32934384e-12
1.90669084e+06 1.32934411e-12
1.81241755e+06 1.32934440e-12
1.72280545e+06 1.32934470e-12
1.63762407e+06 1.32934502e-12
1.55665436e+06 1.32934535e-12
1.47968806e+06 1.32934570e-12
1.40652724e+06 1.32934607e-12
1.33698374e+06 1.32934646e-12
1.27087871e+06 1.32934687e-12
1.20804213e+06 1.32934730e-12
1.14831241e+06 1.32934776e-12
1.09153594e+06 1.32934823e-12
1.03756668e+06 1.32934873e-12
9.86265846e+05 1.32934926e-12
9.37501502e+05 1.32934982e-12
8.91148232e+05 1.32935040e-12
8.47086827e+05 1.32935101e-12
8.05203967e+05 1.32935166e-12
7.65391939e+05 1.32935234e-12
7.27548353e+05 1.32935306e-12
6.91575883e+05 1.32935381e-12
6.57382014e+05 1.32935460e-12
6.24878807e+05 1.32935543e-12
5.93982669e+05 1.32935631e-12
5.64614142e+05 1.32935723e-12
5.36697695e+05 1.32935820e-12
5.10161531e+05 1.32935922e-12
4.84937407e+05 1.32936029e-12
4.60960449e+05 1.32936142e-12
4.38168993e+05 1.32936261e-12
4.16504425e+05 1.32936386e-12
3.95911027e+05 1.32936517e-12
3.76335836e+05 1.32936656e-12
3.57728510e+05 1.32936801e-12
3.40041193e+05 1.32936954e-12
3.23228398e+05 1.32937115e-12
3.07246884e+05 1.32937285e-12
2.92055551e+05 1.32937463e-12
2.77615329e+05 1.32937650e-12
2.63889081e+05 1.32937847e-12
2.50841506e+05 1.32938055e-12
2.38439047e+05 1.32938273e-12
2.26649808e+05 1.32938503e-12
2.15443469e+05 1.32938744e-12
2.04791210e+05 1.32938998e-12
1.94665634e+05 1.32939266e-12
1.85040702e+05 1.32939547e-12
1.75891659e+05 1.32939843e-12
1.67194976e+05 1.32940154e-12
1.58928287e+05 1.32940482e-12
1.51070330e+05 1.32940826e-12
1.43600898e+05 1.32941188e-12
1.36500781e+05 1.32941570e-12
1.29751717e+05 1.32941971e-12
1.23336350e+05 1.32942393e-12
1.17238180e+05 1.32942837e-12
1.11441525e+05 1.32943304e-12
1.05931476e+05 1.32943795e-12
1.00693863e+05 1.32944312e-12
9.57152154e+04 1.32944855e-12
9.09827289e+04 1.32945427e-12
8.64842328e+04 1.32946029e-12
8.22081576e+04 1.32946662e-12
7.81435061e+04 1.32947328e-12
7.42798248e+04 1.32948029e-12
7.06071771e+04 1.32948766e-12
6.71161177e+04 1.32949541e-12
6.37976681e+04 1.32950357e-12
6.06432940e+04 1.32951215e-12
5.76448828e+04 1.32952118e-12
5.47947234e+04 1.32953068e-12
5.20854855e+04 1.32954067e-12
4.95102016e+04 1.32955118e-12
4.70622485e+04 1.32956224e-12
4.47353305e+04 1.32957388e-12
4.25234633e+04 1.32958612e-12
4.04209584e+04 1.32959899e-12
3.84224085e+04 1.32961254e-12
3.65226736e+04 1.32962679e-12
3.47168682e+04 1.32964178e-12
3.30003479e+04 1.32965755e-12
3.13686982e+04 1.32967414e-12
2.98177229e+04 1.32969160e-12
2.83434331e+04 1.32970996e-12
2.69420371e+04 1.32972928e-12
2.56099310e+04 1.32974961e-12
2.43436887e+04 1.32977099e-12
2.31400538e+04 1.32979348e-12
2.19959307e+04 1.32981715e-12
2.09083769e+04 1.32984204e-12
1.98745955e+04 1.32986823e-12
1.88919278e+04 1.32989579e-12
1.79578465e+04 1.32992477e-12
1.70699493e+04 1.32995527e-12
1.62259529e+04 1.32998735e-12
1.54236865e+04 1.33002110e-12
1.46610868e+04 1.33005661e-12
1.39361927e+04 1.33009396e-12
1.32471399e+04 1.33013326e-12
1.25921561e+04 1.33017461e-12
1.19695570e+04 1.33021810e-12
1.13777413e+04 1.33026386e-12
1.08151870e+04 1.33031200e-12
1.02804473e+04 1.33036264e-12
9.77214697e+03 1.33041592e-12
9.28897872e+03 1.33047198e-12
8.82969996e+03 1.33053095e-12
8.39312950e+03 1.33059299e-12
7.97814457e+03 1.33065826e-12
7.58367791e+03 1.33072692e-12
7.20871503e+03 1.33079916e-12
6.85229160e+03 1.33087516e-12
6.51349095e+03 1.33095512e-12
6.19144176e+03 1.33103924e-12
5.88531578e+03 1.33112774e-12
5.59432571e+03 1.33122085e-12
5.31772318e+03 1.33131880e-12
5.05479682e+03 1.33142185e-12
4.80487044e+03 1.33153027e-12
4.56730127e+03 1.33164434e-12
4.34147833e+03 1.33176434e-12
4.12682085e+03 1.33189060e-12
3.92277676e+03 1.33202343e-12
3.72882131e+03 1.33216318e-12
3.54445567e+03 1.33231021e-12
3.36920571e+03 1.33246490e-12
3.20262069e+03 1.33262764e-12
3.04427221e+03 1.33279887e-12
2.89375302e+03 1.33297902e-12
2.75067601e+03 1.33316855e-12
2.61467321e+03 1.33336797e-12
2.48539486e+03 1.33357777e-12
2.36250847e+03 1.33379852e-12
2.24569800e+03 1.33403077e-12
2.13466303e+03 1.33427513e-12
2.02911802e+03 1.33453223e-12
1.92879151e+03 1.33480274e-12
1.83342548e+03 1.33508736e-12
1.74277468e+03 1.33538683e-12
1.65660596e+03 1.33570192e-12
1.57469771e+03 1.33603346e-12
1.49683929e+03 1.33638230e-12
1.42283046e+03 1.33674934e-12
1.35248087e+03 1.33713555e-12
1.28560961e+03 1.33754193e-12
1.22204469e+03 1.33796953e-12
1.16162263e+03 1.33841947e-12
1.10418805e+03 1.33889292e-12
1.04959323e+03 1.33939112e-12
9.97697764e+02 1.33991536e-12
9.48368187e+02 1.34046701e-12
9.01477631e+02 1.34104752e-12
8.56905505e+02 1.34165840e-12
8.14537177e+02 1.34230125e-12
7.74263683e+02 1.34297776e-12
7.35981448e+02 1.34368970e-12
6.99592017e+02 1.34443894e-12
6.65001803e+02 1.34522744e-12
6.32121848e+02 1.34605728e-12
6.00867589e+02 1.34693065e-12
5.71158648e+02 1.34784985e-12
5.42918618e+02 1.34881731e-12
5.16074871e+02 1.34983557e-12
4.90558371e+02 1.35090735e-12
4.66303493e+02 1.35203547e-12
4.43247859e+02 1.35322294e-12
4.21332174e+02 1.35447292e-12
4.00500076e+02 1.35578872e-12
3.80697987e+02 1.35717388e-12
3.61874981e+02 1.35863208e-12
3.43982649e+02 1.36016723e-12
3.26974974e+02 1.36178347e-12
3.10808217e+02 1.36348513e-12
2.95440800e+02 1.36527680e-12
2.80833200e+02 1.36716334e-12
2.66947849e+02 1.36914984e-12
2.53749038e+02 1.37124171e-12
2.41202821e+02 1.37344466e-12
2.29276931e+02 1.37576469e-12
2.17940698e+02 1.37820816e-12
2.07164968e+02 1.38078181e-12
1.96922026e+02 1.38349272e-12
1.87185529e+02 1.38634841e-12
1.77930439e+02 1.38935680e-12
1.69132952e+02 1.39252630e-12
1.60770442e+02 1.39586577e-12
1.52821404e+02 1.39938461e-12
1.45265393e+02 1.40309276e-12
1.38082977e+02 1.40700075e-12
1.31255684e+02 1.41111971e-12
1.24765955e+02 1.41546146e-12
1.18597101e+02 1.42003851e-12
1.12733256e+02 1.42486411e-12
1.07159340e+02 1.42995233e-12
1.01861017e+02 1.43531809e-12
9.68246612e+01 1.44097721e-12
9.20373200e+01 1.44694650e-12
8.74866812e+01 1.45324381e-12
8.31610415e+01 1.45988811e-12
7.90492762e+01 1.46689954e-12
7.51408106e+01 1.47429956e-12
7.14255929e+01 1.48211097e-12
6.78940681e+01 1.49035805e-12
6.45371540e+01 1.49906666e-12
6.13462172e+01 1.50826437e-12
5.83130511e+01 1.51798057e-12
5.54298552e+01 1.52824660e-12
5.26892142e+01 1.53909593e-12
5.00840799e+01 1.55056430e-12
4.76077523e+01 1.56268994e-12
4.52538628e+01 1.57551369e-12
4.30163576e+01 1.58907930e-12
4.08894823e+01 1.60356846e-12
3.88677669e+01 1.61876105e-12
3.69460121e+01 1.63484634e-12
3.51192753e+01 1.65188210e-12
3.33828586e+01 1.66993042e-12
3.17322963e+01 1.68905800e-12
3.01633435e+01 1.70933664e-12
2.86719650e+01 1.72764642e-12
2.72543253e+01 1.75009143e-12
2.59067786e+01 1.77389261e-12
2.46258592e+01 1.79914119e-12
2.34082728e+01 1.82593544e-12
2.22508880e+01 1.85438130e-12
2.11507282e+01 1.88459305e-12
2.01049642e+01 1.91669409e-12
1.91109062e+01 1.95081773e-12
1.81659979e+01 1.98710813e-12
1.72678090e+01 2.02606214e-12
1.64140297e+01 2.06716356e-12
1.56024641e+01 2.11093978e-12
1.48310251e+01 2.15756502e-12
1.40977287e+01 2.20719204e-12
1.34006890e+01 2.26013563e-12
1.27381132e+01 2.31671811e-12
1.21082975e+01 2.37716080e-12
1.15096220e+01 2.44263805e-12
1.09405471e+01 2.51171006e-12
1.03996091e+01 2.58562628e-12
9.88541702e+00 2.66477227e-12
9.39664831e+00 2.74957827e-12
8.93204600e+00 2.84051026e-12
8.49041520e+00 2.94034126e-12
8.07062014e+00 3.04506036e-12
7.67158118e+00 3.15758990e-12
7.29227206e+00 3.27860289e-12
6.93171728e+00 3.40883772e-12
6.58898955e+00 3.54910534e-12
6.26320745e+00 3.70029655e-12
5.95353313e+00 3.86339072e-12
5.65917016e+00 4.03946521e-12
5.37936150e+00 4.22970587e-12
5.11338754e+00 4.43541867e-12
4.86056423e+00 4.65804267e-12
4.62024137e+00 4.89916439e-12
4.39180089e+00 5.16053377e-12
4.17465529e+00 5.44261168e-12
3.96824610e+00 5.75053215e-12
3.77204249e+00 6.08511789e-12
3.58553986e+00 6.44897028e-12
3.40825855e+00 6.84496461e-12
3.23974263e+00 7.27627991e-12
3.07955871e+00 7.74643215e-12
2.92729484e+00 8.25931099e-12
2.78255940e+00 8.81922059e-12
2.64498018e+00 9.43092484e-12
2.51420335e+00 1.00996975e-11
2.38989257e+00 1.08264311e-11
2.27172813e+00 1.16257615e-11
2.15940615e+00 1.25014968e-11
2.05263775e+00 1.34615709e-11
1.95114835e+00 1.45147747e-11
1.85467692e+00 1.56862756e-11
1.76297538e+00 1.69583018e-11
1.67580786e+00 1.83560456e-11
1.59295021e+00 1.98927410e-11
1.51418933e+00 2.15830486e-11
1.43932264e+00 2.34432102e-11
1.36815763e+00 2.54912179e-11
1.30051125e+00 2.77470023e-11
1.23620954e+00 3.02326405e-11
1.17508713e+00 3.29725856e-11
1.11698682e+00 3.59939213e-11
1.06175918e+00 3.93266427e-11
1.00926219e+00 4.30039673e-11
9.59360829e-01 4.70626792e-11
9.11926760e-01 5.15433996e-11
8.66837993e-01 5.64915034e-11
8.23978568e-01 6.19567647e-11
7.83238260e-01 6.79944638e-11
7.44512291e-01 7.46657978e-11
7.07701066e-01 8.20385097e-11
6.72709914e-01 9.01875854e-11
6.39448843e-01 9.91960233e-11
6.07832313e-01 1.09155687e-10
5.77779012e-01 1.20168246e-10
5.49211648e-01 1.32346221e-10
5.22056753e-01 1.45814133e-10
4.96244488e-01 1.60709780e-10
4.71708469e-01 1.77185648e-10
4.48385595e-01 1.95410466e-10
4.26215883e-01 2.15570936e-10
4.05142317e-01 2.37873633e-10
3.85110700e-01 2.62547114e-10
3.66069515e-01 2.89844249e-10
3.47969790e-01 3.20044793e-10
3.30764978e-01 3.53458233e-10
3.14410830e-01 3.90426928e-10
2.98865287e-01 4.31329585e-10
2.84088369e-01 4.76585090e-10
2.70042072e-01 5.26656747e-10
2.56690272e-01 5.82056950e-10
2.43998630e-01 6.43352343e-10
2.31934506e-01 7.11169516e-10
2.20466874e-01 7.86201279e-10
2.09566240e-01 8.69213590e-10
1.99204571e-01 9.61053177e-10
1.89355218e-01 1.06265595e-09
1.79992851e-01 1.17505625e-09
1.71093391e-01 1.29939703e-09
1.62633950e-01 1.43694105e-09
1.54592774e-01 1.58908320e-09
1.46949180e-01 1.75736397e-09
1.39683512e-01 1.94348431e-09
1.32777083e-01 2.14932187e-09
1.26212131e-01 2.37694878e-09
1.19971774e-01 2.62865108e-09
1.14039960e-01 2.90695001e-09
1.08401436e-01 3.21462513e-09
1.03041699e-01 3.55473954e-09
9.79469667e-02 3.93066730e-09
9.31041349e-02 4.34612309e-09
8.85007491e-02 4.80519436e-09
8.41249705e-02 5.31237596e-09
7.99655453e-02 5.87260743e-09
7.60117762e-02 6.49131287e-09
7.22534949e-02 7.17444357e-09
6.86810359e-02 7.92852327e-09
6.52852114e-02 8.76069601e-09
6.20572881e-02 9.67877627e-09
5.89889643e-02 1.06913014e-08
5.60723488e-02 1.18075858e-08
5.32999408e-02 1.30377760e-08
5.06646101e-02 1.43929070e-08
4.81595791e-02 1.58849571e-08
4.57784054e-02 1.75269028e-08
4.35149650e-02 1.93327689e-08
4.13634368e-02 2.13176750e-08
3.93182876e-02 2.34978735e-08
3.73742574e-02 2.58907766e-08
3.55263468e-02 2.85149672e-08
3.37698031e-02 3.13901863e-08
3.21001090e-02 3.45372864e-08
3.05129702e-02 3.79781378e-08
2.90043049e-02 4.17354678e-08
2.75702333e-02 4.58326066e-08
2.62070670e-02 5.02931089e-08
2.49113003e-02 5.51402117e-08
2.36796007e-02 6.03960853e-08
2.25088005e-02 6.60808352e-08
2.13958887e-02 7.22112156e-08
2.03380031e-02 7.87990356e-08
1.93324229e-02 8.58492591e-08
1.83765620e-02 9.33578455e-08
1.74679622e-02 1.01309425e-07
1.66042866e-02 1.09674961e-07
1.57833141e-02 1.18409628e-07
1.50029332e-02 1.27451147e-07
1.42611371e-02 1.36718902e-07
1.35560179e-02 1.46114091e-07
1.28857621e-02 1.55521136e-07
1.22486461e-02 1.64810455e-07
1.16430313e-02 1.73842529e-07
1.10673602e-02 1.82473038e-07
1.05201522e-02 1.90558666e-07
1.00000000e-02 1.97963087e-07
