1.00000000e+20 0.00000000e+00
9.50556592e+19 0.00000000e+00
9.03557835e+19 0.00000000e+00
8.58882856e+19 0.00000000e+00
8.16416760e+19 0.00000000e+00
7.76050334e+19 0.00000000e+00
7.37679760e+19 0.00000000e+00
7.01206359e+19 0.00000000e+00
6.66536327e+19 0.00000000e+00
6.33580499e+19 0.00000000e+00
6.02254120e+19 0.00000000e+00
5.72476624e+19 0.00000000e+00
5.44171429e+19 0.00000000e+00
5.17265739e+19 0.00000000e+00
4.91690358e+19 0.00000000e+00
4.67379511e+19 0.00000000e+00
4.44270675e+19 0.00000000e+00
4.22304419e+19 0.00000000e+00
4.01424249e+19 0.00000000e+00
3.81576466e+19 0.00000000e+00
3.62710025e+19 0.00000000e+00
3.44776405e+19 0.00000000e+00
3.27729485e+19 0.00000000e+00
3.11525422e+19 0.00000000e+00
2.96122544e+19 0.00000000e+00
2.81481236e+19 0.00000000e+00
2.67563844e+19 0.00000000e+00
2.54334576e+19 0.00000000e+00
2.41759408e+19 0.00000000e+00
2.29805999e+19 0.00000000e+00
2.18443607e+19 0.00000000e+00
2.07643011e+19 0.00000000e+00
1.97376433e+19 0.00000000e+00
1.87617469e+19 0.00000000e+00
1.78341022e+19 0.00000000e+00
1.69523234e+19 0.00000000e+00
1.61141428e+19 0.00000000e+00
1.53174046e+19 0.00000000e+00
1.45600600e+19 0.00000000e+00
1.38401610e+19 0.00000000e+00
1.31558562e+19 0.00000000e+00
1.25053859e+19 0.00000000e+00
1.18870770e+19 0.00000000e+00
1.12993394e+19 0.00000000e+00
1.07406615e+19 0.00000000e+00
1.02096066e+19 0.00000000e+00
9.70480888e+18 0.00000000e+00
9.22497005e+18 0.00000000e+00
8.76885609e+18 0.00000000e+00
8.33529397e+18 0.00000000e+00
7.92316862e+18 0.00000000e+00
7.53142017e+18 0.00000000e+00
7.15904109e+18 0.00000000e+00
6.80507370e+18 0.00000000e+00
6.46860766e+18 0.00000000e+00
6.14877765e+18 0.00000000e+00
5.84476113e+18 0.00000000e+00
5.55577622e+18 0.00000000e+00
5.28107971e+18 0.00000000e+00
5.01996513e+18 0.00000000e+00
4.77176095e+18 0.00000000e+00
4.53582883e+18 0.00000000e+00
4.31156199e+18 0.00000000e+00
4.09838367e+18 0.00000000e+00
3.89574562e+18 0.00000000e+00
3.70312668e+18 0.00000000e+00
3.52003147e+18 0.00000000e+00
3.34598912e+18 0.00000000e+00
3.18055202e+18 0.00000000e+00
3.02329468e+18 0.00000000e+00
2.87381269e+18 0.00000000e+00
2.73172160e+18 0.00000000e+00
2.59665597e+18 0.00000000e+00
2.46826845e+18 0.00000000e+00
2.34622885e+18 0.00000000e+00
2.23022330e+18 0.00000000e+00
2.11995346e+18 0.00000000e+00
2.01513573e+18 0.00000000e+00
1.91550056e+18 0.00000000e+00
1.82079168e+18 0.00000000e+00
1.73076553e+18 0.00000000e+00
1.64519059e+18 0.00000000e+00
1.56384676e+18 0.00000000e+00
1.48652484e+18 0.00000000e+00
1.41302599e+18 0.00000000e+00
1.34316117e+18 0.00000000e+00
1.27675070e+18 0.00000000e+00
1.21362380e+18 0.00000000e+00
1.15361810e+18 0.00000000e+00
1.09657929e+18 0.00000000e+00
1.04236067e+18 0.00000000e+00
9.90822810e+17 0.00000000e+00
9.41833153e+17 0.00000000e+00
8.95265713e+17 0.00000000e+00
8.51000725e+17 0.00000000e+00
8.08924349e+17 0.00000000e+00
7.68928372e+17 0.00000000e+00
7.30909933e+17 0.00000000e+00
6.94771255e+17 0.00000000e+00
6.60419396e+17 0.00000000e+00
6.27766011e+17 0.00000000e+00
5.96727120e+17 0.00000000e+00
5.67222897e+17 0.00000000e+00
5.39177464e+17 0.00000000e+00
5.12518693e+17 1.21104582e-59
4.87178022e+17 1.32224510e-57
4.63090280e+17 5.68778346e-56
4.40193519e+17 1.85767814e-54
4.18428851e+17 5.24175428e-53
3.97740302e+17 1.16133200e-51
3.78074666e+17 2.31347324e-50
3.59381366e+17 4.50412551e-49
3.41612327e+17 6.61179066e-48
3.24721849e+17 9.36820298e-47
3.08666494e+17 1.11270870e-45
2.93404971e+17 1.10788498e-44
2.78898029e+17 1.06472255e-43
2.65108360e+17 7.71508717e-43
2.52000499e+17 7.05256450e-42
2.39540736e+17 4.14529559e-41
2.27697026e+17 2.56446304e-40
2.16438909e+17 1.26039133e-39
2.05737431e+17 7.03892104e-39
1.95565072e+17 3.52724657e-38
1.85895668e+17 1.33421484e-37
1.76704353e+17 5.77667517e-37
1.67967487e+17 2.00751578e-36
1.59662602e+17 7.62161189e-36
1.51768339e+17 2.32473337e-35
1.44264395e+17 7.74651405e-35
1.37131472e+17 2.69207610e-34
1.30351224e+17 6.34296844e-34
1.23906216e+17 1.85873992e-33
1.17779870e+17 4.98208706e-33
1.11956432e+17 1.15392708e-32
1.06420924e+17 2.70885444e-32
1.01159111e+17 5.62489584e-32
9.61574600e+16 1.14347543e-31
9.14031075e+16 2.36932681e-31
8.68838264e+16 5.00368542e-31
8.25879939e+16 9.12855562e-31
7.85045620e+16 1.70873731e-30
7.46230289e+16 2.60805731e-30
7.09334120e+16 5.50785069e-30
6.74262224e+16 8.42329915e-30
6.40924402e+16 1.38551480e-29
6.09234915e+16 2.26395441e-29
5.79112265e+16 3.61295185e-29
5.50478981e+16 4.57688790e-29
5.23261424e+16 7.31442224e-29
4.97389596e+16 1.05139193e-28
4.72796959e+16 1.65172110e-28
4.49420266e+16 2.36885922e-28
4.27199397e+16 2.92867730e-28
4.06077203e+16 3.68575758e-28
3.85999362e+16 6.03028096e-28
3.66914238e+16 7.46192689e-28
3.48772747e+16 8.99158525e-28
3.31528234e+16 1.19284740e-27
3.15136348e+16 1.44226544e-27
2.99554933e+16 1.90946910e-27
2.84743917e+16 2.29809337e-27
2.70665207e+16 2.84250935e-27
2.57282597e+16 3.57892421e-27
2.44561668e+16 3.49236499e-27
2.32469706e+16 4.42701450e-27
2.20975611e+16 5.58155718e-27
2.10049824e+16 5.45572266e-27
1.99664245e+16 6.75825380e-27
1.89792164e+16 8.16405528e-27
1.80408193e+16 9.53485381e-27
1.71488197e+16 1.06604261e-26
1.63009236e+16 1.13080717e-26
1.54949504e+16 1.27033097e-26
1.47288272e+16 1.42346056e-26
1.40005838e+16 1.67778570e-26
1.33083472e+16 1.66195112e-26
1.26503372e+16 2.00706778e-26
1.20248614e+16 1.99438901e-26
1.14303113e+16 2.02632961e-26
1.08651577e+16 2.49908748e-26
1.03279473e+16 2.53014506e-26
9.81729841e+15 2.54261543e-26
9.33189772e+15 3.17748114e-26
8.87049689e+15 3.24816537e-26
8.43190929e+15 3.36366683e-26
8.01500696e+15 4.27683288e-26
7.61871770e+15 4.18968989e-26
7.24202233e+15 4.40306544e-26
6.88395207e+15 4.66479564e-26
6.54358602e+15 4.60279368e-26
6.22004883e+15 5.74273919e-26
5.91250841e+15 6.01302258e-26
5.62017385e+15 6.24380914e-26
5.34229330e+15 6.54654378e-26
5.07815211e+15 6.78799841e-26
4.82707097e+15 7.19374601e-26
4.58840413e+15 1.03855071e-25
4.36153779e+15 1.01274019e-25
4.14588850e+15 9.87386236e-26
3.94090164e+15 9.39992810e-26
3.74605003e+15 1.06456992e-25
3.56083255e+15 9.58363277e-26
3.38477286e+15 1.10495819e-25
3.21741815e+15 1.36019803e-25
3.05833803e+15 1.34814252e-25
2.90712338e+15 1.38893525e-25
2.76338529e+15 1.44468224e-25
2.62675410e+15 1.61625966e-25
2.49687843e+15 1.69274322e-25
2.37342425e+15 1.69715109e-25
2.25607407e+15 2.17838938e-25
2.14452608e+15 2.12642659e-25
2.03849340e+15 2.13045805e-25
1.93770334e+15 2.25866647e-25
1.84189668e+15 2.28901056e-25
1.75082703e+15 2.40519068e-25
1.66426018e+15 2.42786467e-25
1.58197348e+15 2.86432827e-25
1.50375532e+15 2.92136152e-25
1.42940453e+15 2.95672629e-25
1.35872990e+15 2.85248220e-25
1.29154967e+15 2.79882926e-25
1.22769105e+15 3.48955262e-25
1.16698982e+15 3.48095512e-25
1.10928986e+15 3.64773359e-25
1.05444279e+15 3.77362622e-25
1.00230755e+15 4.34381856e-25
9.52750047e+14 4.54983877e-25
9.05642838e+14 4.90048520e-25
8.60864770e+14 5.18941290e-25
8.18300682e+14 5.62816098e-25
7.77841107e+14 5.53045866e-25
7.39381992e+14 5.70510078e-25
7.02824426e+14 6.07141665e-25
6.68074392e+14 6.54659351e-25
6.35042517e+14 6.98705457e-25
6.03643851e+14 6.62737746e-25
5.73797641e+14 7.57112087e-25
5.45427131e+14 7.90688260e-25
5.18459354e+14 8.24608731e-25
4.92824957e+14 8.63527452e-25
4.68458012e+14 9.27504846e-25
4.45295851e+14 9.67993636e-25
4.23278907e+14 1.01829503e-24
4.02350555e+14 1.02974311e-24
3.82456972e+14 1.13643447e-24
3.63546996e+14 1.20555559e-24
3.45571994e+14 1.28451016e-24
3.28485737e+14 1.29920829e-24
3.12244282e+14 1.39161200e-24
2.96805861e+14 1.47210323e-24
2.82130768e+14 1.55278448e-24
2.68181261e+14 1.60349842e-24
2.54921465e+14 1.67881293e-24
2.42317279e+14 1.82818762e-24
2.30336287e+14 1.84811502e-24
2.18947676e+14 1.96365238e-24
2.08122157e+14 2.10823104e-24
1.97831888e+14 2.19792664e-24
1.88050406e+14 2.24829733e-24
1.78752553e+14 2.40537179e-24
1.69914417e+14 2.49438581e-24
1.61513269e+14 2.65759423e-24
1.53527503e+14 2.82671474e-24
1.45936580e+14 3.02704847e-24
1.38720978e+14 3.13452558e-24
1.31862140e+14 3.31510152e-24
1.25342427e+14 3.43907153e-24
1.19145070e+14 3.67720231e-24
1.13254132e+14 3.84516831e-24
1.07654461e+14 4.03690475e-24
1.02331658e+14 4.22748651e-24
9.72720319e+13 4.52406455e-24
9.24625712e+13 4.75623840e-24
8.78909065e+13 4.90591614e-24
8.35452806e+13 5.17581610e-24
7.94145172e+13 5.46718711e-24
7.54879928e+13 5.78405009e-24
7.17556092e+13 6.09032707e-24
6.82077673e+13 6.37213179e-24
6.48353429e+13 6.76106029e-24
6.16296626e+13 7.05899140e-24
5.85824820e+13 7.40093509e-24
5.56859644e+13 7.82775326e-24
5.29326606e+13 8.20803883e-24
5.03154895e+13 8.64397565e-24
4.78277202e+13 9.12938166e-24
4.54629547e+13 9.51348535e-24
4.32151113e+13 1.00781896e-23
4.10784089e+13 1.05962648e-23
3.90473524e+13 1.11095097e-23
3.71167182e+13 1.17515815e-23
3.52815412e+13 1.22822852e-23
3.35371015e+13 1.29217409e-23
3.18789129e+13 1.36435052e-23
3.03027108e+13 1.43163812e-23
2.88044415e+13 1.50681607e-23
2.73802518e+13 1.58954927e-23
2.60264788e+13 1.66732335e-23
2.47396410e+13 1.75816015e-23
2.35164288e+13 1.84962804e-23
2.23536965e+13 1.94902141e-23
2.12484535e+13 2.04624260e-23
2.01978576e+13 2.15606343e-23
1.91992067e+13 2.26610095e-23
1.82499324e+13 2.38045515e-23
1.73475936e+13 2.50699474e-23
1.64898694e+13 2.63077301e-23
1.56745541e+13 2.77528075e-23
1.48995507e+13 2.92082041e-23
1.41628662e+13 3.07124149e-23
1.34626058e+13 3.22718151e-23
1.27969687e+13 3.40059204e-23
1.21642429e+13 3.57222613e-23
1.15628013e+13 3.75867009e-23
1.09910970e+13 3.95648349e-23
1.04476597e+13 4.16774128e-23
9.93109181e+12 4.38109624e-23
9.44006479e+12 4.60484102e-23
8.97331581e+12 4.84733166e-23
8.52964450e+12 5.09340799e-23
8.10790981e+12 5.36164357e-23
7.70702711e+12 5.64516321e-23
7.32596543e+12 5.94033368e-23
6.96374473e+12 6.24633067e-23
6.61943346e+12 6.57347623e-23
6.29214611e+12 6.91320269e-23
5.98104096e+12 7.27554715e-23
5.68531791e+12 7.64918763e-23
5.40421642e+12 8.04457656e-23
5.13701354e+12 8.46365300e-23
4.88302209e+12 8.90483912e-23
4.64158883e+12 9.36737506e-23
4.41209286e+12 9.86040699e-23
4.19394396e+12 1.03746296e-22
3.98658107e+12 1.09095289e-22
3.78947092e+12 1.14821488e-22
3.60210656e+12 1.20790326e-22
3.42400614e+12 1.27039618e-22
3.25471161e+12 1.33644092e-22
3.09378757e+12 1.40620807e-22
2.94082017e+12 1.47964531e-22
2.79541600e+12 1.55606340e-22
2.65720111e+12 1.63644520e-22
2.52582003e+12 1.72247138e-22
2.40093488e+12 1.81143197e-22
2.28222447e+12 1.90622199e-22
2.16938352e+12 2.00440394e-22
2.06212180e+12 2.10871971e-22
1.96016347e+12 2.21873291e-22
1.86324631e+12 2.33378480e-22
1.77112106e+12 2.45543999e-22
1.68355080e+12 2.58326233e-22
1.60031031e+12 2.71766846e-22
1.52118552e+12 2.85937698e-22
1.44597292e+12 3.00841191e-22
1.37447909e+12 3.16455765e-22
1.30652016e+12 3.32889941e-22
1.24192135e+12 3.50190818e-22
1.18051653e+12 3.68454803e-22
1.12214777e+12 3.87664954e-22
1.06666496e+12 4.07749876e-22
1.01392541e+12 4.29009298e-22
9.63793480e+11 4.51312939e-22
9.16140246e+11 4.74825727e-22
8.70843150e+11 4.99469817e-22
8.27785697e+11 5.25451974e-22
7.86857151e+11 5.52795306e-22
7.47952252e+11 5.81587499e-22
7.10970943e+11 6.11772701e-22
6.75818117e+11 6.43586895e-22
6.42403366e+11 6.77053425e-22
6.10640754e+11 7.12299034e-22
5.80448594e+11 7.49335960e-22
5.51749238e+11 7.88336489e-22
5.24468875e+11 8.29331374e-22
4.98537346e+11 8.72495985e-22
4.73887961e+11 9.17898580e-22
4.50457325e+11 9.65530977e-22
4.28185180e+11 1.01578602e-21
4.07014245e+11 1.06860367e-21
3.86890074e+11 1.12428630e-21
3.67760910e+11 1.18275854e-21
3.49577557e+11 1.24430481e-21
3.32293252e+11 1.30894351e-21
3.15863541e+11 1.37698468e-21
3.00246171e+11 1.44868197e-21
2.85400977e+11 1.52398652e-21
2.71289780e+11 1.60334656e-21
2.57876289e+11 1.68668522e-21
2.45126006e+11 1.77440081e-21
2.33006141e+11 1.86675526e-21
2.21485523e+11 1.96381970e-21
2.10534524e+11 2.06599090e-21
2.00124980e+11 2.17344039e-21
1.90230119e+11 2.28653682e-21
1.80824493e+11 2.40538492e-21
1.71883914e+11 2.53050735e-21
1.63385388e+11 2.66211076e-21
1.55307057e+11 2.80064247e-21
1.47628147e+11 2.94629301e-21
1.40328908e+11 3.09958203e-21
1.33390569e+11 3.26080839e-21
1.26795285e+11 3.43041077e-21
1.20526094e+11 3.60885768e-21
1.14566873e+11 3.79651826e-21
1.08902296e+11 3.99404601e-21
1.03517796e+11 4.20175051e-21
9.83995230e+10 4.42029416e-21
9.35343152e+10 4.65021024e-21
8.89096599e+10 4.89218639e-21
8.45136633e+10 5.14657883e-21
8.03350198e+10 5.41429445e-21
7.63629826e+10 5.69591686e-21
7.25873365e+10 5.99218578e-21
6.89983712e+10 6.30385896e-21
6.55868566e+10 6.63179864e-21
6.23440189e+10 6.97677156e-21
5.92615181e+10 7.33959108e-21
5.63314267e+10 7.72144503e-21
5.35462090e+10 8.12309549e-21
5.08987019e+10 8.54556282e-21
4.83820966e+10 8.99009755e-21
4.59899209e+10 9.45767406e-21
4.37160225e+10 9.94966915e-21
4.15545533e+10 1.04671637e-20
3.94999546e+10 1.10116620e-20
3.75469422e+10 1.15843770e-20
3.56904935e+10 1.21869670e-20
3.39258338e+10 1.28208172e-20
3.22484250e+10 1.34877626e-20
3.06539530e+10 1.41893591e-20
2.91383170e+10 1.49273577e-20
2.76976194e+10 1.57038270e-20
2.63281547e+10 1.65206613e-20
2.50264010e+10 1.73800468e-20
2.37890104e+10 1.82840155e-20
2.26128007e+10 1.92350390e-20
2.14947467e+10 2.02355949e-20
2.04319732e+10 2.12880900e-20
1.94217468e+10 2.23954494e-20
1.84614695e+10 2.35603208e-20
1.75486715e+10 2.47858479e-20
1.66810054e+10 2.60751270e-20
1.58562396e+10 2.74314320e-20
1.50722531e+10 2.88582065e-20
1.43270295e+10 3.03592813e-20
1.36186524e+10 3.19384461e-20
1.29452998e+10 3.35997478e-20
1.23052400e+10 3.53473855e-20
1.16968270e+10 3.71860840e-20
1.11184960e+10 3.91203126e-20
1.05687597e+10 4.11551237e-20
1.00462042e+10 4.32958447e-20
9.54948564e+09 4.55477757e-20
9.07732653e+09 4.79171029e-20
8.62851257e+09 5.04096202e-20
8.20188950e+09 5.30314625e-20
7.79636013e+09 5.57899870e-20
7.41088152e+09 5.86918817e-20
7.04446228e+09 6.17448245e-20
6.69616005e+09 6.49565338e-20
6.36507908e+09 6.83352144e-20
6.05036788e+09 7.18895882e-20
5.75121707e+09 7.56290722e-20
5.46685730e+09 7.95629166e-20
5.19655724e+09 8.37013293e-20
4.93962174e+09 8.80550941e-20
4.69539001e+09 9.26353091e-20
4.46323393e+09 9.74536260e-20
4.24255643e+09 1.02522912e-19
4.03278998e+09 1.07855497e-19
3.83339510e+09 1.13465748e-19
3.64385898e+09 1.19367567e-19
3.46369418e+09 1.25576622e-19
3.29243733e+09 1.32108530e-19
3.12964801e+09 1.38980170e-19
2.97490755e+09 1.46209105e-19
2.82781798e+09 1.53814345e-19
2.68800102e+09 1.61815051e-19
2.55509709e+09 1.70231776e-19
2.42876438e+09 1.79086387e-19
2.30867799e+09 1.88401733e-19
2.19452909e+09 1.98201349e-19
2.08602409e+09 2.08510911e-19
1.98288395e+09 2.19356702e-19
1.88484341e+09 2.30766494e-19
1.79165033e+09 2.42769881e-19
1.70306503e+09 2.55397675e-19
1.61885969e+09 2.68682258e-19
1.53881775e+09 2.82657883e-19
1.46273336e+09 2.97360284e-19
1.39041083e+09 3.12827532e-19
1.32166418e+09 3.29099392e-19
1.25631660e+09 3.46217532e-19
1.19420003e+09 3.64226135e-19
1.13515471e+09 3.83171497e-19
1.07902879e+09 4.03102169e-19
1.02567793e+09 4.24069653e-19
9.74964918e+08 4.46127712e-19
9.26759330e+08 4.69333110e-19
8.80937190e+08 4.93745551e-19
8.37380654e+08 5.19427803e-19
7.95977700e+08 5.46446005e-19
7.56621850e+08 5.74869463e-19
7.19211887e+08 6.04771566e-19
6.83651600e+08 6.36228823e-19
6.49849535e+08 6.69322390e-19
6.17718760e+08 7.04137307e-19
5.87176639e+08 7.40763137e-19
5.58144625e+08 7.79294241e-19
5.30548053e+08 8.19829303e-19
5.04315949e+08 8.62472901e-19
4.79380850e+08 9.07334586e-19
4.55678627e+08 9.54529800e-19
4.33148322e+08 1.00417994e-18
4.11731993e+08 1.05641248e-18
3.91374560e+08 1.11136206e-18
3.72023668e+08 1.16916983e-18
3.53629550e+08 1.22998442e-18
3.36144900e+08 1.29396240e-18
3.19524751e+08 1.36126809e-18
3.03726358e+08 1.43207468e-18
2.88709092e+08 1.50656445e-18
2.74434330e+08 1.58492878e-18
2.60865362e+08 1.66736908e-18
2.47967289e+08 1.75409765e-18
2.35706941e+08 1.84533741e-18
2.24052787e+08 1.94132307e-18
2.12974854e+08 2.04230139e-18
2.02444651e+08 2.14853222e-18
1.92435098e+08 2.26028853e-18
1.82920450e+08 2.37785794e-18
1.73876240e+08 2.50154276e-18
1.65279206e+08 2.63166098e-18
1.57107239e+08 2.76854748e-18
1.49339322e+08 2.91255406e-18
1.41955477e+08 3.06405124e-18
1.34936714e+08 3.22342844e-18
1.28264983e+08 3.39109580e-18
1.21923125e+08 3.56748435e-18
1.15894830e+08 3.75304793e-18
1.10164595e+08 3.94826357e-18
1.04717682e+08 4.15363331e-18
9.95400829e+07 4.36968537e-18
9.46184819e+07 4.59697555e-18
8.99402217e+07 4.83608829e-18
8.54932707e+07 5.08763843e-18
8.12661920e+07 5.35227299e-18
7.72481145e+07 5.63067270e-18
7.34287045e+07 5.92355332e-18
6.97981391e+07 6.23166833e-18
6.63470812e+07 6.55580987e-18
6.30666554e+07 6.89681175e-18
5.99484250e+07 7.25555088e-18
5.69843706e+07 7.63294995e-18
5.41668691e+07 8.02997947e-18
5.14886745e+07 8.44766070e-18
4.89428990e+07 8.88706759e-18
4.65229952e+07 9.34933037e-18
4.42227398e+07 9.83563783e-18
4.20362168e+07 1.03472406e-17
3.99578030e+07 1.08854547e-17
3.79821531e+07 1.14516639e-17
3.61041860e+07 1.20473247e-17
3.43190720e+07 1.26739690e-17
3.26222201e+07 1.33332082e-17
3.10092664e+07 1.40267380e-17
2.94760626e+07 1.47563419e-17
2.80186656e+07 1.55238961e-17
2.66333273e+07 1.63313750e-17
2.53164848e+07 1.71808550e-17
2.40647515e+07 1.80745209e-17
2.28749082e+07 1.90146712e-17
2.17438948e+07 2.00037234e-17
2.06688025e+07 2.10442214e-17
1.96468665e+07 2.21388412e-17
1.86754584e+07 2.32903980e-17
1.77520801e+07 2.45018530e-17
1.68743568e+07 2.57763224e-17
1.60400311e+07 2.71170833e-17
1.52469573e+07 2.85275845e-17
1.44930957e+07 3.00114530e-17
1.37765077e+07 3.15725053e-17
1.30953502e+07 3.32147562e-17
1.24478715e+07 3.49424290e-17
1.18324063e+07 3.67599671e-17
1.12473718e+07 3.86720448e-17
1.06912634e+07 4.06835799e-17
1.01626509e+07 4.27997451e-17
9.66017480e+06 4.50259832e-17
9.18254284e+06 4.73680198e-17
8.72852662e+06 4.98318777e-17
8.29695852e+06 5.24238939e-17
7.88672862e+06 5.51507343e-17
7.49678187e+06 5.80194119e-17
7.12611543e+06 6.10373045e-17
6.77377600e+06 6.42121735e-17
6.43885743e+06 6.75521838e-17
6.12049837e+06 7.10659258e-17
5.81788007e+06 7.47624357e-17
5.53022426e+06 7.86512203e-17
5.25679112e+06 8.27422809e-17
4.99687745e+06 8.70461391e-17
4.74981480e+06 9.15738635e-17
4.51496777e+06 9.63370986e-17
4.29173238e+06 1.01348094e-16
4.07953450e+06 1.06619738e-16
3.87782841e+06 1.12165588e-16
3.68609536e+06 1.17999906e-16
3.50384225e+06 1.24137698e-16
3.33060034e+06 1.30594748e-16
3.16592411e+06 1.37387663e-16
3.00939003e+06 1.44533913e-16
2.86059554e+06 1.52051878e-16
2.71915794e+06 1.59960891e-16
2.58471351e+06 1.68281293e-16
2.45691646e+06 1.77034483e-16
2.33543814e+06 1.86242972e-16
2.21996612e+06 1.95930443e-16
2.11020343e+06 2.06121810e-16
2.00586778e+06 2.16843283e-16
1.90669084e+06 2.28122437e-16
1.81241755e+06 2.39988278e-16
1.72280545e+06 2.52471324e-16
1.63762407e+06 2.65603679e-16
1.55665436e+06 2.79419117e-16
1.47968806e+06 2.93953168e-16
1.40652724e+06 3.09243212e-16
1.33698374e+06 3.25328570e-16
1.27087871e+06 3.42250613e-16
1.20804213e+06 3.60052861e-16
1.14831241e+06 3.78781097e-16
1.09153594e+06 3.98483487e-16
1.03756668e+06 4.19210703e-16
9.86265846e+05 4.41016050e-16
9.37501502e+05 4.63955608e-16
8.91148232e+05 4.88088373e-16
8.47086827e+05 5.13476411e-16
8.05203967e+05 5.40185015e-16
7.65391939e+05 5.68282874e-16
7.27548353e+05 5.97842252e-16
6.91575883e+05 6.28939169e-16
6.57382014e+05 6.61653602e-16
6.24878807e+05 6.96069685e-16
5.93982669e+05 7.32275932e-16
5.64614142e+05 7.70365457e-16
5.36697695e+05 8.10436222e-16
5.10161531e+05 8.52591279e-16
4.84937407e+05 8.96939046e-16
4.60960449e+05 9.43593576e-16
4.38168993e+05 9.92674857e-16
4.16504425e+05 1.04430912e-15
3.95911027e+05 1.09862915e-15
3.76335836e+05 1.15577466e-15
3.57728510e+05 1.21589262e-15
3.40041193e+05 1.27913763e-15
3.23228398e+05 1.34567235e-15
3.07246884e+05 1.41566791e-15
2.92055551e+05 1.48930431e-15
2.77615329e+05 1.56677094e-15
2.63889081e+05 1.64826702e-15
2.50841506e+05 1.73400216e-15
2.38439047e+05 1.82419685e-15
2.26649808e+05 1.91908305e-15
2.15443469e+05 2.01890481e-15
2.04791210e+05 2.12391884e-15
1.94665634e+05 2.23439522e-15
1.85040702e+05 2.35061809e-15
1.75891659e+05 2.47288635e-15
1.67194976e+05 2.60151445e-15
1.58928287e+05 2.73683322e-15
1.51070330e+05 2.87919066e-15
1.43600898e+05 3.02895291e-15
1.36500781e+05 3.18650514e-15
1.29751717e+05 3.35225253e-15
1.23336350e+05 3.52662138e-15
1.17238180e+05 3.71006014e-15
1.11441525e+05 3.90304059e-15
1.05931476e+05 4.10605906e-15
1.00693863e+05 4.31963767e-15
9.57152154e+04 4.54432574e-15
9.09827289e+04 4.78070113e-15
8.64842328e+04 5.02937177e-15
8.22081576e+04 5.29097723e-15
7.81435061e+04 5.56619032e-15
7.42798248e+04 5.85571887e-15
7.06071771e+04 6.16030752e-15
6.71161177e+04 6.48073964e-15
6.37976681e+04 6.81783936e-15
6.06432940e+04 7.17247368e-15
5.76448828e+04 7.54555469e-15
5.47947234e+04 7.93804194e-15
5.20854855e+04 8.35094488e-15
4.95102016e+04 8.78532548e-15
4.70622485e+04 9.24230094e-15
4.47353305e+04 9.72304661e-15
4.25234633e+04 1.02287989e-14
4.04209584e+04 1.07608587e-14
3.84224085e+04 1.13205944e-14
3.65226736e+04 1.19094456e-14
3.47168682e+04 1.25289270e-14
3.30003479e+04 1.31806317e-14
3.13686982e+04 1.38662360e-14
2.98177229e+04 1.45875034e-14
2.83434331e+04 1.53462889e-14
2.69420371e+04 1.61445443e-14
2.56099310e+04 1.69843227e-14
2.43436887e+04 1.78677841e-14
2.31400538e+04 1.87972008e-14
2.19959307e+04 1.97749635e-14
2.09083769e+04 2.08035871e-14
1.98745955e+04 2.18857175e-14
1.88919278e+04 2.30241379e-14
1.79578465e+04 2.42217768e-14
1.70699493e+04 2.54817147e-14
1.62259529e+04 2.68071925e-14
1.54236865e+04 2.82016196e-14
1.46610868e+04 2.96685830e-14
1.39361927e+04 3.12118562e-14
1.32471399e+04 3.28354089e-14
1.25921561e+04 3.45434177e-14
1.19695570e+04 3.63402761e-14
1.13777413e+04 3.82306066e-14
1.08151870e+04 4.02192719e-14
1.02804473e+04 4.23113878e-14
9.77214697e+03 4.45123365e-14
9.28897872e+03 4.68277800e-14
8.82969996e+03 4.92636752e-14
8.39312950e+03 5.18262887e-14
7.97814457e+03 5.45222134e-14
7.58367791e+03 5.73583853e-14
7.20871503e+03 6.03421013e-14
6.85229160e+03 6.34810381e-14
6.51349095e+03 6.67832718e-14
6.19144176e+03 7.02572991e-14
5.88531578e+03 7.39120586e-14
5.59432571e+03 7.77569545e-14
5.31772318e+03 8.18018802e-14
5.05479682e+03 8.60572443e-14
4.80487044e+03 9.05339972e-14
4.56730127e+03 9.52436593e-14
4.34147833e+03 1.00198351e-13
4.12682085e+03 1.05410822e-13
3.92277676e+03 1.10894490e-13
3.72882131e+03 1.16663466e-13
3.54445567e+03 1.22732600e-13
3.36920571e+03 1.29117513e-13
3.20262069e+03 1.35834640e-13
3.04427221e+03 1.42901273e-13
2.89375302e+03 1.50335603e-13
2.75067601e+03 1.58156769e-13
2.61467321e+03 1.66384907e-13
2.48539486e+03 1.75041203e-13
2.36250847e+03 1.84147945e-13
2.24569800e+03 1.93728583e-13
2.13466303e+03 2.03807790e-13
2.02911802e+03 2.14411523e-13
1.92879151e+03 2.25567093e-13
1.83342548e+03 2.37303234e-13
1.74277468e+03 2.49650178e-13
1.65660596e+03 2.62639733e-13
1.57469771e+03 2.76305366e-13
1.49683929e+03 2.90682288e-13
1.42283046e+03 3.05807548e-13
1.35248087e+03 3.21720126e-13
1.28560961e+03 3.38461037e-13
1.22204469e+03 3.56073436e-13
1.16162263e+03 3.74602728e-13
1.10418805e+03 3.94096690e-13
1.04959323e+03 4.14605594e-13
9.97697764e+02 4.36182335e-13
9.48368187e+02 4.58882571e-13
9.01477631e+02 4.82764868e-13
8.56905505e+02 5.07890851e-13
8.14537177e+02 5.34325369e-13
7.74263683e+02 5.62136656e-13
7.35981448e+02 5.91396519e-13
6.99592017e+02 6.22180518e-13
6.65001803e+02 6.54568166e-13
6.32121848e+02 6.88643141e-13
6.00867589e+02 7.24493498e-13
5.71158648e+02 7.62211907e-13
5.42918618e+02 8.01895892e-13
5.16074871e+02 8.43648091e-13
4.90558371e+02 8.87576520e-13
4.66303493e+02 9.33794866e-13
4.43247859e+02 9.82422782e-13
4.21332174e+02 1.03358620e-12
4.00500076e+02 1.08741769e-12
3.80697987e+02 1.14405675e-12
3.61874981e+02 1.20365026e-12
3.43982649e+02 1.26635280e-12
3.26974974e+02 1.33232712e-12
3.10808217e+02 1.40174452e-12
2.95440800e+02 1.47478535e-12
2.80833200e+02 1.55163950e-12
2.66947849e+02 1.63250686e-12
2.53749038e+02 1.71759792e-12
2.41202821e+02 1.80713429e-12
2.29276931e+02 1.90134935e-12
2.17940698e+02 2.00048883e-12
2.07164968e+02 2.10481155e-12
1.96922026e+02 2.21459007e-12
1.87185529e+02 2.33011146e-12
1.77930439e+02 2.45167811e-12
1.69132952e+02 2.57960858e-12
1.60770442e+02 2.71423842e-12
1.52821404e+02 2.85592121e-12
1.45265393e+02 3.00502948e-12
1.38082977e+02 3.16195580e-12
1.31255684e+02 3.32711393e-12
1.24765955e+02 3.50093993e-12
1.18597101e+02 3.68389349e-12
1.12733256e+02 3.87645927e-12
1.07159340e+02 4.07914828e-12
1.01861017e+02 4.29249942e-12
9.68246612e+01 4.51708110e-12
9.20373200e+01 4.75349293e-12
8.74866812e+01 5.00236759e-12
8.31610415e+01 5.26437273e-12
7.90492762e+01 5.54021308e-12
7.51408106e+01 5.83063266e-12
7.14255929e+01 6.13641717e-12
6.78940681e+01 6.45839652e-12
6.45371540e+01 6.79744756e-12
6.13462172e+01 7.15449699e-12
5.83130511e+01 7.53052453e-12
5.54298552e+01 7.92656626e-12
5.26892142e+01 8.34371828e-12
5.00840799e+01 8.78314059e-12
4.76077523e+01 9.24606135e-12
4.52538628e+01 9.73378141e-12
4.30163576e+01 1.02476793e-11
4.08894823e+01 1.07892165e-11
3.88677669e+01 1.13599434e-11
3.69460121e+01 1.19615054e-11
3.51192753e+01 1.25956500e-11
3.33828586e+01 1.32642342e-11
3.17322963e+01 1.39692326e-11
3.01633435e+01 1.47127466e-11
2.86719650e+01 1.54683879e-11
2.72543253e+01 1.62911797e-11
2.59067786e+01 1.71589147e-11
2.46258592e+01 1.80741916e-11
2.34082728e+01 1.90397771e-11
2.22508880e+01 2.00586188e-11
2.11507282e+01 2.11338594e-11
2.01049642e+01 2.22688524e-11
1.91109062e+01 2.34671792e-11
1.81659979e+01 2.47326680e-11
1.72678090e+01 2.60694145e-11
1.64140297e+01 2.74818045e-11
1.56024641e+01 2.89745396e-11
1.48310251e+01 3.05532284e-11
1.40977287e+01 3.22206939e-11
1.34006890e+01 3.39846323e-11
1.27381132e+01 3.58517597e-11
1.21082975e+01 3.78292828e-11
1.15096220e+01 3.99232434e-11
1.09405471e+01 4.21421871e-11
1.03996091e+01 4.44944836e-11
9.88541702e+00 4.69892077e-11
9.39664831e+00 4.96364194e-11
8.93204600e+00 5.24469343e-11
8.49041520e+00 5.54325679e-11
8.07062014e+00 5.86061577e-11
7.67158118e+00 6.19817008e-11
7.29227206e+00 6.55744796e-11
6.93171728e+00 6.94011843e-11
6.58898955e+00 7.34800772e-11
6.26320745e+00 7.78311581e-11
5.95353313e+00 8.24763577e-11
5.65917016e+00 8.74397487e-11
5.37936150e+00 9.27477839e-11
5.11338754e+00 9.84295608e-11
4.86056423e+00 1.04517116e-10
4.62024137e+00 1.11045755e-10
4.39180089e+00 1.18054418e-10
4.17465529e+00 1.25586087e-10
3.96824610e+00 1.33688241e-10
3.77204249e+00 1.42413361e-10
3.58553986e+00 1.51819490e-10
3.40825855e+00 1.61970860e-10
3.23974263e+00 1.72938581e-10
3.07955871e+00 1.84801418e-10
2.92729484e+00 1.97646636e-10
2.78255940e+00 2.11570955e-10
2.64498018e+00 2.26681596e-10
2.51420335e+00 2.43097446e-10
2.38989257e+00 2.60950347e-10
2.27172813e+00 2.80386524e-10
2.15940615e+00 3.01328682e-10
2.05263775e+00 3.24394432e-10
1.95114835e+00 3.49582005e-10
1.85467692e+00 3.77112887e-10
1.76297538e+00 4.07654953e-10
1.67580786e+00 4.40683775e-10
1.59295021e+00 4.76883388e-10
1.51418933e+00 5.16583483e-10
1.43932264e+00 5.60155116e-10
1.36815763e+00 6.08009601e-10
1.30051125e+00 6.60602814e-10
1.23620954e+00 7.18439957e-10
1.17508713e+00 7.82080810e-10
1.11698682e+00 8.52145543e-10
1.06175918e+00 9.29321137e-10
1.00926219e+00 1.01436848e-09
9.59360829e-01 1.10813020e-09
9.11926760e-01 1.21153936e-09
8.66837993e-01 1.32563479e-09
8.23978568e-01 1.45154954e-09
7.83238260e-01 1.59055456e-09
7.44512291e-01 1.74405097e-09
7.07701066e-01 1.91358938e-09
6.72709914e-01 2.10088562e-09
6.39448843e-01 2.30783822e-09
6.07832313e-01 2.53654762e-09
5.77779012e-01 2.78933747e-09
5.49211648e-01 3.06877805e-09
5.22056753e-01 3.37771225e-09
4.96244488e-01 3.71928410e-09
4.71708469e-01 4.09697036e-09
4.48385595e-01 4.51461533e-09
4.26215883e-01 4.97646916e-09
4.05142317e-01 5.48723021e-09
3.85110700e-01 6.05209154e-09
3.66069515e-01 6.67679224e-09
3.47969790e-01 7.36767385e-09
3.30764978e-01 8.13174238e-09
3.14410830e-01 8.97673647e-09
2.98865287e-01 9.91120228e-09
2.84088369e-01 1.09445755e-08
2.70042072e-01 1.20872716e-08
2.56690272e-01 1.33507838e-08
2.43998630e-01 1.47477914e-08
2.31934506e-01 1.62922768e-08
2.20466874e-01 1.79996539e-08
2.09566240e-01 1.98869078e-08
1.99204571e-01 2.19727458e-08
1.89355218e-01 2.42777618e-08
1.79992851e-01 2.68246139e-08
1.71093391e-01 2.96382154e-08
1.62633950e-01 3.27459407e-08
1.54592774e-01 3.61778449e-08
1.46949180e-01 3.99668987e-08
1.39683512e-01 4.41492377e-08
1.32777083e-01 4.87644243e-08
1.26212131e-01 5.38557239e-08
1.19971774e-01 5.94703907e-08
1.14039960e-01 6.56599637e-08
1.08401436e-01 7.24805671e-08
1.03041699e-01 7.99932137e-08
9.79469667e-02 8.82641039e-08
9.31041349e-02 9.73649154e-08
8.85007491e-02 1.07373074e-07
8.41249705e-02 1.18371999e-07
7.99655453e-02 1.30451306e-07
7.60117762e-02 1.43706958e-07
7.22534949e-02 1.58241350e-07
6.86810359e-02 1.74163305e-07
6.52852114e-02 1.91587961e-07
6.20572881e-02 2.10636526e-07
5.89889643e-02 2.31435887e-07
5.60723488e-02 2.54118025e-07
5.32999408e-02 2.78819229e-07
5.06646101e-02 3.05679066e-07
4.81595791e-02 3.34839093e-07
4.57784054e-02 3.66441265e-07
4.35149650e-02 4.00626036e-07
4.13634368e-02 4.37530111e-07
3.93182876e-02 4.77283840e-07
3.73742574e-02 5.20008218e-07
3.55263468e-02 5.65811477e-07
3.37698031e-02 6.14785210e-07
3.21001090e-02 6.66999968e-07
3.05129702e-02 7.22500227e-07
2.90043049e-02 7.81298587e-07
2.75702333e-02 8.43369006e-07
2.62070670e-02 9.08638874e-07
2.49113003e-02 9.76979708e-07
2.36796007e-02 1.04819632e-06
2.25088005e-02 1.12201446e-06
2.13958887e-02 1.19806718e-06
2.03380031e-02 1.27588053e-06
1.93324229e-02 1.35485959e-06
1.83765620e-02 1.43427657e-06
1.74679622e-02 1.51326271e-06
1.66042866e-02 1.59080786e-06
1.57833141e-02 1.66576702e-06
1.50029332e-02 1.73688064e-06
1.42611371e-02 1.80280672e-06
1.35560179e-02 1.86216652e-06
1.28857621e-02 1.91360187e-06
1.22486461e-02 1.95584063e-06
1.16430313e-02 1.98776503e-06
1.10673602e-02 2.00847636e-06
1.05201522e-02 2.01734923e-06
1.00000000e-02 2.01406951e-06
