1.00000000e+20 0.00000000e+00
9.50556592e+19 0.00000000e+00
9.03557835e+19 0.00000000e+00
8.58882856e+19 0.00000000e+00
8.16416760e+19 0.00000000e+00
7.76050334e+19 0.00000000e+00
7.37679760e+19 0.00000000e+00
7.01206359e+19 0.00000000e+00
6.66536327e+19 0.00000000e+00
6.33580499e+19 0.00000000e+00
6.02254120e+19 0.00000000e+00
5.72476624e+19 0.00000000e+00
5.44171429e+19 0.00000000e+00
5.17265739e+19 0.00000000e+00
4.91690358e+19 0.00000000e+00
4.67379511e+19 0.00000000e+00
4.44270675e+19 0.00000000e+00
4.22304419e+19 0.00000000e+00
4.01424249e+19 0.00000000e+00
3.81576466e+19 0.00000000e+00
3.62710025e+19 0.00000000e+00
3.44776405e+19 0.00000000e+00
3.27729485e+19 0.00000000e+00
3.11525422e+19 0.00000000e+00
2.96122544e+19 0.00000000e+00
2.81481236e+19 0.00000000e+00
2.67563844e+19 0.00000000e+00
2.54334576e+19 0.00000000e+00
2.41759408e+19 0.00000000e+00
2.29805999e+19 0.00000000e+00
2.18443607e+19 0.00000000e+00
2.07643011e+19 0.00000000e+00
1.97376433e+19 0.00000000e+00
1.87617469e+19 0.00000000e+00
1.78341022e+19 0.00000000e+00
1.69523234e+19 0.00000000e+00
1.61141428e+19 0.00000000e+00
1.53174046e+19 0.00000000e+00
1.45600600e+19 0.00000000e+00
1.38401610e+19 0.00000000e+00
1.31558562e+19 0.00000000e+00
1.25053859e+19 0.00000000e+00
1.18870770e+19 0.00000000e+00
1.12993394e+19 0.00000000e+00
1.07406615e+19 0.00000000e+00
1.02096066e+19 0.00000000e+00
9.70480888e+18 0.00000000e+00
9.22497005e+18 0.00000000e+00
8.76885609e+18 0.00000000e+00
8.33529397e+18 0.00000000e+00
7.92316862e+18 0.00000000e+00
7.53142017e+18 0.00000000e+00
7.15904109e+18 0.00000000e+00
6.80507370e+18 0.00000000e+00
6.46860766e+18 0.00000000e+00
6.14877765e+18 0.00000000e+00
5.84476113e+18 0.00000000e+00
5.55577622e+18 0.00000000e+00
5.28107971e+18 0.00000000e+00
5.01996513e+18 0.00000000e+00
4.77176095e+18 0.00000000e+00
4.53582883e+18 0.00000000e+00
4.31156199e+18 0.00000000e+00
4.09838367e+18 0.00000000e+00
3.89574562e+18 0.00000000e+00
3.70312668e+18 0.00000000e+00
3.52003147e+18 0.00000000e+00
3.34598912e+18 0.00000000e+00
3.18055202e+18 0.00000000e+00
3.02329468e+18 0.00000000e+00
2.87381269e+18 0.00000000e+00
2.73172160e+18 0.00000000e+00
2.59665597e+18 0.00000000e+00
2.46826845e+18 0.00000000e+00
2.34622885e+18 0.00000000e+00
2.23022330e+18 0.00000000e+00
2.11995346e+18 0.00000000e+00
2.01513573e+18 0.00000000e+00
1.91550056e+18 0.00000000e+00
1.82079168e+18 0.00000000e+00
1.73076553e+18 0.00000000e+00
1.64519059e+18 0.00000000e+00
1.56384676e+18 0.00000000e+00
1.48652484e+18 0.00000000e+00
1.41302599e+18 0.00000000e+00
1.34316117e+18 0.00000000e+00
1.27675070e+18 0.00000000e+00
1.21362380e+18 0.00000000e+00
1.15361810e+18 0.00000000e+00
1.09657929e+18 0.00000000e+00
1.04236067e+18 0.00000000e+00
9.90822810e+17 0.00000000e+00
9.41833153e+17 0.00000000e+00
8.95265713e+17 0.00000000e+00
8.51000725e+17 0.00000000e+00
8.08924349e+17 0.00000000e+00
7.68928372e+17 0.00000000e+00
7.30909933e+17 0.00000000e+00
6.94771255e+17 0.00000000e+00
6.60419396e+17 0.00000000e+00
6.27766011e+17 0.00000000e+00
5.96727120e+17 0.00000000e+00
5.67222897e+17 0.00000000e+00
5.39177464e+17 0.00000000e+00
5.12518693e+17 3.43852084e-60
4.87178022e+17 3.75424880e-58
4.63090280e+17 1.61493162e-56
4.40193519e+17 5.27450315e-55
4.18428851e+17 1.48829061e-53
3.97740302e+17 3.29736844e-52
3.78074666e+17 6.56864158e-51
3.59381366e+17 1.27885577e-49
3.41612327e+17 1.87728486e-48
3.24721849e+17 2.65991266e-47
3.08666494e+17 3.15931238e-46
2.93404971e+17 3.14561639e-45
2.78898029e+17 3.02306536e-44
2.65108360e+17 2.19054370e-43
2.52000499e+17 2.00243372e-42
2.39540736e+17 1.17697324e-41
2.27697026e+17 7.28127659e-41
2.16438909e+17 3.57862747e-40
2.05737431e+17 1.99855994e-39
1.95565072e+17 1.00149066e-38
1.85895668e+17 3.78823446e-38
1.76704353e+17 1.64017063e-37
1.67967487e+17 5.69993694e-37
1.59662602e+17 2.16400328e-36
1.51768339e+17 6.60061244e-36
1.44264395e+17 2.19946673e-35
1.37131472e+17 7.64360817e-35
1.30351224e+17 1.80095821e-34
1.23906216e+17 5.27751783e-34
1.17779870e+17 1.41456333e-33
1.11956432e+17 3.27634367e-33
1.06420924e+17 7.69124690e-33
1.01159111e+17 1.59707594e-32
9.61574600e+16 3.24666832e-32
9.14031075e+16 6.72722654e-32
8.68838264e+16 1.42069575e-31
8.25879939e+16 2.59186961e-31
7.85045620e+16 4.85161562e-31
7.46230289e+16 7.40505372e-31
7.09334120e+16 1.56384333e-30
6.74262224e+16 2.39162623e-30
6.40924402e+16 3.93389037e-30
6.09234915e+16 6.42804281e-30
5.79112265e+16 1.02582495e-29
5.50478981e+16 1.29951519e-29
5.23261424e+16 2.07678296e-29
4.97389596e+16 2.98521574e-29
4.72796959e+16 4.68972958e-29
4.49420266e+16 6.72589892e-29
4.27199397e+16 8.31538966e-29
4.06077203e+16 1.04649667e-28
3.85999362e+16 1.71217689e-28
3.66914238e+16 2.11866393e-28
3.48772747e+16 2.55297963e-28
3.31528234e+16 3.38685008e-28
3.15136348e+16 4.09502238e-28
2.99554933e+16 5.42155312e-28
2.84743917e+16 6.52497352e-28
2.70665207e+16 8.07073311e-28
2.57282597e+16 1.01616349e-27
2.44561668e+16 9.91586739e-28
2.32469706e+16 1.25696165e-27
2.20975611e+16 1.58477081e-27
2.10049824e+16 1.54904263e-27
1.99664245e+16 1.91887013e-27
1.89792164e+16 2.31801916e-27
1.80408193e+16 2.70722981e-27
1.71488197e+16 3.02681341e-27
1.63009236e+16 3.21069933e-27
1.54949504e+16 3.60684908e-27
1.47288272e+16 4.04162973e-27
1.40005838e+16 4.76373477e-27
1.33083472e+16 4.71877566e-27
1.26503372e+16 5.69866496e-27
1.20248614e+16 5.66266612e-27
1.14303113e+16 5.75335503e-27
1.08651577e+16 7.09565583e-27
1.03279473e+16 7.18383759e-27
9.81729841e+15 7.21924469e-27
9.33189772e+15 9.02181808e-27
8.87049689e+15 9.22251171e-27
8.43190929e+15 9.55045485e-27
8.01500696e+15 1.21432060e-26
7.61871770e+15 1.18957811e-26
7.24202233e+15 1.25016180e-26
6.88395207e+15 1.32447482e-26
6.54358602e+15 1.30687061e-26
6.22004883e+15 1.63053519e-26
5.91250841e+15 1.70727672e-26
5.62017385e+15 1.77280392e-26
5.34229330e+15 1.85875932e-26
5.07815211e+15 1.92731551e-26
4.82707097e+15 2.04251937e-26
4.58840413e+15 2.94875568e-26
4.36153779e+15 2.87547189e-26
4.14588850e+15 2.80348445e-26
3.94090164e+15 2.66892036e-26
3.74605003e+15 3.02263199e-26
3.56083255e+15 2.72107961e-26
3.38477286e+15 3.13730633e-26
3.21741815e+15 3.86200849e-26
3.05833803e+15 3.82777929e-26
2.90712338e+15 3.94360203e-26
2.76338529e+15 4.10188440e-26
2.62675410e+15 4.58904394e-26
2.49687843e+15 4.80620360e-26
2.37342425e+15 4.81871888e-26
2.25607407e+15 6.18509812e-26
2.14452608e+15 6.03756024e-26
2.03849340e+15 6.04900676e-26
1.93770334e+15 6.41302876e-26
1.84189668e+15 6.49918468e-26
1.75082703e+15 6.82905476e-26
1.66426018e+15 6.89343299e-26
1.58197348e+15 8.13268350e-26
1.50375532e+15 8.29461794e-26
1.42940453e+15 8.39502910e-26
1.35872990e+15 8.09904898e-26
1.29154967e+15 7.94671224e-26
1.22769105e+15 9.90788218e-26
1.16698982e+15 9.88347131e-26
1.10928986e+15 1.03570052e-25
1.05444279e+15 1.07144520e-25
1.00230755e+15 1.23333983e-25
9.52750047e+14 1.29183513e-25
9.05642838e+14 1.39139412e-25
8.60864770e+14 1.47342933e-25
8.18300682e+14 1.59800301e-25
7.77841107e+14 1.57026240e-25
7.39381992e+14 1.61984852e-25
7.02824426e+14 1.72385653e-25
6.68074392e+14 1.85877344e-25
6.35042517e+14 1.98383349e-25
6.03643851e+14 1.88171042e-25
5.73797641e+14 2.14966736e-25
5.45427131e+14 2.24500014e-25
5.18459354e+14 2.34131049e-25
4.92824957e+14 2.45181236e-25
4.68458012e+14 2.63346329e-25
4.45295851e+14 2.74842306e-25
4.23278907e+14 2.89124375e-25
4.02350555e+14 2.92374828e-25
3.82456972e+14 3.22667691e-25
3.63546996e+14 3.42293241e-25
3.45571994e+14 3.64710801e-25
3.28485737e+14 3.68884039e-25
3.12244282e+14 3.95120214e-25
2.96805861e+14 4.17974078e-25
2.82130768e+14 4.40881893e-25
2.68181261e+14 4.55281097e-25
2.54921465e+14 4.76665134e-25
2.42317279e+14 5.19077072e-25
2.30336287e+14 5.24735054e-25
2.18947676e+14 5.57539562e-25
2.08122157e+14 5.98589763e-25
1.97831888e+14 6.24057022e-25
1.88050406e+14 6.38358766e-25
1.78752553e+14 6.82956897e-25
1.69914417e+14 7.08230635e-25
1.61513269e+14 7.54570381e-25
1.53527503e+14 8.02588745e-25
1.45936580e+14 8.59469476e-25
1.38720978e+14 8.89985438e-25
1.31862140e+14 9.41256339e-25
1.25342427e+14 9.76455129e-25
1.19145070e+14 1.04406757e-24
1.13254132e+14 1.09175813e-24
1.07654461e+14 1.14619784e-24
1.02331658e+14 1.20030969e-24
9.72720319e+13 1.28451706e-24
9.24625712e+13 1.35043814e-24
8.78909065e+13 1.39293613e-24
8.35452806e+13 1.46956879e-24
7.94145172e+13 1.55229772e-24
7.54879928e+13 1.64226458e-24
7.17556092e+13 1.72922577e-24
6.82077673e+13 1.80923854e-24
6.48353429e+13 1.91966696e-24
6.16296626e+13 2.00425850e-24
5.85824820e+13 2.10134653e-24
5.56859644e+13 2.22253296e-24
5.29326606e+13 2.33050739e-24
5.03154895e+13 2.45428287e-24
4.78277202e+13 2.59210414e-24
4.54629547e+13 2.70116265e-24
4.32151113e+13 2.86149904e-24
4.10784089e+13 3.00859607e-24
3.90473524e+13 3.15432164e-24
3.71167182e+13 3.33662499e-24
3.52815412e+13 3.48730764e-24
3.35371015e+13 3.66886821e-24
3.18789129e+13 3.87379865e-24
3.03027108e+13 4.06484825e-24
2.88044415e+13 4.27830088e-24
2.73802518e+13 4.51320515e-24
2.60264788e+13 4.73402899e-24
2.47396410e+13 4.99194180e-24
2.35164288e+13 5.25164645e-24
2.23536965e+13 5.53385393e-24
2.12484535e+13 5.80989394e-24
2.01978576e+13 6.12170806e-24
1.91992067e+13 6.43413747e-24
1.82499324e+13 6.75882319e-24
1.73475936e+13 7.11810687e-24
1.64898694e+13 7.46955036e-24
1.56745541e+13 7.87985101e-24
1.48995507e+13 8.29308155e-24
1.41628662e+13 8.72017194e-24
1.34626058e+13 9.16293223e-24
1.27969687e+13 9.65529653e-24
1.21642429e+13 1.01426170e-23
1.15628013e+13 1.06719871e-23
1.09910970e+13 1.12336384e-23
1.04476597e+13 1.18334623e-23
9.93109181e+12 1.24392408e-23
9.44006479e+12 1.30745191e-23
8.97331581e+12 1.37630224e-23
8.52964450e+12 1.44617066e-23
8.10790981e+12 1.52233076e-23
7.70702711e+12 1.60283045e-23
7.32596543e+12 1.68663816e-23
6.96374473e+12 1.77351985e-23
6.61943346e+12 1.86640624e-23
6.29214611e+12 1.96286473e-23
5.98104096e+12 2.06574515e-23
5.68531791e+12 2.17183284e-23
5.40421642e+12 2.28409557e-23
5.13701354e+12 2.40308389e-23
4.88302209e+12 2.52834980e-23
4.64158883e+12 2.65967757e-23
4.41209286e+12 2.79966406e-23
4.19394396e+12 2.94566722e-23
3.98658107e+12 3.09754112e-23
3.78947092e+12 3.26012500e-23
3.60210656e+12 3.42959814e-23
3.42400614e+12 3.60703420e-23
3.25471161e+12 3.79455494e-23
3.09378757e+12 3.99264473e-23
2.94082017e+12 4.20115499e-23
2.79541600e+12 4.41812878e-23
2.65720111e+12 4.64635672e-23
2.52582003e+12 4.89061072e-23
2.40093488e+12 5.14319642e-23
2.28222447e+12 5.41233359e-23
2.16938352e+12 5.69110148e-23
2.06212180e+12 5.98728510e-23
1.96016347e+12 6.29964544e-23
1.86324631e+12 6.62631212e-23
1.77112106e+12 6.97172755e-23
1.68355080e+12 7.33465336e-23
1.60031031e+12 7.71627249e-23
1.52118552e+12 8.11862531e-23
1.44597292e+12 8.54178000e-23
1.37447909e+12 8.98512438e-23
1.30652016e+12 9.45173974e-23
1.24192135e+12 9.94296330e-23
1.18051653e+12 1.04615324e-22
1.12214777e+12 1.10069659e-22
1.06666496e+12 1.15772369e-22
1.01392541e+12 1.21808554e-22
9.63793480e+11 1.28141223e-22
9.16140246e+11 1.34817206e-22
8.70843150e+11 1.41814400e-22
8.27785697e+11 1.49191510e-22
7.86857151e+11 1.56955099e-22
7.47952252e+11 1.65130062e-22
7.10970943e+11 1.73700543e-22
6.75818117e+11 1.82733543e-22
6.42403366e+11 1.92235690e-22
6.10640754e+11 2.02242971e-22
5.80448594e+11 2.12758861e-22
5.51749238e+11 2.23832276e-22
5.24468875e+11 2.35471948e-22
4.98537346e+11 2.47727671e-22
4.73887961e+11 2.60618824e-22
4.50457325e+11 2.74143084e-22
4.28185180e+11 2.88411992e-22
4.07014245e+11 3.03408501e-22
3.86890074e+11 3.19218463e-22
3.67760910e+11 3.35820477e-22
3.49577557e+11 3.53295302e-22
3.32293252e+11 3.71648159e-22
3.15863541e+11 3.90967078e-22
3.00246171e+11 4.11324083e-22
2.85400977e+11 4.32705294e-22
2.71289780e+11 4.55237978e-22
2.57876289e+11 4.78900314e-22
2.45126006e+11 5.03805390e-22
2.33006141e+11 5.30027577e-22
2.21485523e+11 5.57587069e-22
2.10534524e+11 5.86596525e-22
2.00124980e+11 6.17104645e-22
1.90230119e+11 6.49216099e-22
1.80824493e+11 6.82960626e-22
1.71883914e+11 7.18486620e-22
1.63385388e+11 7.55852758e-22
1.55307057e+11 7.95186048e-22
1.47628147e+11 8.36540589e-22
1.40328908e+11 8.80063920e-22
1.33390569e+11 9.25840899e-22
1.26795285e+11 9.73996081e-22
1.20526094e+11 1.02466249e-21
1.14566873e+11 1.07794493e-21
1.08902296e+11 1.13402896e-21
1.03517796e+11 1.19300247e-21
9.83995230e+10 1.25505354e-21
9.35343152e+10 1.32033358e-21
8.89096599e+10 1.38903784e-21
8.45136633e+10 1.46126745e-21
8.03350198e+10 1.53727991e-21
7.63629826e+10 1.61724093e-21
7.25873365e+10 1.70136052e-21
6.89983712e+10 1.78985385e-21
6.55868566e+10 1.88296572e-21
6.23440189e+10 1.98091383e-21
5.92615181e+10 2.08392913e-21
5.63314267e+10 2.19234887e-21
5.35462090e+10 2.30638944e-21
5.08987019e+10 2.42634053e-21
4.83820966e+10 2.55255722e-21
4.59899209e+10 2.68531616e-21
4.37160225e+10 2.82500826e-21
4.15545533e+10 2.97194041e-21
3.94999546e+10 3.12653975e-21
3.75469422e+10 3.28915063e-21
3.56904935e+10 3.46024395e-21
3.39258338e+10 3.64021294e-21
3.22484250e+10 3.82957867e-21
3.06539530e+10 4.02878288e-21
2.91383170e+10 4.23832272e-21
2.76976194e+10 4.45878554e-21
2.63281547e+10 4.69070918e-21
2.50264010e+10 4.93471441e-21
2.37890104e+10 5.19137812e-21
2.26128007e+10 5.46140209e-21
2.14947467e+10 5.74548981e-21
2.04319732e+10 6.04432459e-21
1.94217468e+10 6.35873702e-21
1.84614695e+10 6.68947878e-21
1.75486715e+10 7.03744255e-21
1.66810054e+10 7.40350740e-21
1.58562396e+10 7.78860288e-21
1.50722531e+10 8.19370679e-21
1.43270295e+10 8.61990677e-21
1.36186524e+10 9.06827881e-21
1.29452998e+10 9.53997199e-21
1.23052400e+10 1.00361785e-20
1.16968270e+10 1.05582400e-20
1.11184960e+10 1.11074252e-20
1.05687597e+10 1.16851689e-20
1.00462042e+10 1.22929835e-20
9.54948564e+09 1.29323740e-20
9.07732653e+09 1.36050968e-20
8.62851257e+09 1.43127969e-20
8.20188950e+09 1.50572162e-20
7.79636013e+09 1.58404437e-20
7.41088152e+09 1.66643783e-20
7.04446228e+09 1.75311999e-20
6.69616005e+09 1.84431001e-20
6.36507908e+09 1.94024085e-20
6.05036788e+09 2.04116014e-20
5.75121707e+09 2.14733525e-20
5.46685730e+09 2.25902885e-20
5.19655724e+09 2.37653074e-20
4.93962174e+09 2.50014713e-20
4.69539001e+09 2.63019312e-20
4.46323393e+09 2.76699953e-20
4.24255643e+09 2.91093170e-20
4.03278998e+09 3.06233970e-20
3.83339510e+09 3.22163148e-20
3.64385898e+09 3.38920176e-20
3.46369418e+09 3.56549537e-20
3.29243733e+09 3.75095576e-20
3.12964801e+09 3.94606214e-20
2.97490755e+09 4.15131319e-20
2.82781798e+09 4.36724869e-20
2.68800102e+09 4.59441263e-20
2.55509709e+09 4.83338858e-20
2.42876438e+09 5.08479743e-20
2.30867799e+09 5.34928792e-20
2.19452909e+09 5.62752831e-20
2.08602409e+09 5.92024757e-20
1.98288395e+09 6.22819196e-20
1.88484341e+09 6.55215004e-20
1.79165033e+09 6.89296204e-20
1.70306503e+09 7.25150283e-20
1.61885969e+09 7.62869182e-20
1.53881775e+09 8.02550157e-20
1.46273336e+09 8.44294663e-20
1.39041083e+09 8.88210802e-20
1.32166418e+09 9.34411471e-20
1.25631660e+09 9.83014984e-20
1.19420003e+09 1.03414679e-19
1.13515471e+09 1.08793833e-19
1.07902879e+09 1.14452746e-19
1.02567793e+09 1.20406041e-19
9.74964918e+08 1.26668983e-19
9.26759330e+08 1.33257688e-19
8.80937190e+08 1.40189110e-19
8.37380654e+08 1.47481068e-19
7.95977700e+08 1.55152342e-19
7.56621850e+08 1.63222611e-19
7.19211887e+08 1.71712711e-19
6.83651600e+08 1.80644366e-19
6.49849535e+08 1.90040618e-19
6.17718760e+08 1.99925613e-19
5.87176639e+08 2.10324780e-19
5.58144625e+08 2.21264912e-19
5.30548053e+08 2.32774027e-19
5.04315949e+08 2.44881818e-19
4.79380850e+08 2.57619390e-19
4.55678627e+08 2.71019521e-19
4.33148322e+08 2.85116677e-19
4.11731993e+08 2.99947057e-19
3.91374560e+08 3.15548885e-19
3.72023668e+08 3.31962238e-19
3.53629550e+08 3.49229314e-19
3.36144900e+08 3.67394576e-19
3.19524751e+08 3.86504671e-19
3.03726358e+08 4.06608777e-19
2.88709092e+08 4.27758646e-19
2.74434330e+08 4.50008620e-19
2.60865362e+08 4.73415883e-19
2.47967289e+08 4.98040717e-19
2.35706941e+08 5.23946409e-19
2.24052787e+08 5.51199603e-19
2.12974854e+08 5.79870365e-19
2.02444651e+08 6.10032471e-19
1.92435098e+08 6.41763425e-19
1.82920450e+08 6.75144892e-19
1.73876240e+08 7.10262707e-19
1.65279206e+08 7.47207156e-19
1.57107239e+08 7.86073323e-19
1.49339322e+08 8.26961093e-19
1.41955477e+08 8.69975667e-19
1.34936714e+08 9.15227613e-19
1.28264983e+08 9.62833386e-19
1.21923125e+08 1.01291536e-18
1.15894830e+08 1.06560241e-18
1.10164595e+08 1.12102996e-18
1.04717682e+08 1.17934056e-18
9.95400829e+07 1.24068420e-18
9.46184819e+07 1.30521867e-18
8.99402217e+07 1.37310991e-18
8.54932707e+07 1.44453251e-18
8.12661920e+07 1.51967017e-18
7.72481145e+07 1.59871616e-18
7.34287045e+07 1.68187372e-18
6.97981391e+07 1.76935677e-18
6.63470812e+07 1.86139024e-18
6.30666554e+07 1.95821085e-18
5.99484250e+07 2.06006761e-18
5.69843706e+07 2.16722248e-18
5.41668691e+07 2.27995102e-18
5.14886745e+07 2.39854319e-18
4.89428990e+07 2.52330393e-18
4.65229952e+07 2.65455415e-18
4.42227398e+07 2.79263136e-18
4.20362168e+07 2.93789067e-18
3.99578030e+07 3.09070572e-18
3.79821531e+07 3.25146943e-18
3.61041860e+07 3.42059532e-18
3.43190720e+07 3.59851837e-18
3.26222201e+07 3.78569607e-18
3.10092664e+07 3.98260987e-18
2.94760626e+07 4.18976621e-18
2.80186656e+07 4.40769777e-18
2.66333273e+07 4.63696517e-18
2.53164848e+07 4.87815790e-18
2.40647515e+07 5.13189636e-18
2.28749082e+07 5.39883311e-18
2.17438948e+07 5.67965457e-18
2.06688025e+07 5.97508302e-18
1.96468665e+07 6.28587828e-18
1.86754584e+07 6.61283964e-18
1.77520801e+07 6.95680792e-18
1.68743568e+07 7.31866783e-18
1.60400311e+07 7.69934992e-18
1.52469573e+07 8.09983332e-18
1.44930957e+07 8.52114792e-18
1.37765077e+07 8.96437730e-18
1.30953502e+07 9.43066137e-18
1.24478715e+07 9.92119929e-18
1.18324063e+07 1.04372526e-17
1.12473718e+07 1.09801486e-17
1.06912634e+07 1.15512835e-17
1.01626509e+07 1.21521260e-17
9.66017480e+06 1.27842215e-17
9.18254284e+06 1.34491956e-17
8.72852662e+06 1.41487585e-17
8.29695852e+06 1.48847093e-17
7.88672862e+06 1.56589407e-17
7.49678187e+06 1.64734440e-17
7.12611543e+06 1.73303139e-17
6.77377600e+06 1.82317540e-17
6.43885743e+06 1.91800827e-17
6.12049837e+06 2.01777390e-17
5.81788007e+06 2.12272886e-17
5.53022426e+06 2.23314307e-17
5.25679112e+06 2.34930050e-17
4.99687745e+06 2.47149989e-17
4.74981480e+06 2.60005551e-17
4.51496777e+06 2.73529798e-17
4.29173238e+06 2.87757511e-17
4.07953450e+06 3.02725282e-17
3.87782841e+06 3.18471606e-17
3.68609536e+06 3.35036978e-17
3.50384225e+06 3.52464002e-17
3.33060034e+06 3.70797496e-17
3.16592411e+06 3.90084612e-17
3.00939003e+06 4.10374951e-17
2.86059554e+06 4.31720698e-17
2.71915794e+06 4.54176748e-17
2.58471351e+06 4.77800855e-17
2.45691646e+06 5.02653775e-17
2.33543814e+06 5.28799426e-17
2.21996612e+06 5.56305049e-17
2.11020343e+06 5.85241385e-17
2.00586778e+06 6.15682850e-17
1.90669084e+06 6.47707736e-17
1.81241755e+06 6.81398404e-17
1.72280545e+06 7.16841501e-17
1.63762407e+06 7.54128179e-17
1.55665436e+06 7.93354333e-17
1.47968806e+06 8.34620845e-17
1.40652724e+06 8.78033845e-17
1.33698374e+06 9.23704983e-17
1.27087871e+06 9.71751718e-17
1.20804213e+06 1.02229762e-16
1.14831241e+06 1.07547267e-16
1.09153594e+06 1.13141364e-16
1.03756668e+06 1.19026440e-16
9.86265846e+05 1.25217629e-16
9.37501502e+05 1.31730855e-16
8.91148232e+05 1.38582868e-16
8.47086827e+05 1.45791290e-16
8.05203967e+05 1.53374660e-16
7.65391939e+05 1.61352482e-16
7.27548353e+05 1.69745272e-16
6.91575883e+05 1.78574616e-16
6.57382014e+05 1.87863220e-16
6.24878807e+05 1.97634974e-16
5.93982669e+05 2.07915009e-16
5.64614142e+05 2.18729763e-16
5.36697695e+05 2.30107050e-16
5.10161531e+05 2.42076130e-16
4.84937407e+05 2.54667786e-16
4.60960449e+05 2.67914400e-16
4.38168993e+05 2.81850042e-16
4.16504425e+05 2.96510551e-16
3.95911027e+05 3.11933631e-16
3.76335836e+05 3.28158948e-16
3.57728510e+05 3.45228231e-16
3.40041193e+05 3.63185379e-16
3.23228398e+05 3.82076575e-16
3.07246884e+05 4.01950404e-16
2.92055551e+05 4.22857977e-16
2.77615329e+05 4.44853066e-16
2.63889081e+05 4.67992239e-16
2.50841506e+05 4.92335006e-16
2.38439047e+05 5.17943972e-16
2.26649808e+05 5.44885000e-16
2.15443469e+05 5.73227377e-16
2.04791210e+05 6.03043997e-16
1.94665634e+05 6.34411542e-16
1.85040702e+05 6.67410685e-16
1.75891659e+05 7.02126296e-16
1.67194976e+05 7.38647657e-16
1.58928287e+05 7.77068697e-16
1.51070330e+05 8.17488228e-16
1.43600898e+05 8.60010204e-16
1.36500781e+05 9.04743985e-16
1.29751717e+05 9.51804622e-16
1.23336350e+05 1.00131315e-15
1.17238180e+05 1.05339689e-15
1.11441525e+05 1.10818980e-15
1.05931476e+05 1.16583281e-15
1.00693863e+05 1.22647416e-15
9.57152154e+04 1.29026981e-15
9.09827289e+04 1.35738384e-15
8.64842328e+04 1.42798887e-15
8.22081576e+04 1.50226647e-15
7.81435061e+04 1.58040769e-15
7.42798248e+04 1.66261349e-15
7.06071771e+04 1.74909531e-15
6.71161177e+04 1.84007556e-15
6.37976681e+04 1.93578824e-15
6.06432940e+04 2.03647951e-15
5.76448828e+04 2.14240835e-15
5.47947234e+04 2.25384721e-15
5.20854855e+04 2.37108268e-15
4.95102016e+04 2.49441631e-15
4.70622485e+04 2.62416530e-15
4.47353305e+04 2.76066335e-15
4.25234633e+04 2.90426154e-15
4.04209584e+04 3.05532920e-15
3.84224085e+04 3.21425488e-15
3.65226736e+04 3.38144734e-15
3.47168682e+04 3.55733659e-15
3.30003479e+04 3.74237503e-15
3.13686982e+04 3.93703858e-15
2.98177229e+04 4.14182793e-15
2.83434331e+04 4.35726981e-15
2.69420371e+04 4.58391835e-15
2.56099310e+04 4.82235651e-15
2.43436887e+04 5.07319759e-15
2.31400538e+04 5.33708676e-15
2.19959307e+04 5.61470280e-15
2.09083769e+04 5.90675977e-15
1.98745955e+04 6.21400889e-15
1.88919278e+04 6.53724046e-15
1.79578465e+04 6.87728591e-15
1.70699493e+04 7.23501991e-15
1.62259529e+04 7.61136264e-15
1.54236865e+04 8.00728216e-15
1.46610868e+04 8.42379688e-15
1.39361927e+04 8.86197823e-15
1.32471399e+04 9.32295335e-15
1.25921561e+04 9.80790805e-15
1.19695570e+04 1.03180898e-14
1.13777413e+04 1.08548111e-14
1.08151870e+04 1.14194526e-14
1.02804473e+04 1.20134668e-14
9.77214697e+03 1.26383819e-14
9.28897872e+03 1.32958054e-14
8.82969996e+03 1.39874288e-14
8.39312950e+03 1.47150314e-14
7.97814457e+03 1.54804849e-14
7.58367791e+03 1.62857588e-14
7.20871503e+03 1.71329249e-14
6.85229160e+03 1.80241628e-14
6.51349095e+03 1.89617656e-14
6.19144176e+03 1.99481457e-14
5.88531578e+03 2.09858411e-14
5.59432571e+03 2.20775219e-14
5.31772318e+03 2.32259971e-14
5.05479682e+03 2.44342221e-14
4.80487044e+03 2.57053060e-14
4.56730127e+03 2.70425197e-14
4.34147833e+03 2.84493046e-14
4.12682085e+03 2.99292810e-14
3.92277676e+03 3.14862580e-14
3.72882131e+03 3.31242427e-14
3.54445567e+03 3.48474511e-14
3.36920571e+03 3.66603186e-14
3.20262069e+03 3.85675117e-14
3.04427221e+03 4.05739397e-14
2.89375302e+03 4.26847680e-14
2.75067601e+03 4.49054306e-14
2.61467321e+03 4.72416448e-14
2.48539486e+03 4.96994257e-14
2.36250847e+03 5.22851018e-14
2.24569800e+03 5.50053312e-14
2.13466303e+03 5.78671191e-14
2.02911802e+03 6.08778356e-14
1.92879151e+03 6.40452352e-14
1.83342548e+03 6.73774761e-14
1.74277468e+03 7.08831423e-14
1.65660596e+03 7.45712650e-14
1.57469771e+03 7.84513462e-14
1.49683929e+03 8.25333839e-14
1.42283046e+03 8.68278969e-14
1.35248087e+03 9.13459532e-14
1.28560961e+03 9.60991979e-14
1.22204469e+03 1.01099884e-13
1.16162263e+03 1.06360903e-13
1.10418805e+03 1.11895822e-13
1.04959323e+03 1.17718912e-13
9.97697764e+02 1.23845193e-13
9.48368187e+02 1.30290468e-13
9.01477631e+02 1.37071366e-13
8.56905505e+02 1.44205383e-13
8.14537177e+02 1.51710932e-13
7.74263683e+02 1.59607387e-13
7.35981448e+02 1.67915136e-13
6.99592017e+02 1.76655633e-13
6.65001803e+02 1.85851454e-13
6.32121848e+02 1.95526357e-13
6.00867589e+02 2.05705344e-13
5.71158648e+02 2.16414727e-13
5.42918618e+02 2.27682196e-13
5.16074871e+02 2.39536892e-13
4.90558371e+02 2.52009485e-13
4.66303493e+02 2.65132254e-13
4.43247859e+02 2.78939172e-13
4.21332174e+02 2.93465995e-13
4.00500076e+02 3.08750361e-13
3.80697987e+02 3.24831883e-13
3.61874981e+02 3.41752260e-13
3.43982649e+02 3.59555385e-13
3.26974974e+02 3.78287463e-13
3.10808217e+02 3.97997137e-13
2.95440800e+02 4.18735612e-13
2.80833200e+02 4.40556800e-13
2.66947849e+02 4.63517460e-13
2.53749038e+02 4.87677352e-13
2.41202821e+02 5.13099402e-13
2.29276931e+02 5.39849871e-13
2.17940698e+02 5.67998532e-13
2.07164968e+02 5.97618868e-13
1.96922026e+02 6.28788267e-13
1.87185529e+02 6.61588240e-13
1.77930439e+02 6.96104645e-13
1.69132952e+02 7.32427925e-13
1.60770442e+02 7.70653358e-13
1.52821404e+02 8.10881334e-13
1.45265393e+02 8.53217625e-13
1.38082977e+02 8.97773697e-13
1.31255684e+02 9.44667021e-13
1.24765955e+02 9.94021414e-13
1.18597101e+02 1.04596740e-12
1.12733256e+02 1.10064257e-12
1.07159340e+02 1.15819204e-12
1.01861017e+02 1.21876880e-12
9.68246612e+01 1.28253424e-12
9.20373200e+01 1.34965863e-12
8.74866812e+01 1.42032157e-12
8.31610415e+01 1.49471266e-12
7.90492762e+01 1.57303197e-12
7.51408106e+01 1.65549077e-12
7.14255929e+01 1.74231212e-12
6.78940681e+01 1.83373168e-12
6.45371540e+01 1.92999839e-12
6.13462172e+01 2.03137539e-12
5.83130511e+01 2.13814084e-12
5.54298552e+01 2.25058892e-12
5.26892142e+01 2.36903084e-12
5.00840799e+01 2.49379596e-12
4.76077523e+01 2.62523299e-12
4.52538628e+01 2.76371128e-12
4.30163576e+01 2.90962224e-12
4.08894823e+01 3.06338083e-12
3.88677669e+01 3.22542724e-12
3.69460121e+01 3.39622866e-12
3.51192753e+01 3.57628126e-12
3.33828586e+01 3.76611227e-12
3.17322963e+01 3.96628238e-12
3.01633435e+01 4.17738822e-12
2.86719650e+01 4.39193734e-12
2.72543253e+01 4.62555250e-12
2.59067786e+01 4.87192840e-12
2.46258592e+01 5.13180286e-12
2.34082728e+01 5.40596143e-12
2.22508880e+01 5.69524101e-12
2.11507282e+01 6.00053392e-12
2.01049642e+01 6.32279233e-12
1.91109062e+01 6.66303312e-12
1.81659979e+01 7.02234319e-12
1.72678090e+01 7.40188543e-12
1.64140297e+01 7.80290513e-12
1.56024641e+01 8.22673722e-12
1.48310251e+01 8.67497412e-12
1.40977287e+01 9.14841741e-12
1.34006890e+01 9.64925219e-12
1.27381132e+01 1.01793854e-11
1.21082975e+01 1.07408633e-11
1.15096220e+01 1.13354013e-11
1.09405471e+01 1.19654257e-11
1.03996091e+01 1.26333129e-11
9.88541702e+00 1.33416396e-11
9.39664831e+00 1.40932621e-11
8.93204600e+00 1.48912512e-11
8.49041520e+00 1.57389617e-11
8.07062014e+00 1.66400387e-11
7.67158118e+00 1.75984562e-11
7.29227206e+00 1.86185534e-11
6.93171728e+00 1.97050691e-11
6.58898955e+00 2.08631887e-11
6.26320745e+00 2.20985905e-11
5.95353313e+00 2.34175014e-11
5.65917016e+00 2.48267564e-11
5.37936150e+00 2.63338661e-11
5.11338754e+00 2.79470923e-11
4.86056423e+00 2.96755311e-11
4.62024137e+00 3.15292068e-11
4.39180089e+00 3.35191755e-11
4.17465529e+00 3.56576413e-11
3.96824610e+00 3.79580849e-11
3.77204249e+00 4.04354069e-11
3.58553986e+00 4.31060879e-11
3.40825855e+00 4.59883649e-11
3.23974263e+00 4.91024287e-11
3.07955871e+00 5.24706423e-11
2.92729484e+00 5.61177834e-11
2.78255940e+00 6.00713135e-11
2.64498018e+00 6.43616758e-11
2.51420335e+00 6.90226259e-11
2.38989257e+00 7.40915978e-11
2.27172813e+00 7.96101089e-11
2.15940615e+00 8.55562131e-11
2.05263775e+00 9.21052684e-11
1.95114835e+00 9.92567729e-11
1.85467692e+00 1.07073613e-10
1.76297538e+00 1.15745417e-10
1.67580786e+00 1.25123286e-10
1.59295021e+00 1.35401438e-10
1.51418933e+00 1.46673481e-10
1.43932264e+00 1.59044769e-10
1.36815763e+00 1.72632086e-10
1.30051125e+00 1.87564870e-10
1.23620954e+00 2.03986563e-10
1.17508713e+00 2.22056102e-10
1.11698682e+00 2.41949572e-10
1.06175918e+00 2.63862029e-10
1.00926219e+00 2.88009509e-10
9.59360829e-01 3.14631264e-10
9.11926760e-01 3.43992211e-10
8.66837993e-01 3.76387313e-10
8.23978568e-01 4.12138269e-10
7.83238260e-01 4.51605946e-10
7.44512291e-01 4.95188163e-10
7.07701066e-01 5.43325181e-10
6.72709914e-01 5.96504178e-10
6.39448843e-01 6.55264202e-10
6.07832313e-01 7.20201633e-10
5.77779012e-01 7.91976221e-10
5.49211648e-01 8.71317750e-10
5.22056753e-01 9.59033396e-10
4.96244488e-01 1.05601585e-09
4.71708469e-01 1.16325226e-09
4.48385595e-01 1.28183414e-09
4.26215883e-01 1.41296824e-09
4.05142317e-01 1.55798855e-09
3.85110700e-01 1.71836956e-09
3.66069515e-01 1.89574075e-09
3.47969790e-01 2.09190267e-09
3.30764978e-01 2.30884455e-09
3.14410830e-01 2.54876361e-09
2.98865287e-01 2.81408636e-09
2.84088369e-01 3.10749190e-09
2.70042072e-01 3.43193744e-09
2.56690272e-01 3.79068630e-09
2.43998630e-01 4.18733848e-09
2.31934506e-01 4.62586401e-09
2.20466874e-01 5.11063938e-09
2.09566240e-01 5.64648712e-09
1.99204571e-01 6.23871882e-09
1.89355218e-01 6.89318172e-09
1.79992851e-01 7.61630911e-09
1.71093391e-01 8.41517463e-09
1.62633950e-01 9.29755065e-09
1.54592774e-01 1.02719707e-08
1.46949180e-01 1.13477963e-08
1.39683512e-01 1.25352873e-08
1.32777083e-01 1.38456766e-08
1.26212131e-01 1.52912486e-08
1.19971774e-01 1.68854202e-08
1.14039960e-01 1.86428249e-08
1.08401436e-01 2.05793979e-08
1.03041699e-01 2.27124627e-08
9.79469667e-02 2.50608155e-08
9.31041349e-02 2.76448077e-08
8.85007491e-02 3.04864229e-08
8.41249705e-02 3.36093462e-08
7.99655453e-02 3.70390221e-08
7.60117762e-02 4.08026976e-08
7.22534949e-02 4.49294458e-08
6.86810359e-02 4.94501644e-08
6.52852114e-02 5.43975445e-08
6.20572881e-02 5.98060012e-08
5.89889643e-02 6.57115611e-08
5.60723488e-02 7.21516976e-08
5.32999408e-02 7.91651071e-08
5.06646101e-02 8.67914172e-08
4.81595791e-02 9.50708197e-08
4.57784054e-02 1.04043620e-07
4.35149650e-02 1.13749698e-07
4.13634368e-02 1.24227867e-07
3.93182876e-02 1.35515138e-07
3.73742574e-02 1.47645865e-07
3.55263468e-02 1.60650778e-07
3.37698031e-02 1.74555884e-07
3.21001090e-02 1.89381213e-07
3.05129702e-02 2.05139395e-07
2.90043049e-02 2.21834005e-07
2.75702333e-02 2.39457651e-07
2.62070670e-02 2.57989716e-07
2.49113003e-02 2.77393720e-07
2.36796007e-02 2.97614244e-07
2.25088005e-02 3.18573419e-07
2.13958887e-02 3.40167058e-07
2.03380031e-02 3.62260591e-07
1.93324229e-02 3.84685105e-07
1.83765620e-02 4.07233959e-07
1.74679622e-02 4.29660483e-07
1.66042866e-02 4.51677866e-07
1.57833141e-02 4.72961012e-07
1.50029332e-02 4.93152291e-07
1.42611371e-02 5.11870674e-07
1.35560179e-02 5.28724696e-07
1.28857621e-02 5.43328728e-07
1.22486461e-02 5.55321572e-07
1.16430313e-02 5.64385864e-07
1.10673602e-02 5.70266430e-07
1.05201522e-02 5.72785702e-07
1.00000000e-02 5.71854493e-07
