1.00000000e+20 0.00000000e+00
9.50556592e+19 0.00000000e+00
9.03557835e+19 0.00000000e+00
8.58882856e+19 0.00000000e+00
8.16416760e+19 0.00000000e+00
7.76050334e+19 0.00000000e+00
7.37679760e+19 0.00000000e+00
7.01206359e+19 0.00000000e+00
6.66536327e+19 0.00000000e+00
6.33580499e+19 0.00000000e+00
6.02254120e+19 0.00000000e+00
5.72476624e+19 0.00000000e+00
5.44171429e+19 0.00000000e+00
5.17265739e+19 0.00000000e+00
4.91690358e+19 0.00000000e+00
4.67379511e+19 0.00000000e+00
4.44270675e+19 0.00000000e+00
4.22304419e+19 0.00000000e+00
4.01424249e+19 0.00000000e+00
3.81576466e+19 0.00000000e+00
3.62710025e+19 0.00000000e+00
3.44776405e+19 0.00000000e+00
3.27729485e+19 0.00000000e+00
3.11525422e+19 0.00000000e+00
2.96122544e+19 0.00000000e+00
2.81481236e+19 0.00000000e+00
2.67563844e+19 0.00000000e+00
2.54334576e+19 0.00000000e+00
2.41759408e+19 0.00000000e+00
2.29805999e+19 0.00000000e+00
2.18443607e+19 0.00000000e+00
2.07643011e+19 0.00000000e+00
1.97376433e+19 0.00000000e+00
1.87617469e+19 0.00000000e+00
1.78341022e+19 0.00000000e+00
1.69523234e+19 0.00000000e+00
1.61141428e+19 0.00000000e+00
1.53174046e+19 0.00000000e+00
1.45600600e+19 0.00000000e+00
1.38401610e+19 0.00000000e+00
1.31558562e+19 0.00000000e+00
1.25053859e+19 0.00000000e+00
1.18870770e+19 0.00000000e+00
1.12993394e+19 0.00000000e+00
1.07406615e+19 0.00000000e+00
1.02096066e+19 0.00000000e+00
9.70480888e+18 0.00000000e+00
9.22497005e+18 0.00000000e+00
8.76885609e+18 0.00000000e+00
8.33529397e+18 0.00000000e+00
7.92316862e+18 0.00000000e+00
7.53142017e+18 0.00000000e+00
7.15904109e+18 0.00000000e+00
6.80507370e+18 0.00000000e+00
6.46860766e+18 0.00000000e+00
6.14877765e+18 0.00000000e+00
5.84476113e+18 0.00000000e+00
5.55577622e+18 0.00000000e+00
5.28107971e+18 0.00000000e+00
5.01996513e+18 0.00000000e+00
4.77176095e+18 0.00000000e+00
4.53582883e+18 0.00000000e+00
4.31156199e+18 0.00000000e+00
4.09838367e+18 0.00000000e+00
3.89574562e+18 0.00000000e+00
3.70312668e+18 0.00000000e+00
3.52003147e+18 0.00000000e+00
3.34598912e+18 0.00000000e+00
3.18055202e+18 0.00000000e+00
3.02329468e+18 0.00000000e+00
2.87381269e+18 0.00000000e+00
2.73172160e+18 0.00000000e+00
2.59665597e+18 0.00000000e+00
2.46826845e+18 0.00000000e+00
2.34622885e+18 0.00000000e+00
2.23022330e+18 0.00000000e+00
2.11995346e+18 0.00000000e+00
2.01513573e+18 0.00000000e+00
1.91550056e+18 0.00000000e+00
1.82079168e+18 0.00000000e+00
1.73076553e+18 0.00000000e+00
1.64519059e+18 0.00000000e+00
1.56384676e+18 0.00000000e+00
1.48652484e+18 0.00000000e+00
1.41302599e+18 0.00000000e+00
1.34316117e+18 0.00000000e+00
1.27675070e+18 0.00000000e+00
1.21362380e+18 0.00000000e+00
1.15361810e+18 0.00000000e+00
1.09657929e+18 0.00000000e+00
1.04236067e+18 0.00000000e+00
9.90822810e+17 0.00000000e+00
9.41833153e+17 0.00000000e+00
8.95265713e+17 0.00000000e+00
8.51000725e+17 0.00000000e+00
8.08924349e+17 0.00000000e+00
7.68928372e+17 0.00000000e+00
7.30909933e+17 0.00000000e+00
6.94771255e+17 0.00000000e+00
6.60419396e+17 0.00000000e+00
6.27766011e+17 0.00000000e+00
5.96727120e+17 0.00000000e+00
5.67222897e+17 0.00000000e+00
5.39177464e+17 0.00000000e+00
5.12518693e+17 6.69731131e-59
4.87178022e+17 7.31226424e-57
4.63090280e+17 3.14545129e-55
4.40193519e+17 1.02733097e-53
4.18428851e+17 2.89878876e-52
3.97740302e+17 6.42238451e-51
3.78074666e+17 1.27939424e-49
3.59381366e+17 2.49086616e-48
3.41612327e+17 3.65644466e-47
3.24721849e+17 5.18079254e-46
3.08666494e+17 6.15348853e-45
2.93404971e+17 6.12681244e-44
2.78898029e+17 5.88811606e-43
2.65108360e+17 4.26658839e-42
2.52000499e+17 3.90020089e-41
2.39540736e+17 2.29242647e-40
2.27697026e+17 1.41819632e-39
2.16438909e+17 6.97020125e-39
2.05737431e+17 3.89265580e-38
1.95565072e+17 1.95063373e-37
1.85895668e+17 7.37845913e-37
1.76704353e+17 3.19461008e-36
1.67967487e+17 1.11019400e-35
1.59662602e+17 4.21489480e-35
1.51768339e+17 1.28562130e-34
1.44264395e+17 4.28396805e-34
1.37131472e+17 1.48876874e-33
1.30351224e+17 3.50778091e-33
1.23906216e+17 1.02791815e-32
1.17779870e+17 2.75518790e-32
1.11956432e+17 6.38143393e-32
1.06420924e+17 1.49804748e-31
1.01159111e+17 3.11067325e-31
9.61574600e+16 6.32363434e-31
9.14031075e+16 1.31028231e-30
8.68838264e+16 2.76713220e-30
8.25879939e+16 5.04826304e-30
7.85045620e+16 9.44963886e-30
7.46230289e+16 1.44230477e-29
7.09334120e+16 3.04594508e-29
6.74262224e+16 4.65824294e-29
6.40924402e+16 7.66215756e-29
6.09234915e+16 1.25200939e-28
5.79112265e+16 1.99803036e-28
5.50478981e+16 2.53110514e-28
5.23261424e+16 4.04501314e-28
4.97389596e+16 5.81439522e-28
4.72796959e+16 9.13432851e-28
4.49420266e+16 1.31002373e-27
4.27199397e+16 1.61961366e-27
4.06077203e+16 2.03829330e-27
3.85999362e+16 3.33485885e-27
3.66914238e+16 4.12658599e-27
3.48772747e+16 4.97251585e-27
3.31528234e+16 6.59667060e-27
3.15136348e+16 7.97599927e-27
2.99554933e+16 1.05597234e-26
2.84743917e+16 1.27088888e-26
2.70665207e+16 1.57196116e-26
2.57282597e+16 1.97921244e-26
2.44561668e+16 1.93134356e-26
2.32469706e+16 2.44822233e-26
2.20975611e+16 3.08670615e-26
2.10049824e+16 3.01711730e-26
1.99664245e+16 3.73744153e-26
1.89792164e+16 4.51487620e-26
1.80408193e+16 5.27295359e-26
1.71488197e+16 5.89541626e-26
1.63009236e+16 6.25357645e-26
1.54949504e+16 7.02516933e-26
1.47288272e+16 7.87200478e-26
1.40005838e+16 9.27847066e-26
1.33083472e+16 9.19090246e-26
1.26503372e+16 1.10994625e-25
1.20248614e+16 1.10293465e-25
1.14303113e+16 1.12059841e-25
1.08651577e+16 1.38204240e-25
1.03279473e+16 1.39921783e-25
9.81729841e+15 1.40611418e-25
9.33189772e+15 1.75720687e-25
8.87049689e+15 1.79629657e-25
8.43190929e+15 1.86017105e-25
8.01500696e+15 2.36516907e-25
7.61871770e+15 2.31697735e-25
7.24202233e+15 2.43497805e-25
6.88395207e+15 2.57971978e-25
6.54358602e+15 2.54543152e-25
6.22004883e+15 3.17584284e-25
5.91250841e+15 3.32531464e-25
5.62017385e+15 3.45294395e-25
5.34229330e+15 3.62036191e-25
5.07815211e+15 3.75389086e-25
4.82707097e+15 3.97827692e-25
4.58840413e+15 5.74338086e-25
4.36153779e+15 5.60064382e-25
4.14588850e+15 5.46043169e-25
3.94090164e+15 5.19833713e-25
3.74605003e+15 5.88727200e-25
3.56083255e+15 5.29992927e-25
3.38477286e+15 6.11062670e-25
3.21741815e+15 7.52215106e-25
3.05833803e+15 7.45548182e-25
2.90712338e+15 7.68107329e-25
2.76338529e+15 7.98936466e-25
2.62675410e+15 8.93822006e-25
2.49687843e+15 9.36118852e-25
2.37342425e+15 9.38556492e-25
2.25607407e+15 1.20469032e-24
2.14452608e+15 1.17595392e-24
2.03849340e+15 1.17818339e-24
1.93770334e+15 1.24908506e-24
1.84189668e+15 1.26586591e-24
1.75082703e+15 1.33011571e-24
1.66426018e+15 1.34265485e-24
1.58197348e+15 1.58402743e-24
1.50375532e+15 1.61556789e-24
1.42940453e+15 1.63512528e-24
1.35872990e+15 1.57747634e-24
1.29154967e+15 1.54780525e-24
1.22769105e+15 1.92978826e-24
1.16698982e+15 1.92503369e-24
1.10928986e+15 2.01726532e-24
1.05444279e+15 2.08688631e-24
1.00230755e+15 2.40221341e-24
9.52750047e+14 2.51614646e-24
9.05642838e+14 2.71006053e-24
8.60864770e+14 2.86984299e-24
8.18300682e+14 3.11247892e-24
7.77841107e+14 3.05844771e-24
7.39381992e+14 3.15502809e-24
7.02824426e+14 3.35760766e-24
6.68074392e+14 3.62038940e-24
6.35042517e+14 3.86397266e-24
6.03643851e+14 3.66506445e-24
5.73797641e+14 4.18697231e-24
5.45427131e+14 4.37265487e-24
5.18459354e+14 4.56024145e-24
4.92824957e+14 4.77546931e-24
4.68458012e+14 5.12927633e-24
4.45295851e+14 5.35318696e-24
4.23278907e+14 5.63136315e-24
4.02350555e+14 5.69467320e-24
3.82456972e+14 6.28469649e-24
3.63546996e+14 6.66694928e-24
3.45571994e+14 7.10358291e-24
3.28485737e+14 7.18486631e-24
3.12244282e+14 7.69587626e-24
2.96805861e+14 8.14100789e-24
2.82130768e+14 8.58719036e-24
2.68181261e+14 8.86764801e-24
2.54921465e+14 9.28415140e-24
2.42317279e+14 1.01102216e-23
2.30336287e+14 1.02204238e-23
2.18947676e+14 1.08593672e-23
2.08122157e+14 1.16589144e-23
1.97831888e+14 1.21549479e-23
1.88050406e+14 1.24335073e-23
1.78752553e+14 1.33021586e-23
1.69914417e+14 1.37944229e-23
1.61513269e+14 1.46969962e-23
1.53527503e+14 1.56322644e-23
1.45936580e+14 1.67401477e-23
1.38720978e+14 1.73345163e-23
1.31862140e+14 1.83331352e-23
1.25342427e+14 1.90187127e-23
1.19145070e+14 2.03356208e-23
1.13254132e+14 2.12645043e-23
1.07654461e+14 2.23248429e-23
1.02331658e+14 2.33787959e-23
9.72720319e+13 2.50189283e-23
9.24625712e+13 2.63028933e-23
8.78909065e+13 2.71306394e-23
8.35452806e+13 2.86232370e-23
7.94145172e+13 3.02345735e-23
7.54879928e+13 3.19868854e-23
7.17556092e+13 3.36806547e-23
6.82077673e+13 3.52390879e-23
6.48353429e+13 3.73899357e-23
6.16296626e+13 3.90375508e-23
5.85824820e+13 4.09285637e-23
5.56859644e+13 4.32889485e-23
5.29326606e+13 4.53919993e-23
5.03154895e+13 4.78028120e-23
4.78277202e+13 5.04871985e-23
4.54629547e+13 5.26113642e-23
4.32151113e+13 5.57342847e-23
4.10784089e+13 5.85993382e-23
3.90473524e+13 6.14376794e-23
3.71167182e+13 6.49884571e-23
3.52815412e+13 6.79233486e-23
3.35371015e+13 7.14596588e-23
3.18789129e+13 7.54511514e-23
3.03027108e+13 7.91722822e-23
2.88044415e+13 8.33297639e-23
2.73802518e+13 8.79050656e-23
2.60264788e+13 9.22061186e-23
2.47396410e+13 9.72295646e-23
2.35164288e+13 1.02287911e-22
2.23536965e+13 1.07784551e-22
2.12484535e+13 1.13161066e-22
2.01978576e+13 1.19234365e-22
1.91992067e+13 1.25319647e-22
1.82499324e+13 1.31643649e-22
1.73475936e+13 1.38641527e-22
1.64898694e+13 1.45486698e-22
1.56745541e+13 1.53478248e-22
1.48995507e+13 1.61526865e-22
1.41628662e+13 1.69845434e-22
1.34626058e+13 1.78469210e-22
1.27969687e+13 1.88059139e-22
1.21642429e+13 1.97550827e-22
1.15628013e+13 2.07861529e-22
1.09910970e+13 2.18800982e-22
1.04476597e+13 2.30483935e-22
9.93109181e+12 2.42282866e-22
9.44006479e+12 2.54656373e-22
8.97331581e+12 2.68066562e-22
8.52964450e+12 2.81675046e-22
8.10790981e+12 2.96508979e-22
7.70702711e+12 3.12188148e-22
7.32596543e+12 3.28511631e-22
6.96374473e+12 3.45433840e-22
6.61943346e+12 3.63525605e-22
6.29214611e+12 3.82313118e-22
5.98104096e+12 4.02351448e-22
5.68531791e+12 4.23014470e-22
5.40421642e+12 4.44880221e-22
5.13701354e+12 4.68055938e-22
4.88302209e+12 4.92454360e-22
4.64158883e+12 5.18033468e-22
4.41209286e+12 5.45299062e-22
4.19394396e+12 5.73736538e-22
3.98658107e+12 6.03317479e-22
3.78947092e+12 6.34984434e-22
3.60210656e+12 6.67993232e-22
3.42400614e+12 7.02552991e-22
3.25471161e+12 7.39076975e-22
3.09378757e+12 7.77659524e-22
2.94082017e+12 8.18271701e-22
2.79541600e+12 8.60532343e-22
2.65720111e+12 9.04984991e-22
2.52582003e+12 9.52559083e-22
2.40093488e+12 1.00175597e-21
2.28222447e+12 1.05417663e-21
2.16938352e+12 1.10847310e-21
2.06212180e+12 1.16616168e-21
1.96016347e+12 1.22700105e-21
1.86324631e+12 1.29062691e-21
1.77112106e+12 1.35790452e-21
1.68355080e+12 1.42859268e-21
1.60031031e+12 1.50292180e-21
1.52118552e+12 1.58128928e-21
1.44597292e+12 1.66370840e-21
1.37447909e+12 1.75005993e-21
1.30652016e+12 1.84094402e-21
1.24192135e+12 1.93662112e-21
1.18051653e+12 2.03762439e-21
1.12214777e+12 2.14386014e-21
1.06666496e+12 2.25493354e-21
1.01392541e+12 2.37250215e-21
9.63793480e+11 2.49584548e-21
9.16140246e+11 2.62587562e-21
8.70843150e+11 2.76216207e-21
8.27785697e+11 2.90584829e-21
7.86857151e+11 3.05706207e-21
7.47952252e+11 3.21628831e-21
7.10970943e+11 3.38321816e-21
6.75818117e+11 3.55915664e-21
6.42403366e+11 3.74423285e-21
6.10640754e+11 3.93914769e-21
5.80448594e+11 4.14396887e-21
5.51749238e+11 4.35964913e-21
5.24468875e+11 4.58635856e-21
4.98537346e+11 4.82506698e-21
4.73887961e+11 5.07615188e-21
4.50457325e+11 5.33956799e-21
4.28185180e+11 5.61748785e-21
4.07014245e+11 5.90957939e-21
3.86890074e+11 6.21751483e-21
3.67760910e+11 6.54087729e-21
3.49577557e+11 6.88123976e-21
3.32293252e+11 7.23870392e-21
3.15863541e+11 7.61498437e-21
3.00246171e+11 8.01148392e-21
2.85400977e+11 8.42793225e-21
2.71289780e+11 8.86680818e-21
2.57876289e+11 9.32768668e-21
2.45126006e+11 9.81277040e-21
2.33006141e+11 1.03235079e-20
2.21485523e+11 1.08602925e-20
2.10534524e+11 1.14253185e-20
2.00124980e+11 1.20195344e-20
1.90230119e+11 1.26449789e-20
1.80824493e+11 1.33022313e-20
1.71883914e+11 1.39941818e-20
1.63385388e+11 1.47219734e-20
1.55307057e+11 1.54880799e-20
1.47628147e+11 1.62935548e-20
1.40328908e+11 1.71412719e-20
1.33390569e+11 1.80328840e-20
1.26795285e+11 1.89708171e-20
1.20526094e+11 1.99576621e-20
1.14566873e+11 2.09954604e-20
1.08902296e+11 2.20878260e-20
1.03517796e+11 2.32364710e-20
9.83995230e+10 2.44450585e-20
9.35343152e+10 2.57165377e-20
8.89096599e+10 2.70547113e-20
8.45136633e+10 2.84615494e-20
8.03350198e+10 2.99420671e-20
7.63629826e+10 3.14994921e-20
7.25873365e+10 3.31379150e-20
6.89983712e+10 3.48615263e-20
6.55868566e+10 3.66750944e-20
6.23440189e+10 3.85828596e-20
5.92615181e+10 4.05893198e-20
5.63314267e+10 4.27010440e-20
5.35462090e+10 4.49222466e-20
5.08987019e+10 4.72585705e-20
4.83820966e+10 4.97169312e-20
4.59899209e+10 5.23027173e-20
4.37160225e+10 5.50235427e-20
4.15545533e+10 5.78853848e-20
3.94999546e+10 6.08965630e-20
3.75469422e+10 6.40637845e-20
3.56904935e+10 6.73962210e-20
3.39258338e+10 7.09015315e-20
3.22484250e+10 7.45898654e-20
3.06539530e+10 7.84698261e-20
2.91383170e+10 8.25510972e-20
2.76976194e+10 8.68451184e-20
2.63281547e+10 9.13623655e-20
2.50264010e+10 9.61149293e-20
2.37890104e+10 1.01114046e-19
2.26128007e+10 1.06373385e-19
2.14947467e+10 1.11906648e-19
2.04319732e+10 1.17727143e-19
1.94217468e+10 1.23851050e-19
1.84614695e+10 1.30293007e-19
1.75486715e+10 1.37070403e-19
1.66810054e+10 1.44200359e-19
1.58562396e+10 1.51700981e-19
1.50722531e+10 1.59591312e-19
1.43270295e+10 1.67892539e-19
1.36186524e+10 1.76625617e-19
1.29452998e+10 1.85812928e-19
1.23052400e+10 1.95477693e-19
1.16968270e+10 2.05646042e-19
1.11184960e+10 2.16342690e-19
1.05687597e+10 2.27595579e-19
1.00462042e+10 2.39434169e-19
9.54948564e+09 2.51887771e-19
9.07732653e+09 2.64990596e-19
8.62851257e+09 2.78774686e-19
8.20188950e+09 2.93273967e-19
7.79636013e+09 3.08529126e-19
7.41088152e+09 3.24577150e-19
7.04446228e+09 3.41460498e-19
6.69616005e+09 3.59221855e-19
6.36507908e+09 3.77906595e-19
6.05036788e+09 3.97562951e-19
5.75121707e+09 4.18243001e-19
5.46685730e+09 4.39997900e-19
5.19655724e+09 4.62884102e-19
4.93962174e+09 4.86961240e-19
4.69539001e+09 5.12290691e-19
4.46323393e+09 5.38936890e-19
4.24255643e+09 5.66970997e-19
4.03278998e+09 5.96461193e-19
3.83339510e+09 6.27486936e-19
3.64385898e+09 6.60125107e-19
3.46369418e+09 6.94462348e-19
3.29243733e+09 7.30585031e-19
3.12964801e+09 7.68586491e-19
2.97490755e+09 8.08563862e-19
2.82781798e+09 8.50622273e-19
2.68800102e+09 8.94867683e-19
2.55509709e+09 9.41413754e-19
2.42876438e+09 9.90381419e-19
2.30867799e+09 1.04189703e-18
2.19452909e+09 1.09609076e-18
2.08602409e+09 1.15310458e-18
1.98288395e+09 1.21308384e-18
1.88484341e+09 1.27618214e-18
1.79165033e+09 1.34256312e-18
1.70306503e+09 1.41239720e-18
1.61885969e+09 1.48586344e-18
1.53881775e+09 1.56315128e-18
1.46273336e+09 1.64445832e-18
1.39041083e+09 1.72999512e-18
1.32166418e+09 1.81998156e-18
1.25631660e+09 1.91464810e-18
1.19420003e+09 2.01423907e-18
1.13515471e+09 2.11901048e-18
1.07902879e+09 2.22923085e-18
1.02567793e+09 2.34518498e-18
9.74964918e+08 2.46717020e-18
9.26759330e+08 2.59550042e-18
8.80937190e+08 2.73050581e-18
8.37380654e+08 2.87253349e-18
7.95977700e+08 3.02194923e-18
7.56621850e+08 3.17913631e-18
7.19211887e+08 3.34450056e-18
6.83651600e+08 3.51846511e-18
6.49849535e+08 3.70147877e-18
6.17718760e+08 3.89401181e-18
5.87176639e+08 4.09655954e-18
5.58144625e+08 4.30964380e-18
5.30548053e+08 4.53381032e-18
5.04315949e+08 4.76963744e-18
4.79380850e+08 5.01773100e-18
4.55678627e+08 5.27872941e-18
4.33148322e+08 5.55330401e-18
4.11731993e+08 5.84215981e-18
3.91374560e+08 6.14604134e-18
3.72023668e+08 6.46572919e-18
3.53629550e+08 6.80204527e-18
3.36144900e+08 7.15585558e-18
3.19524751e+08 7.52806870e-18
3.03726358e+08 7.91964248e-18
2.88709092e+08 8.33158490e-18
2.74434330e+08 8.76495439e-18
2.60865362e+08 9.22086476e-18
2.47967289e+08 9.70049010e-18
2.35706941e+08 1.02050631e-17
2.24052787e+08 1.07358819e-17
2.12974854e+08 1.12943110e-17
2.02444651e+08 1.18817875e-17
1.92435098e+08 1.24998209e-17
1.82920450e+08 1.31500018e-17
1.73876240e+08 1.38340022e-17
1.65279206e+08 1.45535804e-17
1.57107239e+08 1.53105885e-17
1.49339322e+08 1.61069720e-17
1.41955477e+08 1.69447800e-17
1.34936714e+08 1.78261658e-17
1.28264983e+08 1.87533979e-17
1.21923125e+08 1.97288598e-17
1.15894830e+08 2.07550613e-17
1.10164595e+08 2.18346405e-17
1.04717682e+08 2.29703738e-17
9.95400829e+07 2.41651824e-17
9.46184819e+07 2.54221399e-17
8.99402217e+07 2.67444783e-17
8.54932707e+07 2.81355979e-17
8.12661920e+07 2.95990768e-17
7.72481145e+07 3.11386796e-17
7.34287045e+07 3.27583645e-17
6.97981391e+07 3.44622985e-17
6.63470812e+07 3.62548622e-17
6.30666554e+07 3.81406668e-17
5.99484250e+07 4.01245617e-17
5.69843706e+07 4.22116496e-17
5.41668691e+07 4.44072975e-17
5.14886745e+07 4.67171533e-17
4.89428990e+07 4.91471561e-17
4.65229952e+07 5.17035563e-17
4.42227398e+07 5.43929280e-17
4.20362168e+07 5.72221876e-17
3.99578030e+07 6.01986127e-17
3.79821531e+07 6.33298563e-17
3.61041860e+07 6.66239726e-17
3.43190720e+07 7.00894337e-17
3.26222201e+07 7.37351506e-17
3.10092664e+07 7.75705004e-17
2.94760626e+07 8.16053473e-17
2.80186656e+07 8.58500664e-17
2.66333273e+07 9.03155770e-17
2.53164848e+07 9.50133611e-17
2.40647515e+07 9.99555019e-17
2.28749082e+07 1.05154710e-16
2.17438948e+07 1.10624355e-16
2.06688025e+07 1.16378504e-16
1.96468665e+07 1.22431958e-16
1.86754584e+07 1.28800283e-16
1.77520801e+07 1.35499858e-16
1.68743568e+07 1.42547913e-16
1.60400311e+07 1.49962574e-16
1.52469573e+07 1.57762910e-16
1.44930957e+07 1.65968983e-16
1.37765077e+07 1.74601896e-16
1.30953502e+07 1.83683852e-16
1.24478715e+07 1.93238208e-16
1.18324063e+07 2.03289535e-16
1.12473718e+07 2.13863685e-16
1.06912634e+07 2.24987852e-16
1.01626509e+07 2.36690644e-16
9.66017480e+06 2.49002160e-16
9.18254284e+06 2.61954063e-16
8.72852662e+06 2.75579661e-16
8.29695852e+06 2.89913998e-16
7.88672862e+06 3.04993939e-16
7.49678187e+06 3.20858265e-16
7.12611543e+06 3.37547780e-16
6.77377600e+06 3.55105403e-16
6.43885743e+06 3.73576288e-16
6.12049837e+06 3.93007942e-16
5.81788007e+06 4.13450338e-16
5.53022426e+06 4.34956049e-16
5.25679112e+06 4.57580384e-16
4.99687745e+06 4.81381529e-16
4.74981480e+06 5.06420697e-16
4.51496777e+06 5.32762283e-16
4.29173238e+06 5.60474033e-16
4.07953450e+06 5.89627215e-16
3.87782841e+06 6.20296807e-16
3.68609536e+06 6.52561684e-16
3.50384225e+06 6.86504827e-16
3.33060034e+06 7.22213530e-16
3.16592411e+06 7.59779630e-16
3.00939003e+06 7.99299739e-16
2.86059554e+06 8.40875497e-16
2.71915794e+06 8.84613827e-16
2.58471351e+06 9.30627217e-16
2.45691646e+06 9.79034003e-16
2.33543814e+06 1.02995868e-15
2.21996612e+06 1.08353222e-15
2.11020343e+06 1.13989240e-15
2.00586778e+06 1.19918416e-15
1.90669084e+06 1.26156000e-15
1.81241755e+06 1.32718034e-15
1.72280545e+06 1.39621393e-15
1.63762407e+06 1.46883833e-15
1.55665436e+06 1.54524030e-15
1.47968806e+06 1.62561633e-15
1.40652724e+06 1.71017315e-15
1.33698374e+06 1.79912821e-15
1.27087871e+06 1.89271030e-15
1.20804213e+06 1.99116007e-15
1.14831241e+06 2.09473074e-15
1.09153594e+06 2.20368867e-15
1.03756668e+06 2.31831407e-15
9.86265846e+05 2.43890174e-15
9.37501502e+05 2.56576181e-15
8.91148232e+05 2.69922055e-15
8.47086827e+05 2.83962118e-15
8.05203967e+05 2.98732478e-15
7.65391939e+05 3.14271123e-15
7.27548353e+05 3.30618015e-15
6.91575883e+05 3.47815196e-15
6.57382014e+05 3.65906892e-15
6.24878807e+05 3.84939634e-15
5.93982669e+05 4.04962370e-15
5.64614142e+05 4.26026594e-15
5.36697695e+05 4.48186481e-15
5.10161531e+05 4.71499021e-15
4.84937407e+05 4.96024171e-15
4.60960449e+05 5.21825004e-15
4.38168993e+05 5.48967876e-15
4.16504425e+05 5.77522594e-15
3.95911027e+05 6.07562595e-15
3.76335836e+05 6.39165137e-15
3.57728510e+05 6.72411498e-15
3.40041193e+05 7.07387179e-15
3.23228398e+05 7.44182134e-15
3.07246884e+05 7.82890993e-15
2.92055551e+05 8.23613308e-15
2.77615329e+05 8.66453810e-15
2.63889081e+05 9.11522679e-15
2.50841506e+05 9.58935824e-15
2.38439047e+05 1.00881518e-14
2.26649808e+05 1.06128904e-14
2.15443469e+05 1.11649235e-14
2.04791210e+05 1.17456708e-14
1.94665634e+05 1.23566260e-14
1.85040702e+05 1.29993604e-14
1.75891659e+05 1.36755268e-14
1.67194976e+05 1.43868645e-14
1.58928287e+05 1.51352027e-14
1.51070330e+05 1.59224662e-14
1.43600898e+05 1.67506796e-14
1.36500781e+05 1.76219730e-14
1.29751717e+05 1.85385873e-14
1.23336350e+05 1.95028799e-14
1.17238180e+05 2.05173307e-14
1.11441525e+05 2.15845489e-14
1.05931476e+05 2.27072792e-14
1.00693863e+05 2.38884092e-14
9.57152154e+04 2.51309765e-14
9.09827289e+04 2.64381769e-14
8.64842328e+04 2.78133723e-14
8.22081576e+04 2.92600997e-14
7.81435061e+04 3.07820799e-14
7.42798248e+04 3.23832273e-14
7.06071771e+04 3.40676598e-14
6.71161177e+04 3.58397097e-14
6.37976681e+04 3.77039346e-14
6.06432940e+04 3.96651291e-14
5.76448828e+04 4.17283373e-14
5.47947234e+04 4.38988657e-14
5.20854855e+04 4.61822966e-14
4.95102016e+04 4.85845031e-14
4.70622485e+04 5.11116634e-14
4.47353305e+04 5.37702774e-14
4.25234633e+04 5.65671829e-14
4.04209584e+04 5.95095736e-14
3.84224085e+04 6.26050173e-14
3.65226736e+04 6.58614755e-14
3.47168682e+04 6.92873237e-14
3.30003479e+04 7.28913735e-14
3.13686982e+04 7.66828946e-14
2.98177229e+04 8.06716389e-14
2.83434331e+04 8.48678657e-14
2.69420371e+04 8.92823681e-14
2.56099310e+04 9.39265005e-14
2.43436887e+04 9.88122082e-14
2.31400538e+04 1.03952058e-13
2.19959307e+04 1.09359269e-13
2.09083769e+04 1.15047752e-13
1.98745955e+04 1.21032136e-13
1.88919278e+04 1.27327815e-13
1.79578465e+04 1.33950984e-13
1.70699493e+04 1.40918677e-13
1.62259529e+04 1.48248819e-13
1.54236865e+04 1.55960263e-13
1.46610868e+04 1.64072847e-13
1.39361927e+04 1.72607438e-13
1.32471399e+04 1.81585990e-13
1.25921561e+04 1.91031600e-13
1.19695570e+04 2.00968565e-13
1.13777413e+04 2.11422448e-13
1.08151870e+04 2.22420142e-13
1.02804473e+04 2.33989937e-13
9.77214697e+03 2.46161597e-13
9.28897872e+03 2.58966435e-13
8.82969996e+03 2.72437394e-13
8.39312950e+03 2.86609129e-13
7.97814457e+03 3.01518100e-13
7.58367791e+03 3.17202664e-13
7.20871503e+03 3.33703175e-13
6.85229160e+03 3.51062086e-13
6.51349095e+03 3.69324060e-13
6.19144176e+03 3.88536084e-13
5.88531578e+03 4.08747592e-13
5.59432571e+03 4.30010590e-13
5.31772318e+03 4.52379791e-13
5.05479682e+03 4.75912755e-13
4.80487044e+03 5.00670041e-13
4.56730127e+03 5.26715358e-13
4.34147833e+03 5.54115734e-13
4.12682085e+03 5.82941684e-13
3.92277676e+03 6.13267396e-13
3.72882131e+03 6.45170922e-13
3.54445567e+03 6.78734374e-13
3.36920571e+03 7.14044145e-13
3.20262069e+03 7.51191123e-13
3.04427221e+03 7.90270931e-13
2.89375302e+03 8.31384173e-13
2.75067601e+03 8.74636692e-13
2.61467321e+03 9.20139845e-13
2.48539486e+03 9.68010789e-13
2.36250847e+03 1.01837279e-12
2.24569800e+03 1.07135552e-12
2.13466303e+03 1.12709543e-12
2.02911802e+03 1.18573607e-12
1.92879151e+03 1.24742847e-12
1.83342548e+03 1.31233154e-12
1.74277468e+03 1.38061246e-12
1.65660596e+03 1.45244715e-12
1.57469771e+03 1.52802067e-12
1.49683929e+03 1.60752775e-12
1.42283046e+03 1.69117328e-12
1.35248087e+03 1.77917284e-12
1.28560961e+03 1.87175323e-12
1.22204469e+03 1.96915310e-12
1.16162263e+03 2.07162358e-12
1.10418805e+03 2.17942886e-12
1.04959323e+03 2.29284695e-12
9.97697764e+02 2.41217039e-12
9.48368187e+02 2.53770697e-12
9.01477631e+02 2.66978056e-12
8.56905505e+02 2.80873198e-12
8.14537177e+02 2.95491984e-12
7.74263683e+02 3.10872149e-12
7.35981448e+02 3.27053404e-12
6.99592017e+02 3.44077534e-12
6.65001803e+02 3.61988513e-12
6.32121848e+02 3.80832615e-12
6.00867589e+02 4.00658538e-12
5.71158648e+02 4.21517528e-12
5.42918618e+02 4.43463518e-12
5.16074871e+02 4.66553269e-12
4.90558371e+02 4.90846518e-12
4.66303493e+02 5.16406133e-12
4.43247859e+02 5.43298285e-12
4.21332174e+02 5.71592621e-12
4.00500076e+02 6.01362443e-12
3.80697987e+02 6.32684911e-12
3.61874981e+02 6.65641242e-12
3.43982649e+02 7.00316928e-12
3.26974974e+02 7.36801966e-12
3.10808217e+02 7.75191095e-12
2.95440800e+02 8.15584053e-12
2.80833200e+02 8.58085842e-12
2.66947849e+02 9.02807015e-12
2.53749038e+02 9.49863970e-12
2.41202821e+02 9.99379269e-12
2.29276931e+02 1.05148197e-11
2.17940698e+02 1.10630797e-11
2.07164968e+02 1.16400040e-11
1.96922026e+02 1.22470998e-11
1.87185529e+02 1.28859548e-11
1.77930439e+02 1.35582413e-11
1.69132952e+02 1.42657208e-11
1.60770442e+02 1.50102492e-11
1.52821404e+02 1.57937817e-11
1.45265393e+02 1.66183785e-11
1.38082977e+02 1.74862106e-11
1.31255684e+02 1.83995661e-11
1.24765955e+02 1.93608566e-11
1.18597101e+02 2.03726242e-11
1.12733256e+02 2.14375492e-11
1.07159340e+02 2.25584576e-11
1.01861017e+02 2.37383295e-11
9.68246612e+01 2.49803085e-11
9.20373200e+01 2.62877104e-11
8.74866812e+01 2.76640341e-11
8.31610415e+01 2.91129718e-11
7.90492762e+01 3.06384209e-11
7.51408106e+01 3.22444958e-11
7.14255929e+01 3.39355417e-11
6.78940681e+01 3.57161481e-11
6.45371540e+01 3.75911641e-11
6.13462172e+01 3.95657146e-11
5.83130511e+01 4.16452177e-11
5.54298552e+01 4.38354030e-11
5.26892142e+01 4.61423322e-11
5.00840799e+01 4.85724202e-11
4.76077523e+01 5.11324591e-11
4.52538628e+01 5.38296429e-11
4.30163576e+01 5.66715949e-11
4.08894823e+01 5.96663976e-11
3.88677669e+01 6.28226247e-11
3.69460121e+01 6.61493758e-11
3.51192753e+01 6.96563148e-11
3.33828586e+01 7.33537110e-11
3.17322963e+01 7.72524849e-11
3.01633435e+01 8.13642574e-11
2.86719650e+01 8.55430957e-11
2.72543253e+01 9.00932891e-11
2.59067786e+01 9.48920271e-11
2.46258592e+01 9.99536809e-11
2.34082728e+01 1.05293550e-10
2.22508880e+01 1.10927937e-10
2.11507282e+01 1.16874219e-10
2.01049642e+01 1.23150944e-10
1.91109062e+01 1.29777917e-10
1.81659979e+01 1.36776308e-10
1.72678090e+01 1.44168768e-10
1.64140297e+01 1.51979550e-10
1.56024641e+01 1.60234656e-10
1.48310251e+01 1.68965102e-10
1.40977287e+01 1.78186501e-10
1.34006890e+01 1.87941412e-10
1.27381132e+01 1.98266977e-10
1.21082975e+01 2.09203052e-10
1.15096220e+01 2.20783048e-10
1.09405471e+01 2.33054225e-10
1.03996091e+01 2.46062867e-10
9.88541702e+00 2.59859161e-10
9.39664831e+00 2.74498740e-10
8.93204600e+00 2.90041416e-10
8.49041520e+00 3.06552532e-10
8.07062014e+00 3.24103080e-10
7.67158118e+00 3.42770469e-10
7.29227206e+00 3.62639212e-10
6.93171728e+00 3.83801609e-10
6.58898955e+00 4.06358654e-10
6.26320745e+00 4.30420950e-10
5.95353313e+00 4.56109778e-10
5.65917016e+00 4.83558264e-10
5.37936150e+00 5.12912698e-10
5.11338754e+00 5.44333993e-10
4.86056423e+00 5.77999320e-10
4.62024137e+00 6.14103924e-10
4.39180089e+00 6.52863148e-10
4.17465529e+00 6.94514695e-10
3.96824610e+00 7.39321132e-10
3.77204249e+00 7.87572686e-10
3.58553986e+00 8.39590349e-10
3.40825855e+00 8.95729332e-10
3.23974263e+00 9.56382898e-10
3.07955871e+00 1.02198662e-09
2.92729484e+00 1.09302309e-09
2.78255940e+00 1.17002719e-09
2.64498018e+00 1.25359188e-09
2.51420335e+00 1.34437462e-09
2.38989257e+00 1.44310452e-09
2.27172813e+00 1.55059024e-09
2.15940615e+00 1.66640431e-09
2.05263775e+00 1.79396225e-09
1.95114835e+00 1.93325427e-09
1.85467692e+00 2.08550523e-09
1.76297538e+00 2.25440860e-09
1.67580786e+00 2.43706420e-09
1.59295021e+00 2.63725487e-09
1.51418933e+00 2.85680387e-09
1.43932264e+00 3.09776320e-09
1.36815763e+00 3.36240750e-09
1.30051125e+00 3.65325787e-09
1.23620954e+00 3.97310816e-09
1.17508713e+00 4.32505405e-09
1.11698682e+00 4.71252521e-09
1.06175918e+00 5.13932076e-09
1.00926219e+00 5.60964857e-09
9.59360829e-01 6.12816856e-09
9.11926760e-01 6.70004064e-09
8.66837993e-01 7.33100986e-09
8.23978568e-01 8.02734208e-09
7.83238260e-01 8.79606599e-09
7.44512291e-01 9.64493006e-09
7.07701066e-01 1.05825093e-08
6.72709914e-01 1.16182928e-08
6.39448843e-01 1.27627796e-08
6.07832313e-01 1.40275857e-08
5.77779012e-01 1.54255611e-08
5.49211648e-01 1.69709201e-08
5.22056753e-01 1.86793843e-08
4.96244488e-01 2.05683409e-08
4.71708469e-01 2.26570171e-08
4.48385595e-01 2.49666723e-08
4.26215883e-01 2.75208109e-08
4.05142317e-01 3.03454156e-08
3.85110700e-01 3.34692050e-08
3.66069515e-01 3.69239175e-08
3.47969790e-01 4.07446228e-08
3.30764978e-01 4.49700655e-08
3.14410830e-01 4.96430419e-08
2.98865287e-01 5.48108136e-08
2.84088369e-01 6.05255623e-08
2.70042072e-01 6.68448865e-08
2.56690272e-01 7.38323469e-08
2.43998630e-01 8.15580616e-08
2.31934506e-01 9.00993563e-08
2.20466874e-01 9.95414733e-08
2.09566240e-01 1.09978342e-07
1.99204571e-01 1.21513419e-07
1.89355218e-01 1.34260591e-07
1.79992851e-01 1.48345163e-07
1.71093391e-01 1.63904909e-07
1.62633950e-01 1.81091214e-07
1.54592774e-01 2.00070290e-07
1.46949180e-01 2.21024471e-07
1.39683512e-01 2.44153592e-07
1.32777083e-01 2.69676443e-07
1.26212131e-01 2.97832288e-07
1.19971774e-01 3.28882452e-07
1.14039960e-01 3.63111955e-07
1.08401436e-01 4.00831175e-07
1.03041699e-01 4.42377524e-07
9.79469667e-02 4.88117104e-07
9.31041349e-02 5.38446304e-07
8.85007491e-02 5.93793306e-07
8.41249705e-02 6.54619431e-07
7.99655453e-02 7.21420268e-07
7.60117762e-02 7.94726517e-07
7.22534949e-02 8.75104443e-07
6.86810359e-02 9.63155852e-07
6.52852114e-02 1.05951747e-06
6.20572881e-02 1.16485963e-06
5.89889643e-02 1.27988401e-06
5.60723488e-02 1.40532050e-06
5.32999408e-02 1.54192280e-06
5.06646101e-02 1.69046276e-06
4.81595791e-02 1.85172319e-06
4.57784054e-02 2.02648915e-06
4.35149650e-02 2.21553737e-06
4.13634368e-02 2.41962385e-06
3.93182876e-02 2.63946945e-06
3.73742574e-02 2.87574330e-06
3.55263468e-02 3.12904394e-06
3.37698031e-02 3.39987790e-06
3.21001090e-02 3.68863533e-06
3.05129702e-02 3.99556221e-06
2.90043049e-02 4.32072821e-06
2.75702333e-02 4.66398930e-06
2.62070670e-02 5.02494396e-06
2.49113003e-02 5.40288163e-06
2.36796007e-02 5.79672290e-06
2.25088005e-02 6.20495111e-06
2.13958887e-02 6.62553698e-06
2.03380031e-02 7.05585941e-06
1.93324229e-02 7.49262846e-06
1.83765620e-02 7.93181933e-06
1.74679622e-02 8.36862756e-06
1.66042866e-02 8.79746680e-06
1.57833141e-02 9.21200509e-06
1.50029332e-02 9.60527676e-06
1.42611371e-02 9.96986038e-06
1.35560179e-02 1.02981313e-05
1.28857621e-02 1.05825784e-05
1.22486461e-02 1.08161667e-05
1.16430313e-02 1.09927147e-05
1.10673602e-02 1.11072522e-05
1.05201522e-02 1.11563208e-05
1.00000000e-02 1.11381834e-05
