1.00000000e+20 0.00000000e+00
9.03466021e+19 0.00000000e+00
8.16250851e+19 0.00000000e+00
7.37454909e+19 0.00000000e+00
6.66265452e+19 0.00000000e+00
6.01948197e+19 0.00000000e+00
5.43839743e+19 0.00000000e+00
4.91340729e+19 0.00000000e+00
4.43909653e+19 0.00000000e+00
4.01057288e+19 0.00000000e+00
3.62341632e+19 0.00000000e+00
3.27363353e+19 0.00000000e+00
2.95761666e+19 0.00000000e+00
2.67210616e+19 0.00000000e+00
2.41415712e+19 0.00000000e+00
2.18110892e+19 0.00000000e+00
1.97055780e+19 0.00000000e+00
1.78033202e+19 0.00000000e+00
1.60846948e+19 0.00000000e+00
1.45319752e+19 0.00000000e+00
1.31291459e+19 0.00000000e+00
1.18617372e+19 0.00000000e+00
1.07166765e+19 0.00000000e+00
9.68215306e+18 0.00000000e+00
8.74749630e+18 0.00000000e+00
7.90306568e+18 0.00000000e+00
7.14015130e+18 0.00000000e+00
6.45088409e+18 0.00000000e+00
5.82815458e+18 0.00000000e+00
5.26553963e+18 0.00000000e+00
4.75723614e+18 0.00000000e+00
4.29800121e+18 0.00000000e+00
3.88309805e+18 0.00000000e+00
3.50824714e+18 0.00000000e+00
3.16958209e+18 0.00000000e+00
2.86360972e+18 0.00000000e+00
2.58717408e+18 0.00000000e+00
2.33742387e+18 0.00000000e+00
2.11178304e+18 0.00000000e+00
1.90792422e+18 0.00000000e+00
1.72374471e+18 0.00000000e+00
1.55734477e+18 0.00000000e+00
1.40700809e+18 0.00000000e+00
1.27118400e+18 0.00000000e+00
1.14847155e+18 0.00000000e+00
1.03760502e+18 0.00000000e+00
9.37440879e+17 0.00000000e+00
8.46945981e+17 0.00000000e+00
7.65186915e+17 0.00000000e+00
6.91320378e+17 0.00000000e+00
6.24584471e+17 1.59068608e-47
5.64290847e+17 4.71985429e-44
5.09817606e+17 3.74510419e-41
4.60602884e+17 1.79506177e-38
4.16139055e+17 4.27216155e-36
3.75967497e+17 6.86642511e-34
3.39673858e+17 6.01141021e-32
3.06883789e+17 3.50904144e-30
2.77259076e+17 1.38875216e-28
2.50494154e+17 4.41153650e-27
2.26312957e+17 8.57223684e-26
2.04466067e+17 1.25983577e-24
1.84728144e+17 1.45883459e-23
1.66895601e+17 1.03056968e-22
1.50784505e+17 9.18439301e-22
1.36228676e+17 5.26290905e-21
1.23077980e+17 2.66085820e-20
1.11196773e+17 1.17055171e-19
1.00462506e+17 3.98477479e-19
9.07644607e+16 1.28836415e-18
8.20026062e+16 3.84529614e-18
7.40865683e+16 8.66325648e-18
6.69346971e+16 2.26180291e-17
6.04732245e+16 4.58834212e-17
5.46355035e+16 9.06327947e-17
4.93613210e+16 1.83217545e-16
4.45962763e+16 2.85461659e-16
4.02912203e+16 4.56272936e-16
3.64017485e+16 7.30090593e-16
3.28877429e+16 1.08646104e-15
2.97129582e+16 1.73255066e-15
2.68446481e+16 2.12766250e-15
2.42532274e+16 2.56899863e-15
2.19119669e+16 3.60340622e-15
1.97967175e+16 4.36268201e-15
1.78856616e+16 5.28048038e-15
1.61590875e+16 6.00311693e-15
1.45991865e+16 7.10348824e-15
1.31898690e+16 8.60545083e-15
1.19165984e+16 1.06002773e-14
1.07662418e+16 1.02503184e-14
9.72693362e+15 1.28398985e-14
8.78795401e+15 1.24342047e-14
7.93961785e+15 1.23592773e-14
7.17317494e+15 1.50803103e-14
6.48071983e+15 1.48881965e-14
5.85511016e+15 1.80114086e-14
5.28989308e+15 1.76853884e-14
4.77923865e+15 1.76944369e-14
4.31787973e+15 1.77711343e-14
3.90105762e+15 2.12303463e-14
3.52447300e+15 2.05549179e-14
3.18424160e+15 2.11807866e-14
2.87685409e+15 2.06762427e-14
2.59913992e+15 2.79774071e-14
2.34823460e+15 2.66387104e-14
2.12155017e+15 2.44586432e-14
1.91674849e+15 2.33277009e-14
1.73171713e+15 2.37623187e-14
1.56454759e+15 2.41109369e-14
1.41351558e+15 2.39187427e-14
1.27706330e+15 2.59235026e-14
1.15378330e+15 2.60088537e-14
1.04240401e+15 2.61305256e-14
9.41776601e+14 2.52032671e-14
8.50863158e+14 2.61121476e-14
7.68725952e+14 2.66398393e-14
6.94517777e+14 2.64009499e-14
6.27473213e+14 2.68613646e-14
5.66900727e+14 2.62483428e-14
5.12175544e+14 2.68141018e-14
4.62733201e+14 2.69285410e-14
4.18063724e+14 2.73477365e-14
3.77706369e+14 2.71182794e-14
3.41244871e+14 2.75742425e-14
3.08303146e+14 2.76111122e-14
2.78541416e+14 2.72258185e-14
2.51652705e+14 2.75438556e-14
2.27359668e+14 2.74322011e-14
2.05411735e+14 2.71878943e-14
1.85582523e+14 2.75416999e-14
1.67667503e+14 2.77932216e-14
1.51481892e+14 2.75517438e-14
1.36858742e+14 2.75591077e-14
1.23647224e+14 2.75329301e-14
1.11711065e+14 2.74311463e-14
1.00927151e+14 2.76975415e-14
9.11842520e+13 2.76395330e-14
8.23818733e+13 2.78390813e-14
7.44292233e+13 2.77930919e-14
6.72442742e+13 2.78461996e-14
6.07529169e+13 2.78423589e-14
5.48881961e+13 2.77997462e-14
4.95896201e+13 2.78066963e-14
4.48025368e+13 2.78285180e-14
4.04775697e+13 2.78122821e-14
3.65701088e+13 2.78031985e-14
3.30398507e+13 2.78920005e-14
2.98503825e+13 2.77830069e-14
2.69688063e+13 2.78491128e-14
2.43654001e+13 2.78656090e-14
2.20133111e+13 2.78577894e-14
1.98882786e+13 2.78815622e-14
1.79683839e+13 2.78416026e-14
1.62338243e+13 2.78919036e-14
1.46667087e+13 2.78875276e-14
1.32508729e+13 2.78849172e-14
1.19717134e+13 2.78868058e-14
1.08160363e+13 2.78862083e-14
9.77192128e+12 2.78791900e-14
8.82859884e+12 2.78914403e-14
7.97633907e+12 2.78892265e-14
7.20635132e+12 2.78869686e-14
6.51069356e+12 2.78894818e-14
5.88219040e+12 2.78880459e-14
5.31435916e+12 2.78995841e-14
4.80134292e+12 2.78942480e-14
4.33785019e+12 2.78956214e-14
3.91910025e+12 2.78961500e-14
3.54077391e+12 2.78986937e-14
3.19896892e+12 2.78962723e-14
2.89015972e+12 2.78963522e-14
2.61116110e+12 2.78998002e-14
2.35909533e+12 2.78978734e-14
2.13136247e+12 2.79023985e-14
1.92561357e+12 2.78997484e-14
1.73972643e+12 2.78983532e-14
1.57178372e+12 2.79000854e-14
1.42005318e+12 2.79008233e-14
1.28296980e+12 2.78999922e-14
1.15911962e+12 2.79010560e-14
1.04722519e+12 2.79009038e-14
9.46132376e+11 2.79011333e-14
8.54798453e+11 2.79028492e-14
7.72281357e+11 2.79019166e-14
6.97729965e+11 2.79022166e-14
6.30375315e+11 2.79021280e-14
5.69522678e+11 2.79021084e-14
5.14544388e+11 2.79022155e-14
4.64873371e+11 2.79022086e-14
4.19997295e+11 2.79026516e-14
3.79453285e+11 2.79024675e-14
3.42823149e+11 2.79028064e-14
3.09729067e+11 2.79027035e-14
2.79829688e+11 2.79032502e-14
2.52816614e+11 2.79028289e-14
2.28411221e+11 2.79032354e-14
2.06361777e+11 2.79030004e-14
1.86440853e+11 2.79030487e-14
1.68442976e+11 2.79030872e-14
1.52182505e+11 2.79031855e-14
1.37491723e+11 2.79031220e-14
1.24219100e+11 2.79033432e-14
1.12227736e+11 2.79031203e-14
1.01393946e+11 2.79033190e-14
9.16059848e+10 2.79031939e-14
8.27628946e+10 2.79033772e-14
7.47734631e+10 2.79033142e-14
6.75552832e+10 2.79033080e-14
6.10339029e+10 2.79032395e-14
5.51420574e+10 2.79033659e-14
4.98189752e+10 2.79033535e-14
4.50097513e+10 2.79032640e-14
4.06647809e+10 2.79033427e-14
3.67392478e+10 2.79033395e-14
3.31926620e+10 2.79033404e-14
2.99884423e+10 2.79033617e-14
2.70935387e+10 2.79033880e-14
2.44780916e+10 2.79033813e-14
2.21151240e+10 2.79033955e-14
1.99802631e+10 2.79033803e-14
1.80514888e+10 2.79033789e-14
1.63089068e+10 2.79033738e-14
1.47345431e+10 2.79033951e-14
1.33121590e+10 2.79033927e-14
1.20270833e+10 2.79033729e-14
1.08660611e+10 2.79033936e-14
9.81711702e+09 2.79034065e-14
8.86943166e+09 2.79033916e-14
8.01323013e+09 2.79033806e-14
7.23968114e+09 2.79034199e-14
6.54080591e+09 2.79034006e-14
5.90939590e+09 2.79033979e-14
5.33893840e+09 2.79033910e-14
4.82354943e+09 2.79034259e-14
4.35791301e+09 2.79034012e-14
3.93722633e+09 2.79034121e-14
3.55715021e+09 2.79034215e-14
3.21376434e+09 2.79034102e-14
2.90352688e+09 2.79033998e-14
2.62323788e+09 2.79034270e-14
2.37000629e+09 2.79034180e-14
2.14122015e+09 2.79034080e-14
1.93451965e+09 2.79034140e-14
1.74777277e+09 2.79034109e-14
1.57905331e+09 2.79034198e-14
1.42662102e+09 2.79034162e-14
1.28890361e+09 2.79034205e-14
1.16448062e+09 2.79034162e-14
1.05206867e+09 2.79034185e-14
9.50508296e+08 2.79034165e-14
8.58751948e+08 2.79034228e-14
7.75853206e+08 2.79034239e-14
7.00957009e+08 2.79034190e-14
6.33290840e+08 2.79034261e-14
5.72156756e+08 2.79034257e-14
5.16924187e+08 2.79034254e-14
4.67023439e+08 2.79034282e-14
4.21939808e+08 2.79034300e-14
3.81208280e+08 2.79034311e-14
3.44408728e+08 2.79034332e-14
3.11161583e+08 2.79034360e-14
2.81123917e+08 2.79034372e-14
2.53985907e+08 2.79034397e-14
2.29467637e+08 2.79034426e-14
2.07316213e+08 2.79034458e-14
1.87303154e+08 2.79034482e-14
1.69222035e+08 2.79034535e-14
1.52886359e+08 2.79034585e-14
1.38127630e+08 2.79034617e-14
1.24793621e+08 2.79034674e-14
1.12746796e+08 2.79034739e-14
1.01862899e+08 2.79034796e-14
9.20296681e+07 2.79034870e-14
8.31456781e+07 2.79034954e-14
7.51192949e+07 2.79035043e-14
6.78677305e+07 2.79035136e-14
6.13161884e+07 2.79035244e-14
5.53970928e+07 2.79035367e-14
5.00493910e+07 2.79035499e-14
4.52179242e+07 2.79035646e-14
4.08528580e+07 2.79035804e-14
3.69091691e+07 2.79035988e-14
3.33461802e+07 2.79036185e-14
3.01271407e+07 2.79036404e-14
2.72188479e+07 2.79036647e-14
2.45913043e+07 2.79036918e-14
2.22174078e+07 2.79037216e-14
2.00726730e+07 2.79037545e-14
1.81349780e+07 2.79037910e-14
1.63843365e+07 2.79038313e-14
1.48026913e+07 2.79038761e-14
1.33737286e+07 2.79039255e-14
1.20827094e+07 2.79039804e-14
1.09163173e+07 2.79040410e-14
9.86252179e+06 2.79041081e-14
8.91045332e+06 2.79041824e-14
8.05029181e+06 2.79042646e-14
7.27316511e+06 2.79043556e-14
6.57105755e+06 2.79044563e-14
5.93672722e+06 2.79045678e-14
5.36363132e+06 2.79046912e-14
4.84585864e+06 2.79048278e-14
4.37806863e+06 2.79049790e-14
3.95543624e+06 2.79051463e-14
3.57360225e+06 2.79053315e-14
3.22862820e+06 2.79055365e-14
2.91695588e+06 2.79057634e-14
2.63537052e+06 2.79060146e-14
2.38096772e+06 2.79062926e-14
2.15112343e+06 2.79066003e-14
1.94346693e+06 2.79069408e-14
1.75585633e+06 2.79073178e-14
1.58635653e+06 2.79077350e-14
1.43321923e+06 2.79081968e-14
1.29486487e+06 2.79087079e-14
1.16986641e+06 2.79092737e-14
1.05693455e+06 2.79098999e-14
9.54904456e+05 2.79105931e-14
8.62723729e+05 2.79113603e-14
7.79441575e+05 2.79122094e-14
7.04198979e+05 2.79131493e-14
6.36219849e+05 2.79141896e-14
5.74803016e+05 2.79153411e-14
5.19314994e+05 2.79166156e-14
4.69183451e+05 2.79180263e-14
4.23891306e+05 2.79195877e-14
3.82971391e+05 2.79213160e-14
3.46001639e+05 2.79232289e-14
3.12600724e+05 2.79253462e-14
2.82424133e+05 2.79276898e-14
2.55160607e+05 2.79302837e-14
2.30528939e+05 2.79331548e-14
2.08275063e+05 2.79363327e-14
1.88169442e+05 2.79398501e-14
1.70004698e+05 2.79437434e-14
1.53593468e+05 2.79480527e-14
1.38766479e+05 2.79528224e-14
1.25370799e+05 2.79581017e-14
1.13268257e+05 2.79639452e-14
1.02334021e+05 2.79704130e-14
9.24553110e+04 2.79775719e-14
8.35302320e+04 2.79854957e-14
7.54667263e+04 2.79942662e-14
6.81816229e+04 2.80039738e-14
6.15997796e+04 2.80147186e-14
5.56533078e+04 2.80266116e-14
5.02808725e+04 2.80397753e-14
4.54270599e+04 2.80543455e-14
4.10418050e+04 2.80704727e-14
3.70798763e+04 2.80883230e-14
3.35004083e+04 2.81080806e-14
3.02664806e+04 2.81299494e-14
2.73447368e+04 2.81541549e-14
2.47050406e+04 2.81809468e-14
2.23201647e+04 2.82106015e-14
2.01655104e+04 2.82434249e-14
1.82188534e+04 2.82797557e-14
1.64601150e+04 2.83199685e-14
1.48711546e+04 2.83644783e-14
1.34355829e+04 2.84137442e-14
1.21385926e+04 2.84682744e-14
1.09668060e+04 2.85286317e-14
9.90813657e+03 2.85954386e-14
8.95166472e+03 2.86693845e-14
8.08752491e+03 2.87512322e-14
7.30680395e+03 2.88418264e-14
6.60144909e+03 2.89421017e-14
5.96418495e+03 2.90530930e-14
5.38843844e+03 2.91759455e-14
4.86827104e+03 2.93119271e-14
4.39831747e+03 2.94624412e-14
3.97373038e+03 2.96290412e-14
3.59013038e+03 2.98134466e-14
3.24356081e+03 3.00175611e-14
2.93044698e+03 3.02434917e-14
2.64755927e+03 3.04935711e-14
2.39197984e+03 3.07703813e-14
2.16107251e+03 3.10767809e-14
1.95245558e+03 3.14159342e-14
1.76397728e+03 3.17913445e-14
1.59369353e+03 3.22068900e-14
1.43984795e+03 3.26668643e-14
1.30085370e+03 3.31760212e-14
1.17527712e+03 3.37396236e-14
1.06182294e+03 3.43634986e-14
9.59320948e+02 3.50540982e-14
8.66713880e+02 3.58185666e-14
7.83046540e+02 3.66678824e-14
7.07455942e+02 3.76046681e-14
6.39162405e+02 3.86416947e-14
5.77461515e+02 3.97897063e-14
5.21716858e+02 4.10606028e-14
4.71353453e+02 4.24675652e-14
4.25851829e+02 4.40251946e-14
3.84742658e+02 4.57496667e-14
3.47601918e+02 4.76589036e-14
3.14046522e+02 4.97813959e-14
2.83730362e+02 5.21218728e-14
2.56340741e+02 5.47133760e-14
2.31595149e+02 5.75829492e-14
2.09238348e+02 6.07848975e-14
1.89039738e+02 6.43037440e-14
1.70790980e+02 6.82007838e-14
1.54303847e+02 7.25169507e-14
1.39408283e+02 7.72976800e-14
1.25950646e+02 8.25934215e-14
1.13792129e+02 8.84602154e-14
1.02807322e+02 9.49603408e-14
9.28829225e+01 1.02163047e-13
8.39165644e+01 1.10145380e-13
7.58157646e+01 1.18993121e-13
6.84969672e+01 1.28801848e-13
6.18846824e+01 1.39678157e-13
5.59107078e+01 1.51741052e-13
5.05134247e+01 1.65190648e-13
4.56371628e+01 1.80040943e-13
4.12316259e+01 1.96526492e-13
3.72513730e+01 2.14834675e-13
3.36553498e+01 2.35176317e-13
3.04064649e+01 2.57789164e-13
2.74712079e+01 2.82374557e-13
2.48193029e+01 3.10182051e-13
2.24233968e+01 3.41116808e-13
2.02587771e+01 3.75552813e-13
1.83031168e+01 4.13914459e-13
1.65362441e+01 4.56684704e-13
1.49399346e+01 5.04413377e-13
1.34977233e+01 5.57676862e-13
1.21947344e+01 6.17281413e-13
1.10175281e+01 6.84003626e-13
9.95396231e+00 7.58881328e-13
8.99306672e+00 8.42994141e-13
8.12493021e+00 9.37649353e-13
7.34059837e+00 1.04437527e-12
6.63198120e+00 1.16496379e-12
5.99176967e+00 1.30152036e-12
5.41336030e+00 1.45652296e-12
4.89078709e+00 1.63289014e-12
4.41865996e+00 1.83405816e-12
3.99210913e+00 2.06406620e-12
3.60673495e+00 2.32764675e-12
3.25856248e+00 2.63031528e-12
2.94400048e+00 2.97844648e-12
2.65980440e+00 3.37931040e-12
2.40304289e+00 3.84101427e-12
2.17106760e+00 4.37224831e-12
1.96148581e+00 4.97600609e-12
1.77213578e+00 5.66896495e-12
1.60106446e+00 6.45128710e-12
1.44650734e+00 7.33438298e-12
1.30687023e+00 8.28370468e-12
1.18071285e+00 9.28559455e-12
1.06673394e+00 1.03018460e-11
9.63757866e-01 1.12818511e-11
8.70722485e-01 1.21679708e-11
7.86668179e-01 1.29037513e-11
7.10727970e-01 1.34425021e-11
6.42118571e-01 1.37535780e-11
5.80132310e-01 1.38249376e-11
5.24129830e-01 1.36622947e-11
4.73533492e-01 1.32861866e-11
4.27821420e-01 1.27274963e-11
3.86522116e-01 1.20252126e-11
3.49209598e-01 1.12209509e-11
3.15499006e-01 1.03557417e-11
2.85042632e-01 9.46670009e-12
2.57526333e-01 8.58472085e-12
2.32666291e-01 7.57088016e-12
2.10206088e-01 6.92871035e-12
1.89914058e-01 6.18050491e-12
1.71580899e-01 5.49317761e-12
1.55017512e-01 4.86739067e-12
1.40053055e-01 4.30128872e-12
1.26533176e-01 3.79152816e-12
1.14318425e-01 3.33403031e-12
1.03282813e-01 2.92448644e-12
9.33125118e-02 2.55866506e-12
8.43046837e-02 2.23257567e-12
7.61664172e-02 1.94253670e-12
6.88137699e-02 1.68559558e-12
6.21709029e-02 1.45772487e-12
5.61692982e-02 1.25655230e-12
5.07470524e-02 1.07987776e-12
4.58482375e-02 9.25067344e-13
4.14223247e-02 7.89919565e-13
3.74236629e-02 6.72390890e-13
3.38110078e-02 5.70608850e-13
3.05470967e-02 4.82763632e-13
2.75982639e-02 4.07261113e-13
2.49340937e-02 3.42616739e-13
2.25271064e-02 2.87476490e-13
2.03524752e-02 2.41487452e-13
1.83877698e-02 2.01527714e-13
1.66127252e-02 1.67795984e-13
1.50090328e-02 1.39422436e-13
1.35601511e-02 1.15563164e-13
1.22511358e-02 9.57531364e-14
1.10684849e-02 7.92137295e-14
1.00000000e-02 6.54367906e-14
