1.00000000e+20 0.00000000e+00
9.03466021e+19 0.00000000e+00
8.16250851e+19 0.00000000e+00
7.37454909e+19 0.00000000e+00
6.66265452e+19 0.00000000e+00
6.01948197e+19 0.00000000e+00
5.43839743e+19 0.00000000e+00
4.91340729e+19 0.00000000e+00
4.43909653e+19 0.00000000e+00
4.01057288e+19 0.00000000e+00
3.62341632e+19 0.00000000e+00
3.27363353e+19 0.00000000e+00
2.95761666e+19 0.00000000e+00
2.67210616e+19 0.00000000e+00
2.41415712e+19 0.00000000e+00
2.18110892e+19 0.00000000e+00
1.97055780e+19 0.00000000e+00
1.78033202e+19 0.00000000e+00
1.60846948e+19 0.00000000e+00
1.45319752e+19 0.00000000e+00
1.31291459e+19 0.00000000e+00
1.18617372e+19 0.00000000e+00
1.07166765e+19 0.00000000e+00
9.68215306e+18 0.00000000e+00
8.74749630e+18 0.00000000e+00
7.90306568e+18 0.00000000e+00
7.14015130e+18 0.00000000e+00
6.45088409e+18 0.00000000e+00
5.82815458e+18 0.00000000e+00
5.26553963e+18 0.00000000e+00
4.75723614e+18 0.00000000e+00
4.29800121e+18 0.00000000e+00
3.88309805e+18 0.00000000e+00
3.50824714e+18 0.00000000e+00
3.16958209e+18 0.00000000e+00
2.86360972e+18 0.00000000e+00
2.58717408e+18 0.00000000e+00
2.33742387e+18 0.00000000e+00
2.11178304e+18 0.00000000e+00
1.90792422e+18 0.00000000e+00
1.72374471e+18 0.00000000e+00
1.55734477e+18 0.00000000e+00
1.40700809e+18 0.00000000e+00
1.27118400e+18 0.00000000e+00
1.14847155e+18 0.00000000e+00
1.03760502e+18 0.00000000e+00
9.37440879e+17 0.00000000e+00
8.46945981e+17 0.00000000e+00
7.65186915e+17 0.00000000e+00
6.91320378e+17 0.00000000e+00
6.24584471e+17 0.00000000e+00
5.64290847e+17 0.00000000e+00
5.09817606e+17 0.00000000e+00
4.60602884e+17 0.00000000e+00
4.16139055e+17 0.00000000e+00
3.75967497e+17 7.85395913e-46
3.39673858e+17 1.80437139e-42
3.06883789e+17 1.84913263e-39
2.77259076e+17 8.86305724e-37
2.50494154e+17 2.10936543e-34
2.26312957e+17 3.39027436e-32
2.04466067e+17 2.96811362e-30
1.84728144e+17 1.73257744e-28
1.66895601e+17 6.85691721e-27
1.50784505e+17 1.68744708e-25
1.36228676e+17 4.23251318e-24
1.23077980e+17 6.22039686e-23
1.11196773e+17 5.67521805e-22
1.00462506e+17 5.08840321e-21
9.07644607e+16 4.53476323e-20
8.20026062e+16 2.59854369e-19
7.40865683e+16 1.31378981e-18
6.69346971e+16 5.77955980e-18
6.04732245e+16 1.96746918e-17
5.46355035e+16 6.36125478e-17
4.93613210e+16 1.89860207e-16
4.45962763e+16 4.27745382e-16
4.02912203e+16 1.11675758e-15
3.64017485e+16 2.26547843e-15
3.28877429e+16 4.47496267e-15
2.97129582e+16 9.04629098e-15
2.68446481e+16 1.40944957e-14
2.42532274e+16 2.25281180e-14
2.19119669e+16 3.60464282e-14
1.97967175e+16 5.36398066e-14
1.78856616e+16 8.55266114e-14
1.61590875e+16 1.05013536e-13
1.45991865e+16 1.26748445e-13
1.31898690e+16 1.77713181e-13
1.19165984e+16 2.14931938e-13
1.07662418e+16 2.59682007e-13
9.72693362e+15 2.94738887e-13
8.78795401e+15 3.47518660e-13
7.93961785e+15 4.20092380e-13
7.17317494e+15 5.16613796e-13
6.48071983e+15 4.95952141e-13
5.85511016e+15 6.17626965e-13
5.28989308e+15 5.93587067e-13
4.77923865e+15 5.79463655e-13
4.31787973e+15 7.09024269e-13
3.90105762e+15 6.89919808e-13
3.52447300e+15 8.34280869e-13
3.18424160e+15 8.09534915e-13
2.87685409e+15 7.96151042e-13
2.59913992e+15 7.84843897e-13
2.34823460e+15 9.33421858e-13
2.12155017e+15 9.01045959e-13
1.91674849e+15 9.05592411e-13
1.73171713e+15 8.79687501e-13
1.56454759e+15 9.01911544e-13
1.41351558e+15 1.00268457e-12
1.27706330e+15 1.17333325e-12
1.15378330e+15 1.11760991e-12
1.04240401e+15 9.75183067e-13
9.41776601e+14 9.75491151e-13
8.50863158e+14 9.66389396e-13
7.68725952e+14 1.05127680e-12
6.94517777e+14 1.04160302e-12
6.27473213e+14 1.04865592e-12
5.66900727e+14 1.01105907e-12
5.12175544e+14 1.03938495e-12
4.62733201e+14 1.04962243e-12
4.18063724e+14 1.00282765e-12
3.77706369e+14 1.03494174e-12
3.41244871e+14 1.03175548e-12
3.08303146e+14 1.04342658e-12
2.78541416e+14 1.05884922e-12
2.51652705e+14 1.07115640e-12
2.27359668e+14 1.05886751e-12
2.05411735e+14 1.07162706e-12
1.85582523e+14 1.06409111e-12
1.67667503e+14 1.07913133e-12
1.51481892e+14 1.06682298e-12
1.36858742e+14 1.06155330e-12
1.23647224e+14 1.05030037e-12
1.11711065e+14 1.06205390e-12
1.00927151e+14 1.06686110e-12
9.11842520e+13 1.06010262e-12
8.23818733e+13 1.07169898e-12
7.44292233e+13 1.06921433e-12
6.72442742e+13 1.05732459e-12
6.07529169e+13 1.06737884e-12
5.48881961e+13 1.06419246e-12
4.95896201e+13 1.06952679e-12
4.48025368e+13 1.06787337e-12
4.04775697e+13 1.06950224e-12
3.65701088e+13 1.06823973e-12
3.30398507e+13 1.06848361e-12
2.98503825e+13 1.06764416e-12
2.69688063e+13 1.06741295e-12
2.43654001e+13 1.06563555e-12
2.20133111e+13 1.06742049e-12
1.98882786e+13 1.06759065e-12
1.79683839e+13 1.06672663e-12
1.62338243e+13 1.06816372e-12
1.46667087e+13 1.06803262e-12
1.32508729e+13 1.06704029e-12
1.19717134e+13 1.06878507e-12
1.08160363e+13 1.06875482e-12
9.77192128e+12 1.06884173e-12
8.82859884e+12 1.06839816e-12
7.97633907e+12 1.06824475e-12
7.20635132e+12 1.06837961e-12
6.51069356e+12 1.06843920e-12
5.88219040e+12 1.06805810e-12
5.31435916e+12 1.06848465e-12
4.80134292e+12 1.06834464e-12
4.33785019e+12 1.06815173e-12
3.91910025e+12 1.06841162e-12
3.54077391e+12 1.06810250e-12
3.19896892e+12 1.06851005e-12
2.89015972e+12 1.06835022e-12
2.61116110e+12 1.06836667e-12
2.35909533e+12 1.06835425e-12
2.13136247e+12 1.06840169e-12
1.92561357e+12 1.06840277e-12
1.73972643e+12 1.06825358e-12
1.57178372e+12 1.06834267e-12
1.42005318e+12 1.06822686e-12
1.28296980e+12 1.06832662e-12
1.15911962e+12 1.06837676e-12
1.04722519e+12 1.06837009e-12
9.46132376e+11 1.06834069e-12
8.54798453e+11 1.06840125e-12
7.72281357e+11 1.06833432e-12
6.97729965e+11 1.06832997e-12
6.30375315e+11 1.06838136e-12
5.69522678e+11 1.06837184e-12
5.14544388e+11 1.06838323e-12
4.64873371e+11 1.06835749e-12
4.19997295e+11 1.06834672e-12
3.79453285e+11 1.06834121e-12
3.42823149e+11 1.06834396e-12
3.09729067e+11 1.06833199e-12
2.79829688e+11 1.06835535e-12
2.52816614e+11 1.06836187e-12
2.28411221e+11 1.06837096e-12
2.06361777e+11 1.06835102e-12
1.86440853e+11 1.06835082e-12
1.68442976e+11 1.06834012e-12
1.52182505e+11 1.06836632e-12
1.37491723e+11 1.06835493e-12
1.24219100e+11 1.06835836e-12
1.12227736e+11 1.06835304e-12
1.01393946e+11 1.06835093e-12
9.16059848e+10 1.06835306e-12
8.27628946e+10 1.06834561e-12
7.47734631e+10 1.06835653e-12
6.75552832e+10 1.06835023e-12
6.10339029e+10 1.06835250e-12
5.51420574e+10 1.06835183e-12
4.98189752e+10 1.06835034e-12
4.50097513e+10 1.06835554e-12
4.06647809e+10 1.06835283e-12
3.67392478e+10 1.06835016e-12
3.31926620e+10 1.06835527e-12
2.99884423e+10 1.06835324e-12
2.70935387e+10 1.06835428e-12
2.44780916e+10 1.06835358e-12
2.21151240e+10 1.06835263e-12
1.99802631e+10 1.06835399e-12
1.80514888e+10 1.06835268e-12
1.63089068e+10 1.06835379e-12
1.47345431e+10 1.06835336e-12
1.33121590e+10 1.06835343e-12
1.20270833e+10 1.06835337e-12
1.08660611e+10 1.06835287e-12
9.81711702e+09 1.06835431e-12
8.86943166e+09 1.06835310e-12
8.01323013e+09 1.06835252e-12
7.23968114e+09 1.06835403e-12
6.54080591e+09 1.06835310e-12
5.90939590e+09 1.06835370e-12
5.33893840e+09 1.06835414e-12
4.82354943e+09 1.06835409e-12
4.35791301e+09 1.06835363e-12
3.93722633e+09 1.06835362e-12
3.55715021e+09 1.06835357e-12
3.21376434e+09 1.06835389e-12
2.90352688e+09 1.06835304e-12
2.62323788e+09 1.06835320e-12
2.37000629e+09 1.06835320e-12
2.14122015e+09 1.06835349e-12
1.93451965e+09 1.06835363e-12
1.74777277e+09 1.06835352e-12
1.57905331e+09 1.06835314e-12
1.42662102e+09 1.06835341e-12
1.28890361e+09 1.06835338e-12
1.16448062e+09 1.06835330e-12
1.05206867e+09 1.06835355e-12
9.50508296e+08 1.06835336e-12
8.58751948e+08 1.06835336e-12
7.75853206e+08 1.06835352e-12
7.00957009e+08 1.06835345e-12
6.33290840e+08 1.06835352e-12
5.72156756e+08 1.06835342e-12
5.16924187e+08 1.06835339e-12
4.67023439e+08 1.06835341e-12
4.21939808e+08 1.06835344e-12
3.81208280e+08 1.06835348e-12
3.44408728e+08 1.06835346e-12
3.11161583e+08 1.06835348e-12
2.81123917e+08 1.06835340e-12
2.53985907e+08 1.06835342e-12
2.29467637e+08 1.06835341e-12
2.07316213e+08 1.06835345e-12
1.87303154e+08 1.06835347e-12
1.69222035e+08 1.06835344e-12
1.52886359e+08 1.06835346e-12
1.38127630e+08 1.06835346e-12
1.24793621e+08 1.06835346e-12
1.12746796e+08 1.06835349e-12
1.01862899e+08 1.06835347e-12
9.20296681e+07 1.06835347e-12
8.31456781e+07 1.06835349e-12
7.51192949e+07 1.06835352e-12
6.78677305e+07 1.06835351e-12
6.13161884e+07 1.06835354e-12
5.53970928e+07 1.06835354e-12
5.00493910e+07 1.06835357e-12
4.52179242e+07 1.06835358e-12
4.08528580e+07 1.06835361e-12
3.69091691e+07 1.06835363e-12
3.33461802e+07 1.06835365e-12
3.01271407e+07 1.06835368e-12
2.72188479e+07 1.06835371e-12
2.45913043e+07 1.06835373e-12
2.22174078e+07 1.06835377e-12
2.00726730e+07 1.06835381e-12
1.81349780e+07 1.06835386e-12
1.63843365e+07 1.06835391e-12
1.48026913e+07 1.06835396e-12
1.33737286e+07 1.06835402e-12
1.20827094e+07 1.06835409e-12
1.09163173e+07 1.06835417e-12
9.86252179e+06 1.06835425e-12
8.91045332e+06 1.06835434e-12
8.05029181e+06 1.06835444e-12
7.27316511e+06 1.06835455e-12
6.57105755e+06 1.06835467e-12
5.93672722e+06 1.06835481e-12
5.36363132e+06 1.06835496e-12
4.84585864e+06 1.06835513e-12
4.37806863e+06 1.06835531e-12
3.95543624e+06 1.06835552e-12
3.57360225e+06 1.06835574e-12
3.22862820e+06 1.06835599e-12
2.91695588e+06 1.06835627e-12
2.63537052e+06 1.06835658e-12
2.38096772e+06 1.06835692e-12
2.15112343e+06 1.06835730e-12
1.94346693e+06 1.06835771e-12
1.75585633e+06 1.06835817e-12
1.58635653e+06 1.06835868e-12
1.43321923e+06 1.06835925e-12
1.29486487e+06 1.06835987e-12
1.16986641e+06 1.06836057e-12
1.05693455e+06 1.06836133e-12
9.54904456e+05 1.06836218e-12
8.62723729e+05 1.06836312e-12
7.79441575e+05 1.06836416e-12
7.04198979e+05 1.06836531e-12
6.36219849e+05 1.06836658e-12
5.74803016e+05 1.06836799e-12
5.19314994e+05 1.06836955e-12
4.69183451e+05 1.06837127e-12
4.23891306e+05 1.06837318e-12
3.82971391e+05 1.06837530e-12
3.46001639e+05 1.06837764e-12
3.12600724e+05 1.06838023e-12
2.82424133e+05 1.06838309e-12
2.55160607e+05 1.06838627e-12
2.30528939e+05 1.06838978e-12
2.08275063e+05 1.06839367e-12
1.88169442e+05 1.06839797e-12
1.70004698e+05 1.06840273e-12
1.53593468e+05 1.06840800e-12
1.38766479e+05 1.06841384e-12
1.25370799e+05 1.06842030e-12
1.13268257e+05 1.06842745e-12
1.02334021e+05 1.06843536e-12
9.24553110e+04 1.06844412e-12
8.35302320e+04 1.06845381e-12
7.54667263e+04 1.06846454e-12
6.81816229e+04 1.06847642e-12
6.15997796e+04 1.06848956e-12
5.56533078e+04 1.06850411e-12
5.02808725e+04 1.06852022e-12
4.54270599e+04 1.06853804e-12
4.10418050e+04 1.06855778e-12
3.70798763e+04 1.06857962e-12
3.35004083e+04 1.06860379e-12
3.02664806e+04 1.06863055e-12
2.73447368e+04 1.06866017e-12
2.47050406e+04 1.06869296e-12
2.23201647e+04 1.06872925e-12
2.01655104e+04 1.06876942e-12
1.82188534e+04 1.06881388e-12
1.64601150e+04 1.06886310e-12
1.48711546e+04 1.06891758e-12
1.34355829e+04 1.06897788e-12
1.21385926e+04 1.06904464e-12
1.09668060e+04 1.06911853e-12
9.90813657e+03 1.06920032e-12
8.95166472e+03 1.06929087e-12
8.08752491e+03 1.06939110e-12
7.30680395e+03 1.06950206e-12
6.60144909e+03 1.06962489e-12
5.96418495e+03 1.06976086e-12
5.38843844e+03 1.06991140e-12
4.86827104e+03 1.07007804e-12
4.39831747e+03 1.07026254e-12
3.97373038e+03 1.07046680e-12
3.59013038e+03 1.07069294e-12
3.24356081e+03 1.07094331e-12
2.93044698e+03 1.07122054e-12
2.64755927e+03 1.07152749e-12
2.39197984e+03 1.07186738e-12
2.16107251e+03 1.07224375e-12
1.95245558e+03 1.07266053e-12
1.76397728e+03 1.07312210e-12
1.59369353e+03 1.07363330e-12
1.43984795e+03 1.07419949e-12
1.30085370e+03 1.07482664e-12
1.17527712e+03 1.07552137e-12
1.06182294e+03 1.07629101e-12
9.59320948e+02 1.07714374e-12
8.66713880e+02 1.07808862e-12
7.83046540e+02 1.07913573e-12
7.07455942e+02 1.08029629e-12
6.39162405e+02 1.08158276e-12
5.77461515e+02 1.08300903e-12
5.21716858e+02 1.08459058e-12
4.71353453e+02 1.08634465e-12
4.25851829e+02 1.08829045e-12
3.84742658e+02 1.09044947e-12
3.47601918e+02 1.09284569e-12
3.14046522e+02 1.09550592e-12
2.83730362e+02 1.09846019e-12
2.56340741e+02 1.10174214e-12
2.31595149e+02 1.10538952e-12
2.09238348e+02 1.10944472e-12
1.89039738e+02 1.11395545e-12
1.70790980e+02 1.11897547e-12
1.54303847e+02 1.12456541e-12
1.39408283e+02 1.13079385e-12
1.25950646e+02 1.13773847e-12
1.13792129e+02 1.14548742e-12
1.02807322e+02 1.15414097e-12
9.28829225e+01 1.16381343e-12
8.39165644e+01 1.17463548e-12
7.58157646e+01 1.18675683e-12
6.84969672e+01 1.20034952e-12
6.18846824e+01 1.21561180e-12
5.59107078e+01 1.23277285e-12
5.05134247e+01 1.25209842e-12
4.56371628e+01 1.27389766e-12
4.12316259e+01 1.29864001e-12
3.72513730e+01 1.32653041e-12
3.36553498e+01 1.35817546e-12
3.04064649e+01 1.39416198e-12
2.74712079e+01 1.43230698e-12
2.48193029e+01 1.47846157e-12
2.24233968e+01 1.53126889e-12
2.02587771e+01 1.59185421e-12
1.83031168e+01 1.66184182e-12
1.65362441e+01 1.74229034e-12
1.49399346e+01 1.83542909e-12
1.34977233e+01 1.94341244e-12
1.21947344e+01 2.07013133e-12
1.10175281e+01 2.21747157e-12
9.95396231e+00 2.39232468e-12
8.99306672e+00 2.59590318e-12
8.12493021e+00 2.83649135e-12
7.34059837e+00 3.12179091e-12
6.63198120e+00 3.46124068e-12
5.99176967e+00 3.86641765e-12
5.41336030e+00 4.35152848e-12
4.89078709e+00 4.93268902e-12
4.41865996e+00 5.63404884e-12
3.99210913e+00 6.48046814e-12
3.60673495e+00 7.50419174e-12
3.25856248e+00 8.74477161e-12
2.94400048e+00 1.02412901e-11
2.65980440e+00 1.20672935e-11
2.40304289e+00 1.43096616e-11
2.17106760e+00 1.70253092e-11
1.96148581e+00 2.03359331e-11
1.77213578e+00 2.43757201e-11
1.60106446e+00 2.93078609e-11
1.44650734e+00 3.53319043e-11
1.30687023e+00 4.26918039e-11
1.18071285e+00 5.16857273e-11
1.06673394e+00 6.26779925e-11
9.63757866e-01 7.61131612e-11
8.70722485e-01 9.25354065e-11
7.86668179e-01 1.12606875e-10
7.10727970e-01 1.37135222e-10
6.42118571e-01 1.67103719e-10
5.80132310e-01 2.03707748e-10
5.24129830e-01 2.48398025e-10
4.73533492e-01 3.02931349e-10
4.27821420e-01 3.69429587e-10
3.86522116e-01 4.50447297e-10
3.49209598e-01 5.49047892e-10
3.15499006e-01 6.68887426e-10
2.85042632e-01 8.14303764e-10
2.57526333e-01 9.90406958e-10
2.32666291e-01 1.20316367e-09
2.10206088e-01 1.45946330e-09
1.89914058e-01 1.76714320e-09
1.71580899e-01 2.13492889e-09
1.55017512e-01 2.57220351e-09
1.40053055e-01 3.08845470e-09
1.26533176e-01 3.69217197e-09
1.14318425e-01 4.38893827e-09
1.03282813e-01 5.17857524e-09
9.33125118e-02 6.05156891e-09
8.43046837e-02 6.98562936e-09
7.61664172e-02 7.94388854e-09
6.88137699e-02 8.87638884e-09
6.21709029e-02 9.72564516e-09
5.61692982e-02 1.04352844e-08
5.07470524e-02 1.09591184e-08
4.58482375e-02 1.12677456e-08
4.14223247e-02 1.13511360e-08
3.74236629e-02 1.12174799e-08
3.38110078e-02 1.08897058e-08
3.05470967e-02 1.04010042e-08
2.75982639e-02 9.79019346e-09
2.49340937e-02 9.09736484e-09
2.25271064e-02 8.36015193e-09
2.03524752e-02 7.61480840e-09
1.83877698e-02 6.87558102e-09
1.66127252e-02 6.17216463e-09
1.50090328e-02 5.51268642e-09
1.35601511e-02 4.90372411e-09
1.22511358e-02 4.21918181e-09
1.10684849e-02 3.84333585e-09
1.00000000e-02 3.38901310e-09
