1.00000000e+20 0.00000000e+00
9.50556592e+19 0.00000000e+00
9.03557835e+19 0.00000000e+00
8.58882856e+19 0.00000000e+00
8.16416760e+19 0.00000000e+00
7.76050334e+19 0.00000000e+00
7.37679760e+19 0.00000000e+00
7.01206359e+19 0.00000000e+00
6.66536327e+19 0.00000000e+00
6.33580499e+19 0.00000000e+00
6.02254120e+19 0.00000000e+00
5.72476624e+19 0.00000000e+00
5.44171429e+19 0.00000000e+00
5.17265739e+19 0.00000000e+00
4.91690358e+19 0.00000000e+00
4.67379511e+19 0.00000000e+00
4.44270675e+19 0.00000000e+00
4.22304419e+19 0.00000000e+00
4.01424249e+19 0.00000000e+00
3.81576466e+19 0.00000000e+00
3.62710025e+19 0.00000000e+00
3.44776405e+19 0.00000000e+00
3.27729485e+19 0.00000000e+00
3.11525422e+19 0.00000000e+00
2.96122544e+19 0.00000000e+00
2.81481236e+19 0.00000000e+00
2.67563844e+19 0.00000000e+00
2.54334576e+19 0.00000000e+00
2.41759408e+19 0.00000000e+00
2.29805999e+19 0.00000000e+00
2.18443607e+19 0.00000000e+00
2.07643011e+19 0.00000000e+00
1.97376433e+19 0.00000000e+00
1.87617469e+19 0.00000000e+00
1.78341022e+19 0.00000000e+00
1.69523234e+19 0.00000000e+00
1.61141428e+19 0.00000000e+00
1.53174046e+19 0.00000000e+00
1.45600600e+19 0.00000000e+00
1.38401610e+19 0.00000000e+00
1.31558562e+19 0.00000000e+00
1.25053859e+19 0.00000000e+00
1.18870770e+19 0.00000000e+00
1.12993394e+19 0.00000000e+00
1.07406615e+19 0.00000000e+00
1.02096066e+19 0.00000000e+00
9.70480888e+18 0.00000000e+00
9.22497005e+18 0.00000000e+00
8.76885609e+18 0.00000000e+00
8.33529397e+18 0.00000000e+00
7.92316862e+18 0.00000000e+00
7.53142017e+18 0.00000000e+00
7.15904109e+18 0.00000000e+00
6.80507370e+18 0.00000000e+00
6.46860766e+18 0.00000000e+00
6.14877765e+18 0.00000000e+00
5.84476113e+18 0.00000000e+00
5.55577622e+18 0.00000000e+00
5.28107971e+18 0.00000000e+00
5.01996513e+18 0.00000000e+00
4.77176095e+18 0.00000000e+00
4.53582883e+18 0.00000000e+00
4.31156199e+18 0.00000000e+00
4.09838367e+18 0.00000000e+00
3.89574562e+18 0.00000000e+00
3.70312668e+18 0.00000000e+00
3.52003147e+18 0.00000000e+00
3.34598912e+18 0.00000000e+00
3.18055202e+18 0.00000000e+00
3.02329468e+18 0.00000000e+00
2.87381269e+18 0.00000000e+00
2.73172160e+18 0.00000000e+00
2.59665597e+18 0.00000000e+00
2.46826845e+18 0.00000000e+00
2.34622885e+18 0.00000000e+00
2.23022330e+18 0.00000000e+00
2.11995346e+18 0.00000000e+00
2.01513573e+18 0.00000000e+00
1.91550056e+18 0.00000000e+00
1.82079168e+18 0.00000000e+00
1.73076553e+18 0.00000000e+00
1.64519059e+18 0.00000000e+00
1.56384676e+18 0.00000000e+00
1.48652484e+18 0.00000000e+00
1.41302599e+18 0.00000000e+00
1.34316117e+18 0.00000000e+00
1.27675070e+18 0.00000000e+00
1.21362380e+18 0.00000000e+00
1.15361810e+18 0.00000000e+00
1.09657929e+18 0.00000000e+00
1.04236067e+18 0.00000000e+00
9.90822810e+17 0.00000000e+00
9.41833153e+17 0.00000000e+00
8.95265713e+17 0.00000000e+00
8.51000725e+17 0.00000000e+00
8.08924349e+17 0.00000000e+00
7.68928372e+17 0.00000000e+00
7.30909933e+17 0.00000000e+00
6.94771255e+17 0.00000000e+00
6.60419396e+17 0.00000000e+00
6.27766011e+17 0.00000000e+00
5.96727120e+17 0.00000000e+00
5.67222897e+17 0.00000000e+00
5.39177464e+17 0.00000000e+00
5.12518693e+17 0.00000000e+00
4.87178022e+17 0.00000000e+00
4.63090280e+17 0.00000000e+00
4.40193519e+17 0.00000000e+00
4.18428851e+17 0.00000000e+00
3.97740302e+17 8.31038925e-51
3.78074666e+17 9.07345639e-49
3.59381366e+17 3.90304756e-47
3.41612327e+17 1.27476832e-45
3.24721849e+17 3.59697523e-44
3.08666494e+17 7.96924507e-43
2.93404971e+17 1.58754217e-41
2.78898029e+17 3.09080263e-40
2.65108360e+17 4.53711601e-39
2.52000499e+17 6.42861003e-38
2.39540736e+17 7.63558428e-37
2.27697026e+17 7.60248313e-36
2.16438909e+17 7.30629564e-35
2.05737431e+17 5.29421564e-34
1.95565072e+17 3.74924655e-33
1.85895668e+17 2.84456783e-32
1.76704353e+17 1.75977537e-31
1.67967487e+17 8.64900598e-31
1.59662602e+17 4.83021968e-30
1.51768339e+17 2.42045275e-29
1.44264395e+17 9.15559463e-29
1.37131472e+17 3.96404647e-28
1.30351224e+17 1.37758928e-27
1.23906216e+17 5.23007142e-27
1.17779870e+17 1.59526905e-26
1.11956432e+17 5.31578127e-26
1.06420924e+17 1.84734548e-25
1.01159111e+17 4.35264593e-25
9.61574600e+16 1.27549692e-24
9.14031075e+16 2.69367034e-24
8.68838264e+16 6.94999444e-24
8.25879939e+16 1.85885904e-23
7.85045620e+16 3.85989307e-23
7.46230289e+16 7.84671048e-23
7.09334120e+16 1.62586978e-22
6.74262224e+16 3.43360860e-22
6.40924402e+16 6.26416019e-22
6.09234915e+16 1.17256274e-21
5.79112265e+16 1.78969044e-21
5.50478981e+16 3.77957483e-21
5.23261424e+16 5.78020196e-21
4.97389596e+16 9.50762296e-21
4.72796959e+16 1.55356154e-20
4.49420266e+16 2.47926496e-20
4.27199397e+16 3.14073258e-20
4.06077203e+16 5.01927224e-20
3.85999362e+16 7.21481472e-20
3.66914238e+16 1.13343563e-19
3.48772747e+16 1.62554407e-19
3.31528234e+16 2.00969210e-19
3.15136348e+16 2.52919683e-19
2.99554933e+16 4.13793720e-19
2.84743917e+16 5.12036700e-19
2.70665207e+16 6.16985294e-19
2.57282597e+16 8.18465622e-19
2.44561668e+16 9.89468668e-19
2.32469706e+16 1.30966383e-18
2.20975611e+16 1.57636006e-18
2.10049824e+16 1.94897768e-18
1.99664245e+16 2.45297398e-18
1.89792164e+16 2.39156369e-18
1.80408193e+16 3.02992573e-18
1.71488197e+16 3.81549676e-18
1.63009236e+16 3.72117630e-18
1.54949504e+16 4.60604842e-18
1.47288272e+16 5.55136623e-18
1.40005838e+16 6.45841103e-18
1.33083472e+16 7.18589526e-18
1.26503372e+16 7.58765172e-18
1.20248614e+16 8.47937566e-18
1.14303113e+16 9.42772067e-18
1.08651577e+16 1.09690317e-17
1.03279473e+16 1.07127137e-17
9.81729841e+15 1.28992771e-17
9.33189772e+15 1.26027982e-17
8.87049689e+15 1.23448692e-17
8.43190929e+15 1.52580205e-17
8.01500696e+15 1.49433151e-17
7.61871770e+15 1.46194852e-17
7.24202233e+15 1.83852488e-17
6.88395207e+15 1.80308145e-17
6.54358602e+15 1.77175450e-17
6.22004883e+15 2.24561920e-17
5.91250841e+15 2.19086905e-17
5.62017385e+15 2.15831229e-17
5.34229330e+15 2.13021552e-17
5.07815211e+15 2.08063534e-17
4.82707097e+15 2.61589951e-17
4.58840413e+15 2.57904609e-17
4.36153779e+15 2.54095971e-17
4.14588850e+15 2.50907933e-17
3.94090164e+15 2.47294876e-17
3.74605003e+15 2.45079597e-17
3.56083255e+15 3.00482102e-17
3.38477286e+15 2.94561488e-17
3.21741815e+15 2.94774868e-17
3.05833803e+15 2.88023531e-17
2.90712338e+15 2.90842541e-17
2.76338529e+15 2.86056525e-17
2.62675410e+15 2.81428856e-17
2.49687843e+15 3.40111019e-17
2.37342425e+15 3.33147479e-17
2.25607407e+15 3.28460784e-17
2.14452608e+15 3.24939147e-17
2.03849340e+15 3.29675391e-17
1.93770334e+15 3.27462423e-17
1.84189668e+15 3.20893508e-17
1.75082703e+15 3.20315941e-17
1.66426018e+15 3.16539046e-17
1.58197348e+15 3.65557188e-17
1.50375532e+15 3.66191589e-17
1.42940453e+15 4.50157003e-17
1.35872990e+15 4.39797350e-17
1.29154967e+15 4.28792951e-17
1.22769105e+15 4.18884635e-17
1.16698982e+15 4.09173523e-17
1.10928986e+15 3.54874041e-17
1.05444279e+15 3.56440313e-17
1.00230755e+15 3.49462109e-17
9.52750047e+14 3.53741486e-17
9.05642838e+14 3.46670491e-17
8.60864770e+14 3.61961869e-17
8.18300682e+14 3.85694669e-17
7.77841107e+14 3.80784614e-17
7.39381992e+14 3.82757679e-17
7.02824426e+14 3.84383586e-17
6.68074392e+14 3.84692842e-17
6.35042517e+14 3.79655492e-17
6.03643851e+14 3.72172136e-17
5.73797641e+14 3.70323903e-17
5.45427131e+14 4.06684177e-17
5.18459354e+14 3.91622336e-17
4.92824957e+14 3.87255308e-17
4.68458012e+14 3.88676347e-17
4.45295851e+14 3.80818722e-17
4.23278907e+14 3.97198318e-17
4.02350555e+14 3.90672784e-17
3.82456972e+14 3.73810749e-17
3.63546996e+14 3.80405766e-17
3.45571994e+14 3.76097874e-17
3.28485737e+14 3.80438571e-17
3.12244282e+14 3.91134187e-17
2.96805861e+14 3.88475434e-17
2.82130768e+14 3.91688092e-17
2.68181261e+14 3.93369197e-17
2.54921465e+14 3.89779263e-17
2.42317279e+14 3.90557209e-17
2.30336287e+14 3.97263132e-17
2.18947676e+14 3.91963974e-17
2.08122157e+14 3.94946801e-17
1.97831888e+14 3.91912051e-17
1.88050406e+14 3.89435410e-17
1.78752553e+14 3.90073632e-17
1.69914417e+14 3.91106196e-17
1.61513269e+14 3.91922857e-17
1.53527503e+14 3.93346194e-17
1.45936580e+14 3.94238667e-17
1.38720978e+14 3.90057297e-17
1.31862140e+14 3.89525940e-17
1.25342427e+14 3.95819500e-17
1.19145070e+14 3.91661302e-17
1.13254132e+14 3.89605098e-17
1.07654461e+14 3.91765343e-17
1.02331658e+14 3.94517839e-17
9.72720319e+13 3.92139345e-17
9.24625712e+13 3.94425805e-17
8.78909065e+13 3.92547618e-17
8.35452806e+13 3.93077187e-17
7.94145172e+13 3.94667038e-17
7.54879928e+13 3.91863842e-17
7.17556092e+13 3.93871119e-17
6.82077673e+13 3.93485633e-17
6.48353429e+13 3.94649858e-17
6.16296626e+13 3.93847764e-17
5.85824820e+13 3.92423311e-17
5.56859644e+13 3.93423813e-17
5.29326606e+13 3.93364767e-17
5.03154895e+13 3.93667174e-17
4.78277202e+13 3.94187842e-17
4.54629547e+13 3.95565809e-17
4.32151113e+13 3.92765357e-17
4.10784089e+13 3.94463524e-17
3.90473524e+13 3.94799990e-17
3.71167182e+13 3.94262603e-17
3.52815412e+13 3.95097294e-17
3.35371015e+13 3.94846932e-17
3.18789129e+13 3.95005742e-17
3.03027108e+13 3.94178370e-17
2.88044415e+13 3.94720187e-17
2.73802518e+13 3.94165341e-17
2.60264788e+13 3.94259175e-17
2.47396410e+13 3.93817065e-17
2.35164288e+13 3.93878029e-17
2.23536965e+13 3.93936678e-17
2.12484535e+13 3.94601595e-17
2.01978576e+13 3.94147709e-17
1.91992067e+13 3.94217091e-17
1.82499324e+13 3.94249862e-17
1.73475936e+13 3.94444036e-17
1.64898694e+13 3.94938179e-17
1.56745541e+13 3.94644221e-17
1.48995507e+13 3.94771138e-17
1.41628662e+13 3.94436845e-17
1.34626058e+13 3.94166620e-17
1.27969687e+13 3.93974724e-17
1.21642429e+13 3.94771028e-17
1.15628013e+13 3.94698437e-17
1.09910970e+13 3.94107574e-17
1.04476597e+13 3.94276460e-17
9.93109181e+12 3.94498090e-17
9.44006479e+12 3.94755264e-17
8.97331581e+12 3.94321903e-17
8.52964450e+12 3.94628629e-17
8.10790981e+12 3.94458122e-17
7.70702711e+12 3.94414283e-17
7.32596543e+12 3.94752632e-17
6.96374473e+12 3.94653461e-17
6.61943346e+12 3.94561567e-17
6.29214611e+12 3.94547884e-17
5.98104096e+12 3.94710439e-17
5.68531791e+12 3.94516777e-17
5.40421642e+12 3.94492081e-17
5.13701354e+12 3.94542857e-17
4.88302209e+12 3.94574693e-17
4.64158883e+12 3.94510641e-17
4.41209286e+12 3.94608981e-17
4.19394396e+12 3.94592490e-17
3.98658107e+12 3.94663542e-17
3.78947092e+12 3.94686803e-17
3.60210656e+12 3.94563395e-17
3.42400614e+12 3.94720550e-17
3.25471161e+12 3.94669101e-17
3.09378757e+12 3.94763507e-17
2.94082017e+12 3.94660498e-17
2.79541600e+12 3.94730357e-17
2.65720111e+12 3.94664095e-17
2.52582003e+12 3.94710697e-17
2.40093488e+12 3.94613349e-17
2.28222447e+12 3.94676058e-17
2.16938352e+12 3.94605114e-17
2.06212180e+12 3.94615450e-17
1.96016347e+12 3.94654682e-17
1.86324631e+12 3.94639719e-17
1.77112106e+12 3.94653762e-17
1.68355080e+12 3.94676896e-17
1.60031031e+12 3.94716932e-17
1.52118552e+12 3.94680303e-17
1.44597292e+12 3.94688549e-17
1.37447909e+12 3.94687026e-17
1.30652016e+12 3.94667085e-17
1.24192135e+12 3.94700363e-17
1.18051653e+12 3.94683960e-17
1.12214777e+12 3.94687881e-17
1.06666496e+12 3.94660202e-17
1.01392541e+12 3.94655660e-17
9.63793480e+11 3.94688278e-17
9.16140246e+11 3.94690668e-17
8.70843150e+11 3.94686226e-17
8.27785697e+11 3.94699161e-17
7.86857151e+11 3.94688907e-17
7.47952252e+11 3.94692644e-17
7.10970943e+11 3.94690840e-17
6.75818117e+11 3.94706110e-17
6.42403366e+11 3.94695986e-17
6.10640754e+11 3.94695771e-17
5.80448594e+11 3.94692882e-17
5.51749238e+11 3.94698771e-17
5.24468875e+11 3.94691288e-17
4.98537346e+11 3.94714191e-17
4.73887961e+11 3.94685849e-17
4.50457325e+11 3.94691048e-17
4.28185180e+11 3.94687973e-17
4.07014245e+11 3.94705296e-17
3.86890074e+11 3.94698493e-17
3.67760910e+11 3.94702678e-17
3.49577557e+11 3.94694025e-17
3.32293252e+11 3.94697565e-17
3.15863541e+11 3.94697311e-17
3.00246171e+11 3.94694869e-17
2.85400977e+11 3.94697190e-17
2.71289780e+11 3.94696838e-17
2.57876289e+11 3.94700790e-17
2.45126006e+11 3.94696075e-17
2.33006141e+11 3.94701319e-17
2.21485523e+11 3.94691937e-17
2.10534524e+11 3.94700957e-17
2.00124980e+11 3.94701458e-17
1.90230119e+11 3.94703330e-17
1.80824493e+11 3.94702207e-17
1.71883914e+11 3.94702333e-17
1.63385388e+11 3.94702401e-17
1.55307057e+11 3.94701600e-17
1.47628147e+11 3.94701142e-17
1.40328908e+11 3.94708036e-17
1.33390569e+11 3.94709037e-17
1.26795285e+11 3.94705731e-17
1.20526094e+11 3.94708941e-17
1.14566873e+11 3.94707951e-17
1.08902296e+11 3.94708538e-17
1.03517796e+11 3.94709032e-17
9.83995230e+10 3.94711968e-17
9.35343152e+10 3.94714531e-17
8.89096599e+10 3.94712407e-17
8.45136633e+10 3.94716407e-17
8.03350198e+10 3.94718139e-17
7.63629826e+10 3.94716449e-17
7.25873365e+10 3.94718352e-17
6.89983712e+10 3.94718750e-17
6.55868566e+10 3.94721275e-17
6.23440189e+10 3.94722489e-17
5.92615181e+10 3.94724032e-17
5.63314267e+10 3.94726535e-17
5.35462090e+10 3.94728820e-17
5.08987019e+10 3.94730763e-17
4.83820966e+10 3.94733274e-17
4.59899209e+10 3.94734048e-17
4.37160225e+10 3.94736441e-17
4.15545533e+10 3.94739429e-17
3.94999546e+10 3.94740842e-17
3.75469422e+10 3.94743623e-17
3.56904935e+10 3.94745976e-17
3.39258338e+10 3.94748638e-17
3.22484250e+10 3.94751454e-17
3.06539530e+10 3.94754284e-17
2.91383170e+10 3.94757209e-17
2.76976194e+10 3.94761286e-17
2.63281547e+10 3.94764140e-17
2.50264010e+10 3.94768168e-17
2.37890104e+10 3.94772438e-17
2.26128007e+10 3.94776482e-17
2.14947467e+10 3.94780811e-17
2.04319732e+10 3.94785262e-17
1.94217468e+10 3.94790675e-17
1.84614695e+10 3.94794576e-17
1.75486715e+10 3.94800591e-17
1.66810054e+10 3.94806133e-17
1.58562396e+10 3.94811660e-17
1.50722531e+10 3.94817843e-17
1.43270295e+10 3.94824008e-17
1.36186524e+10 3.94831629e-17
1.29452998e+10 3.94838380e-17
1.23052400e+10 3.94846210e-17
1.16968270e+10 3.94853442e-17
1.11184960e+10 3.94862351e-17
1.05687597e+10 3.94870971e-17
1.00462042e+10 3.94880360e-17
9.54948564e+09 3.94890554e-17
9.07732653e+09 3.94900338e-17
8.62851257e+09 3.94910408e-17
8.20188950e+09 3.94922466e-17
7.79636013e+09 3.94934231e-17
7.41088152e+09 3.94946648e-17
7.04446228e+09 3.94959581e-17
6.69616005e+09 3.94973450e-17
6.36507908e+09 3.94987708e-17
6.05036788e+09 3.95003038e-17
5.75121707e+09 3.95019620e-17
5.46685730e+09 3.95036564e-17
5.19655724e+09 3.95053723e-17
4.93962174e+09 3.95072624e-17
4.69539001e+09 3.95092438e-17
4.46323393e+09 3.95113287e-17
4.24255643e+09 3.95134903e-17
4.03278998e+09 3.95158069e-17
3.83339510e+09 3.95182267e-17
3.64385898e+09 3.95207475e-17
3.46369418e+09 3.95234056e-17
3.29243733e+09 3.95262115e-17
3.12964801e+09 3.95291938e-17
2.97490755e+09 3.95322701e-17
2.82781798e+09 3.95355657e-17
2.68800102e+09 3.95390093e-17
2.55509709e+09 3.95426087e-17
2.42876438e+09 3.95464077e-17
2.30867799e+09 3.95504173e-17
2.19452909e+09 3.95546539e-17
2.08602409e+09 3.95590765e-17
1.98288395e+09 3.95637358e-17
1.88484341e+09 3.95686374e-17
1.79165033e+09 3.95738085e-17
1.70306503e+09 3.95792361e-17
1.61885969e+09 3.95849537e-17
1.53881775e+09 3.95909606e-17
1.46273336e+09 3.95972767e-17
1.39041083e+09 3.96039330e-17
1.32166418e+09 3.96109271e-17
1.25631660e+09 3.96182962e-17
1.19420003e+09 3.96260308e-17
1.13515471e+09 3.96341818e-17
1.07902879e+09 3.96427626e-17
1.02567793e+09 3.96517639e-17
9.74964918e+08 3.96612493e-17
9.26759330e+08 3.96712343e-17
8.80937190e+08 3.96817278e-17
8.37380654e+08 3.96927678e-17
7.95977700e+08 3.97043886e-17
7.56621850e+08 3.97166115e-17
7.19211887e+08 3.97294684e-17
6.83651600e+08 3.97429978e-17
6.49849535e+08 3.97572247e-17
6.17718760e+08 3.97721963e-17
5.87176639e+08 3.97879470e-17
5.58144625e+08 3.98045092e-17
5.30548053e+08 3.98219423e-17
5.04315949e+08 3.98402772e-17
4.79380850e+08 3.98595700e-17
4.55678627e+08 3.98798623e-17
4.33148322e+08 3.99012106e-17
4.11731993e+08 3.99236679e-17
3.91374560e+08 3.99472987e-17
3.72023668e+08 3.99721554e-17
3.53629550e+08 3.99983036e-17
3.36144900e+08 4.00258152e-17
3.19524751e+08 4.00547531e-17
3.03726358e+08 4.00852011e-17
2.88709092e+08 4.01172322e-17
2.74434330e+08 4.01509244e-17
2.60865362e+08 4.01863759e-17
2.47967289e+08 4.02236665e-17
2.35706941e+08 4.02629005e-17
2.24052787e+08 4.03041725e-17
2.12974854e+08 4.03475905e-17
2.02444651e+08 4.03932709e-17
1.92435098e+08 4.04413237e-17
1.82920450e+08 4.04918773e-17
1.73876240e+08 4.05450614e-17
1.65279206e+08 4.06010098e-17
1.57107239e+08 4.06598688e-17
1.49339322e+08 4.07217912e-17
1.41955477e+08 4.07869343e-17
1.34936714e+08 4.08554651e-17
1.28264983e+08 4.09275603e-17
1.21923125e+08 4.10034047e-17
1.15894830e+08 4.10831960e-17
1.10164595e+08 4.11671368e-17
1.04717682e+08 4.12554439e-17
9.95400829e+07 4.13483435e-17
9.46184819e+07 4.14460763e-17
8.99402217e+07 4.15488918e-17
8.54932707e+07 4.16570557e-17
8.12661920e+07 4.17708469e-17
7.72481145e+07 4.18905548e-17
7.34287045e+07 4.20164908e-17
6.97981391e+07 4.21489768e-17
6.63470812e+07 4.22883549e-17
6.30666554e+07 4.24349826e-17
5.99484250e+07 4.25892363e-17
5.69843706e+07 4.27515146e-17
5.41668691e+07 4.29222334e-17
5.14886745e+07 4.31018315e-17
4.89428990e+07 4.32907718e-17
4.65229952e+07 4.34895402e-17
4.42227398e+07 4.36986482e-17
4.20362168e+07 4.39186317e-17
3.99578030e+07 4.41500582e-17
3.79821531e+07 4.43935225e-17
3.61041860e+07 4.46496510e-17
3.43190720e+07 4.49191011e-17
3.26222201e+07 4.52025675e-17
3.10092664e+07 4.55007783e-17
2.94760626e+07 4.58145007e-17
2.80186656e+07 4.61445412e-17
2.66333273e+07 4.64917487e-17
2.53164848e+07 4.68570167e-17
2.40647515e+07 4.72412839e-17
2.28749082e+07 4.76455391e-17
2.17438948e+07 4.80708213e-17
2.06688025e+07 4.85182251e-17
1.96468665e+07 4.89889006e-17
1.86754584e+07 4.94840582e-17
1.77520801e+07 5.00049716e-17
1.68743568e+07 5.05529805e-17
1.60400311e+07 5.11338540e-17
1.52469573e+07 5.17403547e-17
1.44930957e+07 5.23784028e-17
1.37765077e+07 5.30496391e-17
1.30953502e+07 5.37557899e-17
1.24478715e+07 5.44986713e-17
1.18324063e+07 5.52801939e-17
1.12473718e+07 5.61023674e-17
1.06912634e+07 5.69673065e-17
1.01626509e+07 5.78772357e-17
9.66017480e+06 5.88344949e-17
9.18254284e+06 5.98415464e-17
8.72852662e+06 6.09009796e-17
8.29695852e+06 6.20155197e-17
7.88672862e+06 6.31880327e-17
7.49678187e+06 6.44215343e-17
7.12611543e+06 6.57191967e-17
6.77377600e+06 6.70843575e-17
6.43885743e+06 6.85205273e-17
6.12049837e+06 7.00437496e-17
5.81788007e+06 7.16332056e-17
5.53022426e+06 7.33053375e-17
5.25679112e+06 7.50644458e-17
4.99687745e+06 7.69150544e-17
4.74981480e+06 7.88619228e-17
4.51496777e+06 8.09100581e-17
4.29173238e+06 8.30997674e-17
4.07953450e+06 8.53664798e-17
3.87782841e+06 8.77510956e-17
3.68609536e+06 9.02597477e-17
3.50384225e+06 9.28988881e-17
3.33060034e+06 9.56753039e-17
3.16592411e+06 9.85961356e-17
3.00939003e+06 1.01668895e-16
2.86059554e+06 1.04901485e-16
2.71915794e+06 1.08302219e-16
2.58471351e+06 1.11879842e-16
2.45691646e+06 1.15643557e-16
2.33543814e+06 1.19603042e-16
2.21996612e+06 1.23768481e-16
2.11020343e+06 1.28150586e-16
2.00586778e+06 1.32760627e-16
1.90669084e+06 1.37610461e-16
1.81241755e+06 1.42712560e-16
1.72280545e+06 1.48080046e-16
1.63762407e+06 1.53726723e-16
1.55665436e+06 1.59667113e-16
1.47968806e+06 1.65916494e-16
1.40652724e+06 1.72490938e-16
1.33698374e+06 1.79407354e-16
1.27087871e+06 1.86683529e-16
1.20804213e+06 1.94338176e-16
1.14831241e+06 2.02390982e-16
1.09153594e+06 2.10862656e-16
1.03756668e+06 2.19774987e-16
9.86265846e+05 2.29150895e-16
9.37501502e+05 2.39014493e-16
8.91148232e+05 2.49391150e-16
8.47086827e+05 2.60307551e-16
8.05203967e+05 2.71791771e-16
7.65391939e+05 2.83873347e-16
7.27548353e+05 2.96583349e-16
6.91575883e+05 3.09954465e-16
6.57382014e+05 3.24021084e-16
6.24878807e+05 3.38819383e-16
5.93982669e+05 3.54387420e-16
5.64614142e+05 3.70765232e-16
5.36697695e+05 3.88099608e-16
5.10161531e+05 4.06225650e-16
4.84937407e+05 4.25294524e-16
4.60960449e+05 4.45355272e-16
4.38168993e+05 4.66459486e-16
4.16504425e+05 4.88661443e-16
3.95911027e+05 5.12018243e-16
3.76335836e+05 5.36589954e-16
3.57728510e+05 5.62439772e-16
3.40041193e+05 5.89634178e-16
3.23228398e+05 6.18243111e-16
3.07246884e+05 6.48340149e-16
2.92055551e+05 6.80002696e-16
2.77615329e+05 7.13312183e-16
2.63889081e+05 7.48354276e-16
2.50841506e+05 7.85219099e-16
2.38439047e+05 8.24001461e-16
2.26649808e+05 8.64801105e-16
2.15443469e+05 9.07722961e-16
2.04791210e+05 9.52877417e-16
1.94665634e+05 1.00038060e-15
1.85040702e+05 1.05035469e-15
1.75891659e+05 1.10292821e-15
1.67194976e+05 1.15823636e-15
1.58928287e+05 1.21642140e-15
1.51070330e+05 1.27763297e-15
1.43600898e+05 1.34202849e-15
1.36500781e+05 1.40977358e-15
1.29751717e+05 1.48104247e-15
1.23336350e+05 1.55601846e-15
1.17238180e+05 1.63489437e-15
1.11441525e+05 1.71787307e-15
1.05931476e+05 1.80516796e-15
1.00693863e+05 1.89700356e-15
9.57152154e+04 1.99361605e-15
9.09827289e+04 2.09525392e-15
8.64842328e+04 2.20217857e-15
8.22081576e+04 2.31466499e-15
7.81435061e+04 2.43300248e-15
7.42798248e+04 2.55749541e-15
7.06071771e+04 2.68846396e-15
6.71161177e+04 2.82624496e-15
6.37976681e+04 2.97119278e-15
6.06432940e+04 3.12368022e-15
5.76448828e+04 3.28409945e-15
5.47947234e+04 3.45286308e-15
5.20854855e+04 3.63040514e-15
4.95102016e+04 3.81718228e-15
4.70622485e+04 4.01367487e-15
4.47353305e+04 4.22038829e-15
4.25234633e+04 4.43785420e-15
4.04209584e+04 4.66663191e-15
3.84224085e+04 4.90730986e-15
3.65226736e+04 5.16050705e-15
3.47168682e+04 5.42687472e-15
3.30003479e+04 5.70709797e-15
3.13686982e+04 6.00189755e-15
2.98177229e+04 6.31203169e-15
2.83434331e+04 6.63829808e-15
2.69420371e+04 6.98153590e-15
2.56099310e+04 7.34262799e-15
2.43436887e+04 7.72250312e-15
2.31400538e+04 8.12213837e-15
2.19959307e+04 8.54256166e-15
2.09083769e+04 8.98485437e-15
1.98745955e+04 9.45015416e-15
1.88919278e+04 9.93965787e-15
1.79578465e+04 1.04546246e-14
1.70699493e+04 1.09963790e-14
1.62259529e+04 1.15663145e-14
1.54236865e+04 1.21658973e-14
1.46610868e+04 1.27966695e-14
1.39361927e+04 1.34602538e-14
1.32471399e+04 1.41583571e-14
1.25921561e+04 1.48927752e-14
1.19695570e+04 1.56653974e-14
1.13777413e+04 1.64782111e-14
1.08151870e+04 1.73333073e-14
1.02804473e+04 1.82328857e-14
9.77214697e+03 1.91792606e-14
9.28897872e+03 2.01748666e-14
8.82969996e+03 2.12222649e-14
8.39312950e+03 2.23241502e-14
7.97814457e+03 2.34833574e-14
7.58367791e+03 2.47028687e-14
7.20871503e+03 2.59858218e-14
6.85229160e+03 2.73355174e-14
6.51349095e+03 2.87554283e-14
6.19144176e+03 3.02492079e-14
5.88531578e+03 3.18206996e-14
5.59432571e+03 3.34739470e-14
5.31772318e+03 3.52132043e-14
5.05479682e+03 3.70429470e-14
4.80487044e+03 3.89678835e-14
4.56730127e+03 4.09929674e-14
4.34147833e+03 4.31234102e-14
4.12682085e+03 4.53646948e-14
3.92277676e+03 4.77225894e-14
3.72882131e+03 5.02031625e-14
3.54445567e+03 5.28127989e-14
3.36920571e+03 5.55582156e-14
3.20262069e+03 5.84464794e-14
3.04427221e+03 6.14850252e-14
2.89375302e+03 6.46816752e-14
2.75067601e+03 6.80446590e-14
2.61467321e+03 7.15826347e-14
2.48539486e+03 7.53047117e-14
2.36250847e+03 7.92204738e-14
2.24569800e+03 8.33400043e-14
2.13466303e+03 8.76739116e-14
2.02911802e+03 9.22333574e-14
1.92879151e+03 9.70300847e-14
1.83342548e+03 1.02076449e-13
1.74277468e+03 1.07385449e-13
1.65660596e+03 1.12970762e-13
1.57469771e+03 1.18846778e-13
1.49683929e+03 1.25028639e-13
1.42283046e+03 1.31532273e-13
1.35248087e+03 1.38374442e-13
1.28560961e+03 1.45572781e-13
1.22204469e+03 1.53145847e-13
1.16162263e+03 1.61113164e-13
1.10418805e+03 1.69495274e-13
1.04959323e+03 1.78313794e-13
9.97697764e+02 1.87591467e-13
9.48368187e+02 1.97352226e-13
9.01477631e+02 2.07621254e-13
8.56905505e+02 2.18425048e-13
8.14537177e+02 2.29791491e-13
7.74263683e+02 2.41749925e-13
7.35981448e+02 2.54331225e-13
6.99592017e+02 2.67567879e-13
6.65001803e+02 2.81494079e-13
6.32121848e+02 2.96145803e-13
6.00867589e+02 3.11560915e-13
5.71158648e+02 3.27779261e-13
5.42918618e+02 3.44842774e-13
5.16074871e+02 3.62795588e-13
4.90558371e+02 3.81684147e-13
4.66303493e+02 4.01557336e-13
4.43247859e+02 4.22466603e-13
4.21332174e+02 4.44466099e-13
4.00500076e+02 4.67612820e-13
3.80697987e+02 4.91966758e-13
3.61874981e+02 5.17591061e-13
3.43982649e+02 5.44552202e-13
3.26974974e+02 5.72920155e-13
3.10808217e+02 6.02768581e-13
2.95440800e+02 6.34175029e-13
2.80833200e+02 6.67221142e-13
2.66947849e+02 7.01992875e-13
2.53749038e+02 7.38580730e-13
2.41202821e+02 7.77080003e-13
2.29276931e+02 8.17591037e-13
2.17940698e+02 8.60219499e-13
2.07164968e+02 9.05076670e-13
1.96922026e+02 9.52279748e-13
1.87185529e+02 1.00195217e-12
1.77930439e+02 1.05422397e-12
1.69132952e+02 1.10923210e-12
1.60770442e+02 1.16712086e-12
1.52821404e+02 1.22804227e-12
1.45265393e+02 1.29215652e-12
1.38082977e+02 1.35963242e-12
1.31255684e+02 1.43064785e-12
1.24765955e+02 1.50539033e-12
1.18597101e+02 1.58405752e-12
1.12733256e+02 1.66685780e-12
1.07159340e+02 1.75401091e-12
1.01861017e+02 1.84574857e-12
9.68246612e+01 1.94231517e-12
9.20373200e+01 2.04396854e-12
8.74866812e+01 2.15098073e-12
8.31610415e+01 2.26363880e-12
7.90492762e+01 2.38224578e-12
7.51408106e+01 2.50712159e-12
7.14255929e+01 2.63860406e-12
6.78940681e+01 2.77705004e-12
6.45371540e+01 2.92283655e-12
6.13462172e+01 3.07636206e-12
5.83130511e+01 3.23804783e-12
5.54298552e+01 3.40833936e-12
5.26892142e+01 3.58770794e-12
5.00840799e+01 3.77665236e-12
4.76077523e+01 3.97570068e-12
4.52538628e+01 4.18541227e-12
4.30163576e+01 4.40637984e-12
4.08894823e+01 4.63923182e-12
3.88677669e+01 4.88463481e-12
3.69460121e+01 5.14329634e-12
3.51192753e+01 5.41596775e-12
3.33828586e+01 5.70344753e-12
3.17322963e+01 6.00658473e-12
3.01633435e+01 6.32628288e-12
2.86719650e+01 6.65119532e-12
2.72543253e+01 7.00498130e-12
2.59067786e+01 7.37809194e-12
2.46258592e+01 7.77164462e-12
2.34082728e+01 8.18682891e-12
2.22508880e+01 8.62491220e-12
2.11507282e+01 9.08724577e-12
2.01049642e+01 9.57527154e-12
1.91109062e+01 1.00905294e-11
1.81659979e+01 1.06346654e-11
1.72678090e+01 1.12094404e-11
1.64140297e+01 1.18167403e-11
1.56024641e+01 1.24585865e-11
1.48310251e+01 1.31373906e-11
1.40977287e+01 1.38543664e-11
1.34006890e+01 1.46128229e-11
1.27381132e+01 1.54156477e-11
1.21082975e+01 1.62659395e-11
1.15096220e+01 1.71662960e-11
1.09405471e+01 1.81203914e-11
1.03996091e+01 1.91318243e-11
9.88541702e+00 2.02044963e-11
9.39664831e+00 2.13427328e-11
8.93204600e+00 2.25511838e-11
8.49041520e+00 2.38349295e-11
8.07062014e+00 2.51994891e-11
7.67158118e+00 2.66508805e-11
7.29227206e+00 2.81956742e-11
6.93171728e+00 2.98410458e-11
6.58898955e+00 3.15948468e-11
6.26320745e+00 3.34656756e-11
5.95353313e+00 3.54629606e-11
5.65917016e+00 3.75970510e-11
5.37936150e+00 3.98793194e-11
5.11338754e+00 4.23222747e-11
4.86056423e+00 4.49396896e-11
4.62024137e+00 4.77467416e-11
4.39180089e+00 5.07601706e-11
4.17465529e+00 5.39984537e-11
3.96824610e+00 5.74820010e-11
3.77204249e+00 6.12333718e-11
3.58553986e+00 6.52775165e-11
3.40825855e+00 6.96420445e-11
3.23974263e+00 7.43575221e-11
3.07955871e+00 7.94578029e-11
2.92729484e+00 8.49803951e-11
2.78255940e+00 9.09668679e-11
2.64498018e+00 9.74633025e-11
2.51420335e+00 1.04520792e-10
2.38989257e+00 1.12195994e-10
2.27172813e+00 1.20551744e-10
2.15940615e+00 1.29554754e-10
2.05263775e+00 1.39470539e-10
1.95114835e+00 1.50298268e-10
1.85467692e+00 1.62133092e-10
1.76297538e+00 1.75262113e-10
1.67580786e+00 1.89459670e-10
1.59295021e+00 2.05019759e-10
1.51418933e+00 2.22083964e-10
1.43932264e+00 2.40811616e-10
1.36815763e+00 2.61379309e-10
1.30051125e+00 2.83982743e-10
1.23620954e+00 3.08838753e-10
1.17508713e+00 3.36187563e-10
1.11698682e+00 3.66295254e-10
1.06175918e+00 3.99456512e-10
1.00926219e+00 4.35997644e-10
9.59360829e-01 4.76279918e-10
9.11926760e-01 5.20703249e-10
8.66837993e-01 5.69712760e-10
8.23978568e-01 6.23793725e-10
7.83238260e-01 6.83490308e-10
7.44512291e-01 7.49402122e-10
7.07701066e-01 8.22192417e-10
6.72709914e-01 9.02594732e-10
6.39448843e-01 9.91420210e-10
6.07832313e-01 1.08956567e-09
5.77779012e-01 1.19802249e-09
5.49211648e-01 1.31788639e-09
5.22056753e-01 1.45036819e-09
4.96244488e-01 1.59680565e-09
4.71708469e-01 1.75867647e-09
4.48385595e-01 1.93761252e-09
4.26215883e-01 2.13541556e-09
4.05142317e-01 2.35407432e-09
3.85110700e-01 2.59578334e-09
3.66069515e-01 2.86296341e-09
3.47969790e-01 3.15828403e-09
3.30764978e-01 3.48468780e-09
3.14410830e-01 3.84541697e-09
2.98865287e-01 4.24404228e-09
2.84088369e-01 4.68449420e-09
2.70042072e-01 5.17109672e-09
2.56690272e-01 5.70860369e-09
2.43998630e-01 6.30223791e-09
2.31934506e-01 6.95773298e-09
2.20466874e-01 7.68137788e-09
2.09566240e-01 8.48006418e-09
1.99204571e-01 9.36133597e-09
1.89355218e-01 1.03334421e-08
1.79992851e-01 1.14053904e-08
1.71093391e-01 1.25870038e-08
1.62633950e-01 1.38889773e-08
1.54592774e-01 1.53229351e-08
1.46949180e-01 1.69014874e-08
1.39683512e-01 1.86382851e-08
1.32777083e-01 2.05480700e-08
1.26212131e-01 2.26467202e-08
1.19971774e-01 2.49512862e-08
1.14039960e-01 2.74800131e-08
1.08401436e-01 3.02523456e-08
1.03041699e-01 3.32889044e-08
9.79469667e-02 3.66114248e-08
9.31041349e-02 4.02426408e-08
8.85007491e-02 4.42060916e-08
8.41249705e-02 4.85258236e-08
7.99655453e-02 5.32259523e-08
7.60117762e-02 5.83300415e-08
7.22534949e-02 6.38602569e-08
6.86810359e-02 6.98362495e-08
6.52852114e-02 7.62737353e-08
6.20572881e-02 8.31827560e-08
5.89889643e-02 9.05656372e-08
5.60723488e-02 9.84147054e-08
5.32999408e-02 1.06709881e-07
5.06646101e-02 1.15416324e-07
4.81595791e-02 1.24482384e-07
4.57784054e-02 1.33838120e-07
4.35149650e-02 1.43394711e-07
4.13634368e-02 1.53045013e-07
3.93182876e-02 1.62665460e-07
3.73742574e-02 1.72119352e-07
3.55263468e-02 1.81261415e-07
3.37698031e-02 1.89943344e-07
3.21001090e-02 1.98019874e-07
3.05129702e-02 2.05354855e-07
2.90043049e-02 2.11826798e-07
2.75702333e-02 2.17333436e-07
2.62070670e-02 2.21794982e-07
2.49113003e-02 2.25156132e-07
2.36796007e-02 2.27386413e-07
2.25088005e-02 2.28479666e-07
2.13958887e-02 2.28452450e-07
2.03380031e-02 2.27341830e-07
1.93324229e-02 2.25202753e-07
1.83765620e-02 2.22105192e-07
1.74679622e-02 2.18131207e-07
1.66042866e-02 2.13371996e-07
1.57833141e-02 2.07924996e-07
1.50029332e-02 2.01891097e-07
1.42611371e-02 1.95372001e-07
1.35560179e-02 1.88467790e-07
1.28857621e-02 1.81274763e-07
1.22486461e-02 1.73883602e-07
1.16430313e-02 1.66377903e-07
1.10673602e-02 1.58835286e-07
1.05201522e-02 1.51397140e-07
1.00000000e-02 1.44018598e-07
