1.00000000e+20 0.00000000e+00
9.50556592e+19 0.00000000e+00
9.03557835e+19 0.00000000e+00
8.58882856e+19 0.00000000e+00
8.16416760e+19 0.00000000e+00
7.76050334e+19 0.00000000e+00
7.37679760e+19 0.00000000e+00
7.01206359e+19 0.00000000e+00
6.66536327e+19 0.00000000e+00
6.33580499e+19 0.00000000e+00
6.02254120e+19 0.00000000e+00
5.72476624e+19 0.00000000e+00
5.44171429e+19 0.00000000e+00
5.17265739e+19 0.00000000e+00
4.91690358e+19 0.00000000e+00
4.67379511e+19 0.00000000e+00
4.44270675e+19 0.00000000e+00
4.22304419e+19 0.00000000e+00
4.01424249e+19 0.00000000e+00
3.81576466e+19 0.00000000e+00
3.62710025e+19 0.00000000e+00
3.44776405e+19 0.00000000e+00
3.27729485e+19 0.00000000e+00
3.11525422e+19 0.00000000e+00
2.96122544e+19 0.00000000e+00
2.81481236e+19 0.00000000e+00
2.67563844e+19 0.00000000e+00
2.54334576e+19 0.00000000e+00
2.41759408e+19 0.00000000e+00
2.29805999e+19 0.00000000e+00
2.18443607e+19 0.00000000e+00
2.07643011e+19 0.00000000e+00
1.97376433e+19 0.00000000e+00
1.87617469e+19 0.00000000e+00
1.78341022e+19 0.00000000e+00
1.69523234e+19 0.00000000e+00
1.61141428e+19 0.00000000e+00
1.53174046e+19 0.00000000e+00
1.45600600e+19 0.00000000e+00
1.38401610e+19 0.00000000e+00
1.31558562e+19 0.00000000e+00
1.25053859e+19 0.00000000e+00
1.18870770e+19 0.00000000e+00
1.12993394e+19 0.00000000e+00
1.07406615e+19 0.00000000e+00
1.02096066e+19 0.00000000e+00
9.70480888e+18 0.00000000e+00
9.22497005e+18 0.00000000e+00
8.76885609e+18 0.00000000e+00
8.33529397e+18 0.00000000e+00
7.92316862e+18 0.00000000e+00
7.53142017e+18 0.00000000e+00
7.15904109e+18 0.00000000e+00
6.80507370e+18 0.00000000e+00
6.46860766e+18 0.00000000e+00
6.14877765e+18 0.00000000e+00
5.84476113e+18 0.00000000e+00
5.55577622e+18 0.00000000e+00
5.28107971e+18 0.00000000e+00
5.01996513e+18 0.00000000e+00
4.77176095e+18 0.00000000e+00
4.53582883e+18 0.00000000e+00
4.31156199e+18 0.00000000e+00
4.09838367e+18 0.00000000e+00
3.89574562e+18 0.00000000e+00
3.70312668e+18 0.00000000e+00
3.52003147e+18 0.00000000e+00
3.34598912e+18 0.00000000e+00
3.18055202e+18 0.00000000e+00
3.02329468e+18 0.00000000e+00
2.87381269e+18 0.00000000e+00
2.73172160e+18 0.00000000e+00
2.59665597e+18 0.00000000e+00
2.46826845e+18 0.00000000e+00
2.34622885e+18 0.00000000e+00
2.23022330e+18 0.00000000e+00
2.11995346e+18 0.00000000e+00
2.01513573e+18 0.00000000e+00
1.91550056e+18 0.00000000e+00
1.82079168e+18 0.00000000e+00
1.73076553e+18 0.00000000e+00
1.64519059e+18 0.00000000e+00
1.56384676e+18 0.00000000e+00
1.48652484e+18 0.00000000e+00
1.41302599e+18 0.00000000e+00
1.34316117e+18 0.00000000e+00
1.27675070e+18 0.00000000e+00
1.21362380e+18 0.00000000e+00
1.15361810e+18 0.00000000e+00
1.09657929e+18 0.00000000e+00
1.04236067e+18 0.00000000e+00
9.90822810e+17 0.00000000e+00
9.41833153e+17 0.00000000e+00
8.95265713e+17 0.00000000e+00
8.51000725e+17 0.00000000e+00
8.08924349e+17 0.00000000e+00
7.68928372e+17 0.00000000e+00
7.30909933e+17 0.00000000e+00
6.94771255e+17 0.00000000e+00
6.60419396e+17 0.00000000e+00
6.27766011e+17 0.00000000e+00
5.96727120e+17 0.00000000e+00
5.67222897e+17 0.00000000e+00
5.39177464e+17 0.00000000e+00
5.12518693e+17 0.00000000e+00
4.87178022e+17 0.00000000e+00
4.63090280e+17 5.90413062e-58
4.40193519e+17 3.63161356e-56
4.18428851e+17 1.35648601e-54
3.97740302e+17 4.80776359e-53
3.78074666e+17 1.39020714e-51
3.59381366e+17 2.76941252e-50
3.41612327e+17 6.66372510e-49
3.24721849e+17 1.07690226e-47
3.08666494e+17 1.58601543e-46
2.93404971e+17 2.14628457e-45
2.78898029e+17 2.23747297e-44
2.65108360e+17 2.38769683e-43
2.52000499e+17 2.23192830e-42
2.39540736e+17 1.79808415e-41
2.27697026e+17 1.30291006e-40
2.16438909e+17 9.22691898e-40
2.05737431e+17 5.15671056e-39
1.95565072e+17 2.93747773e-38
1.85895668e+17 1.26910068e-37
1.76704353e+17 6.37247769e-37
1.67967487e+17 2.46486507e-36
1.59662602e+17 1.11501989e-35
1.51768339e+17 3.68638324e-35
1.44264395e+17 1.29120975e-34
1.37131472e+17 4.26888707e-34
1.30351224e+17 1.49524025e-33
1.23906216e+17 3.82768066e-33
1.17779870e+17 1.14594838e-32
1.11956432e+17 2.64281639e-32
1.06420924e+17 7.08369215e-32
1.01159111e+17 1.64069076e-31
9.61574600e+16 3.85153665e-31
9.14031075e+16 7.99765840e-31
8.68838264e+16 1.85237924e-30
8.25879939e+16 3.36878531e-30
7.85045620e+16 7.11440139e-30
7.46230289e+16 1.29792749e-29
7.09334120e+16 2.42953784e-29
6.74262224e+16 4.78662459e-29
6.40924402e+16 7.83123984e-29
6.09234915e+16 1.19765185e-28
5.79112265e+16 1.96996962e-28
5.50478981e+16 3.21896341e-28
5.23261424e+16 5.13701133e-28
4.97389596e+16 8.40449648e-28
4.72796959e+16 1.03998825e-27
4.49420266e+16 1.70504096e-27
4.27199397e+16 2.34846756e-27
4.06077203e+16 3.36811242e-27
3.85999362e+16 4.16406946e-27
3.66914238e+16 6.80912055e-27
3.48772747e+16 8.57383302e-27
3.31528234e+16 1.06095264e-26
3.15136348e+16 1.27840003e-26
2.99554933e+16 1.69588709e-26
2.84743917e+16 2.05026553e-26
2.70665207e+16 2.71387296e-26
2.57282597e+16 3.26645830e-26
2.44561668e+16 4.03891413e-26
2.32469706e+16 5.08403128e-26
2.20975611e+16 4.95914107e-26
2.10049824e+16 6.28088083e-26
1.99664245e+16 7.91338089e-26
1.89792164e+16 9.79339399e-26
1.80408193e+16 9.56086564e-26
1.71488197e+16 1.15319522e-25
1.63009236e+16 1.34168226e-25
1.54949504e+16 1.49423437e-25
1.47288272e+16 1.62631435e-25
1.40005838e+16 1.76976311e-25
1.33083472e+16 1.96752576e-25
1.26503372e+16 2.29540373e-25
1.20248614e+16 2.24899259e-25
1.14303113e+16 2.70975715e-25
1.08651577e+16 2.65836601e-25
1.03279473e+16 3.30046552e-25
9.81729841e+15 3.24727624e-25
9.33189772e+15 3.20266505e-25
8.87049689e+15 4.01831585e-25
8.43190929e+15 3.96796971e-25
8.01500696e+15 3.93061099e-25
7.61871770e+15 3.92749977e-25
7.24202233e+15 4.97658682e-25
6.88395207e+15 4.87373458e-25
6.54358602e+15 4.89249139e-25
6.22004883e+15 4.95630335e-25
5.91250841e+15 5.01765072e-25
5.62017385e+15 6.11008426e-25
5.34229330e+15 6.15120652e-25
5.07815211e+15 6.19093242e-25
4.82707097e+15 6.28932298e-25
4.58840413e+15 6.35301345e-25
4.36153779e+15 7.73661879e-25
4.14588850e+15 7.83460323e-25
3.94090164e+15 7.85056612e-25
3.74605003e+15 8.29595822e-25
3.56083255e+15 8.18670477e-25
3.38477286e+15 8.68462969e-25
3.21741815e+15 8.81851264e-25
3.05833803e+15 1.08982273e-24
2.90712338e+15 1.06261241e-24
2.76338529e+15 1.08505854e-24
2.62675410e+15 1.10119813e-24
2.49687843e+15 1.14553963e-24
2.37342425e+15 1.22272393e-24
2.25607407e+15 1.27250893e-24
2.14452608e+15 1.28244184e-24
2.03849340e+15 1.35762305e-24
1.93770334e+15 1.46538149e-24
1.84189668e+15 1.57247107e-24
1.75082703e+15 1.66517735e-24
1.66426018e+15 1.73124953e-24
1.58197348e+15 1.74644628e-24
1.50375532e+15 1.78423278e-24
1.42940453e+15 2.00947519e-24
1.35872990e+15 2.08222455e-24
1.29154967e+15 2.37713825e-24
1.22769105e+15 2.13878479e-24
1.16698982e+15 2.23838866e-24
1.10928986e+15 2.46665352e-24
1.05444279e+15 2.54459640e-24
1.00230755e+15 2.64383147e-24
9.52750047e+14 2.91461683e-24
9.05642838e+14 3.02742810e-24
8.60864770e+14 3.20334054e-24
8.18300682e+14 3.61609767e-24
7.77841107e+14 3.55781452e-24
7.39381992e+14 3.45268967e-24
7.02824426e+14 3.79452963e-24
6.68074392e+14 4.07935738e-24
6.35042517e+14 4.62809105e-24
6.03643851e+14 4.54707073e-24
5.73797641e+14 4.80960129e-24
5.45427131e+14 5.00671308e-24
5.18459354e+14 5.27259302e-24
4.92824957e+14 5.58318663e-24
4.68458012e+14 5.67670812e-24
4.45295851e+14 6.25093378e-24
4.23278907e+14 6.49399099e-24
4.02350555e+14 6.89741814e-24
3.82456972e+14 7.29724638e-24
3.63546996e+14 7.37804509e-24
3.45571994e+14 7.90783671e-24
3.28485737e+14 8.35583605e-24
3.12244282e+14 8.84647955e-24
2.96805861e+14 9.25231736e-24
2.82130768e+14 9.60941903e-24
2.68181261e+14 1.02172426e-23
2.54921465e+14 1.07282907e-23
2.42317279e+14 1.10445446e-23
2.30336287e+14 1.18949626e-23
2.18947676e+14 1.24602371e-23
2.08122157e+14 1.28502860e-23
1.97831888e+14 1.37865265e-23
1.88050406e+14 1.46190087e-23
1.78752553e+14 1.55107057e-23
1.69914417e+14 1.63358398e-23
1.61513269e+14 1.69614190e-23
1.53527503e+14 1.79944685e-23
1.45936580e+14 1.90374878e-23
1.38720978e+14 1.97636830e-23
1.31862140e+14 2.07576683e-23
1.25342427e+14 2.17540839e-23
1.19145070e+14 2.27883866e-23
1.13254132e+14 2.37326261e-23
1.07654461e+14 2.54465011e-23
1.02331658e+14 2.66937990e-23
9.72720319e+13 2.81428855e-23
9.24625712e+13 2.93540506e-23
8.78909065e+13 3.12417611e-23
8.35452806e+13 3.26690752e-23
7.94145172e+13 3.43613416e-23
7.54879928e+13 3.64175831e-23
7.17556092e+13 3.82082862e-23
6.82077673e+13 4.00889959e-23
6.48353429e+13 4.21564332e-23
6.16296626e+13 4.44274963e-23
5.85824820e+13 4.66301338e-23
5.56859644e+13 4.91097971e-23
5.29326606e+13 5.17966116e-23
5.03154895e+13 5.44997507e-23
4.78277202e+13 5.73498784e-23
4.54629547e+13 6.02673766e-23
4.32151113e+13 6.29807669e-23
4.10784089e+13 6.65599618e-23
3.90473524e+13 7.00808070e-23
3.71167182e+13 7.38244124e-23
3.52815412e+13 7.75113687e-23
3.35371015e+13 8.13052931e-23
3.18789129e+13 8.58957307e-23
3.03027108e+13 9.04012515e-23
2.88044415e+13 9.46999547e-23
2.73802518e+13 9.96100018e-23
2.60264788e+13 1.04994191e-22
2.47396410e+13 1.10306943e-22
2.35164288e+13 1.15823164e-22
2.23536965e+13 1.22224831e-22
2.12484535e+13 1.28842465e-22
2.01978576e+13 1.35093153e-22
1.91992067e+13 1.42378221e-22
1.82499324e+13 1.49690458e-22
1.73475936e+13 1.57607582e-22
1.64898694e+13 1.66025710e-22
1.56745541e+13 1.74186970e-22
1.48995507e+13 1.83408317e-22
1.41628662e+13 1.93201822e-22
1.34626058e+13 2.03132599e-22
1.27969687e+13 2.13477226e-22
1.21642429e+13 2.24260201e-22
1.15628013e+13 2.36183589e-22
1.09910970e+13 2.48788312e-22
1.04476597e+13 2.61757576e-22
9.93109181e+12 2.75316634e-22
9.44006479e+12 2.89263118e-22
8.97331581e+12 3.04481170e-22
8.52964450e+12 3.20238124e-22
8.10790981e+12 3.37381499e-22
7.70702711e+12 3.54703214e-22
7.32596543e+12 3.73027752e-22
6.96374473e+12 3.92146030e-22
6.61943346e+12 4.13054847e-22
6.29214611e+12 4.34229494e-22
5.98104096e+12 4.56968927e-22
5.68531791e+12 4.80694775e-22
5.40421642e+12 5.05885644e-22
5.13701354e+12 5.31804871e-22
4.88302209e+12 5.59873065e-22
4.64158883e+12 5.88856306e-22
4.41209286e+12 6.19398923e-22
4.19394396e+12 6.51980510e-22
3.98658107e+12 6.85561046e-22
3.78947092e+12 7.21349964e-22
3.60210656e+12 7.58679851e-22
3.42400614e+12 7.97919932e-22
3.25471161e+12 8.39828887e-22
3.09378757e+12 8.83472808e-22
2.94082017e+12 9.29222465e-22
2.79541600e+12 9.77739218e-22
2.65720111e+12 1.02848954e-21
2.52582003e+12 1.08217056e-21
2.40093488e+12 1.13836576e-21
2.28222447e+12 1.19737230e-21
2.16938352e+12 1.25992182e-21
2.06212180e+12 1.32504865e-21
1.96016347e+12 1.39436498e-21
1.86324631e+12 1.46695119e-21
1.77112106e+12 1.54293454e-21
1.68355080e+12 1.62325098e-21
1.60031031e+12 1.70776069e-21
1.52118552e+12 1.79661062e-21
1.44597292e+12 1.89021987e-21
1.37447909e+12 1.98866595e-21
1.30652016e+12 2.09173552e-21
1.24192135e+12 2.20054357e-21
1.18051653e+12 2.31504744e-21
1.12214777e+12 2.43550113e-21
1.06666496e+12 2.56237469e-21
1.01392541e+12 2.69555843e-21
9.63793480e+11 2.83588794e-21
9.16140246e+11 2.98305453e-21
8.70843150e+11 3.13869263e-21
8.27785697e+11 3.30183470e-21
7.86857151e+11 3.47349857e-21
7.47952252e+11 3.65389048e-21
7.10970943e+11 3.84450303e-21
6.75818117e+11 4.04426041e-21
6.42403366e+11 4.25403477e-21
6.10640754e+11 4.47565032e-21
5.80448594e+11 4.70843405e-21
5.51749238e+11 4.95335012e-21
5.24468875e+11 5.21111358e-21
4.98537346e+11 5.48203938e-21
4.73887961e+11 5.76766812e-21
4.50457325e+11 6.06742145e-21
4.28185180e+11 6.38293134e-21
4.07014245e+11 6.71490015e-21
3.86890074e+11 7.06437158e-21
3.67760910e+11 7.43174453e-21
3.49577557e+11 7.81840854e-21
3.32293252e+11 8.22510280e-21
3.15863541e+11 8.65301869e-21
3.00246171e+11 9.10260988e-21
2.85400977e+11 9.57592549e-21
2.71289780e+11 1.00744019e-20
2.57876289e+11 1.05979930e-20
2.45126006e+11 1.11495062e-20
2.33006141e+11 1.17296769e-20
2.21485523e+11 1.23397456e-20
2.10534524e+11 1.29818191e-20
2.00124980e+11 1.36565801e-20
1.90230119e+11 1.43669798e-20
1.80824493e+11 1.51146612e-20
1.71883914e+11 1.59007853e-20
1.63385388e+11 1.67277141e-20
1.55307057e+11 1.75978063e-20
1.47628147e+11 1.85132835e-20
1.40328908e+11 1.94761739e-20
1.33390569e+11 2.04892846e-20
1.26795285e+11 2.15553694e-20
1.20526094e+11 2.26760958e-20
1.14566873e+11 2.38554239e-20
1.08902296e+11 2.50963593e-20
1.03517796e+11 2.64018818e-20
9.83995230e+10 2.77753770e-20
9.35343152e+10 2.92199299e-20
8.89096599e+10 3.07399987e-20
8.45136633e+10 3.23387613e-20
8.03350198e+10 3.40210171e-20
7.63629826e+10 3.57903853e-20
7.25873365e+10 3.76522848e-20
6.89983712e+10 3.96108271e-20
6.55868566e+10 4.16709134e-20
6.23440189e+10 4.38385107e-20
5.92615181e+10 4.61189435e-20
5.63314267e+10 4.85176542e-20
5.35462090e+10 5.10414695e-20
5.08987019e+10 5.36960569e-20
4.83820966e+10 5.64892738e-20
4.59899209e+10 5.94276236e-20
4.37160225e+10 6.25188029e-20
4.15545533e+10 6.57706188e-20
3.94999546e+10 6.91918808e-20
3.75469422e+10 7.27905372e-20
3.56904935e+10 7.65765893e-20
3.39258338e+10 8.05600805e-20
3.22484250e+10 8.47505037e-20
3.06539530e+10 8.91590405e-20
2.91383170e+10 9.37966995e-20
2.76976194e+10 9.86754905e-20
2.63281547e+10 1.03807770e-19
2.50264010e+10 1.09207562e-19
2.37890104e+10 1.14888012e-19
2.26128007e+10 1.20863775e-19
2.14947467e+10 1.27150625e-19
2.04319732e+10 1.33764300e-19
1.94217468e+10 1.40722277e-19
1.84614695e+10 1.48041755e-19
1.75486715e+10 1.55742197e-19
1.66810054e+10 1.63843282e-19
1.58562396e+10 1.72365732e-19
1.50722531e+10 1.81331464e-19
1.43270295e+10 1.90763325e-19
1.36186524e+10 2.00685866e-19
1.29452998e+10 2.11124561e-19
1.23052400e+10 2.22106431e-19
1.16968270e+10 2.33659270e-19
1.11184960e+10 2.45812962e-19
1.05687597e+10 2.58599159e-19
1.00462042e+10 2.72049884e-19
9.54948564e+09 2.86200826e-19
9.07732653e+09 3.01087993e-19
8.62851257e+09 3.16748427e-19
8.20188950e+09 3.33224864e-19
7.79636013e+09 3.50556951e-19
7.41088152e+09 3.68791525e-19
7.04446228e+09 3.87974684e-19
6.69616005e+09 4.08154822e-19
6.36507908e+09 4.29385086e-19
6.05036788e+09 4.51720177e-19
5.75121707e+09 4.75215452e-19
5.46685730e+09 4.99934040e-19
5.19655724e+09 5.25938894e-19
4.93962174e+09 5.53295426e-19
4.69539001e+09 5.82074810e-19
4.46323393e+09 6.12352159e-19
4.24255643e+09 6.44204092e-19
4.03278998e+09 6.77712497e-19
3.83339510e+09 7.12963489e-19
3.64385898e+09 7.50048535e-19
3.46369418e+09 7.89062606e-19
3.29243733e+09 8.30105779e-19
3.12964801e+09 8.73284455e-19
2.97490755e+09 9.18707964e-19
2.82781798e+09 9.66494883e-19
2.68800102e+09 1.01676660e-18
2.55509709e+09 1.06965511e-18
2.42876438e+09 1.12529355e-18
2.30867799e+09 1.18382572e-18
2.19452909e+09 1.24540260e-18
2.08602409e+09 1.31018217e-18
1.98288395e+09 1.37833152e-18
1.88484341e+09 1.45002560e-18
1.79165033e+09 1.52544919e-18
1.70306503e+09 1.60479594e-18
1.61885969e+09 1.68826934e-18
1.53881775e+09 1.77608515e-18
1.46273336e+09 1.86846890e-18
1.39041083e+09 1.96565776e-18
1.32166418e+09 2.06790233e-18
1.25631660e+09 2.17546406e-18
1.19420003e+09 2.28862199e-18
1.13515471e+09 2.40766421e-18
1.07902879e+09 2.53289953e-18
1.02567793e+09 2.66464869e-18
9.74964918e+08 2.80325122e-18
9.26759330e+08 2.94906284e-18
8.80937190e+08 3.10245929e-18
8.37380654e+08 3.26383414e-18
7.95977700e+08 3.43360299e-18
7.56621850e+08 3.61220259e-18
7.19211887e+08 3.80009236e-18
6.83651600e+08 3.99775485e-18
6.49849535e+08 4.20569826e-18
6.17718760e+08 4.42445981e-18
5.87176639e+08 4.65459947e-18
5.58144625e+08 4.89670939e-18
5.30548053e+08 5.15141184e-18
5.04315949e+08 5.41936393e-18
4.79380850e+08 5.70125301e-18
4.55678627e+08 5.99780539e-18
4.33148322e+08 6.30978182e-18
4.11731993e+08 6.63798672e-18
3.91374560e+08 6.98326360e-18
3.72023668e+08 7.34649906e-18
3.53629550e+08 7.72862883e-18
3.36144900e+08 8.13063519e-18
3.19524751e+08 8.55355251e-18
3.03726358e+08 8.99846726e-18
2.88709092e+08 9.46652399e-18
2.74434330e+08 9.95892729e-18
2.60865362e+08 1.04769430e-17
2.47967289e+08 1.10219038e-17
2.35706941e+08 1.15952101e-17
2.24052787e+08 1.21983378e-17
2.12974854e+08 1.28328376e-17
2.02444651e+08 1.35003398e-17
1.92435098e+08 1.42025630e-17
1.82920450e+08 1.49413124e-17
1.73876240e+08 1.57184878e-17
1.65279206e+08 1.65360889e-17
1.57107239e+08 1.73962171e-17
1.49339322e+08 1.83010849e-17
1.41955477e+08 1.92530193e-17
1.34936714e+08 2.02544691e-17
1.28264983e+08 2.13080104e-17
1.21923125e+08 2.24163516e-17
1.15894830e+08 2.35823430e-17
1.10164595e+08 2.48089836e-17
1.04717682e+08 2.60994280e-17
9.95400829e+07 2.74569953e-17
9.46184819e+07 2.88851769e-17
8.99402217e+07 3.03876458e-17
8.54932707e+07 3.19682663e-17
8.12661920e+07 3.36311021e-17
7.72481145e+07 3.53804306e-17
7.34287045e+07 3.72207525e-17
6.97981391e+07 3.91567973e-17
6.63470812e+07 4.11935473e-17
6.30666554e+07 4.33362386e-17
5.99484250e+07 4.55903823e-17
5.69843706e+07 4.79617759e-17
5.41668691e+07 5.04565182e-17
5.14886745e+07 5.30810254e-17
4.89428990e+07 5.58420460e-17
4.65229952e+07 5.87466825e-17
4.42227398e+07 6.18024034e-17
4.20362168e+07 6.50170696e-17
3.99578030e+07 6.83989462e-17
3.79821531e+07 7.19567319e-17
3.61041860e+07 7.56995774e-17
3.43190720e+07 7.96371082e-17
3.26222201e+07 8.37794494e-17
3.10092664e+07 8.81372563e-17
2.94760626e+07 9.27217343e-17
2.80186656e+07 9.75446760e-17
2.66333273e+07 1.02618483e-16
2.53164848e+07 1.07956206e-16
2.40647515e+07 1.13571571e-16
2.28749082e+07 1.19479022e-16
2.17438948e+07 1.25693749e-16
2.06688025e+07 1.32231737e-16
1.96468665e+07 1.39109800e-16
1.86754584e+07 1.46345627e-16
1.77520801e+07 1.53957826e-16
1.68743568e+07 1.61965977e-16
1.60400311e+07 1.70390672e-16
1.52469573e+07 1.79253580e-16
1.44930957e+07 1.88577495e-16
1.37765077e+07 1.98386395e-16
1.30953502e+07 2.08705506e-16
1.24478715e+07 2.19561369e-16
1.18324063e+07 2.30981902e-16
1.12473718e+07 2.42996476e-16
1.06912634e+07 2.55635991e-16
1.01626509e+07 2.68932954e-16
9.66017480e+06 2.82921561e-16
9.18254284e+06 2.97637789e-16
8.72852662e+06 3.13119483e-16
8.29695852e+06 3.29406463e-16
7.88672862e+06 3.46540612e-16
7.49678187e+06 3.64565999e-16
7.12611543e+06 3.83528980e-16
6.77377600e+06 4.03478325e-16
6.43885743e+06 4.24465339e-16
6.12049837e+06 4.46543998e-16
5.81788007e+06 4.69771083e-16
5.53022426e+06 4.94206331e-16
5.25679112e+06 5.19912583e-16
4.99687745e+06 5.46955952e-16
4.74981480e+06 5.75405988e-16
4.51496777e+06 6.05335858e-16
4.29173238e+06 6.36822538e-16
4.07953450e+06 6.69947006e-16
3.87782841e+06 7.04794450e-16
3.68609536e+06 7.41454491e-16
3.50384225e+06 7.80021413e-16
3.33060034e+06 8.20594403e-16
3.16592411e+06 8.63277807e-16
3.00939003e+06 9.08181397e-16
2.86059554e+06 9.55420658e-16
2.71915794e+06 1.00511708e-15
2.58471351e+06 1.05739847e-15
2.45691646e+06 1.11239930e-15
2.33543814e+06 1.17026100e-15
2.21996612e+06 1.23113240e-15
2.11020343e+06 1.29517003e-15
2.00586778e+06 1.36253860e-15
1.90669084e+06 1.43341136e-15
1.81241755e+06 1.50797058e-15
1.72280545e+06 1.58640802e-15
1.63762407e+06 1.66892541e-15
1.55665436e+06 1.75573495e-15
1.47968806e+06 1.84705992e-15
1.40652724e+06 1.94313518e-15
1.33698374e+06 2.04420781e-15
1.27087871e+06 2.15053777e-15
1.20804213e+06 2.26239851e-15
1.14831241e+06 2.38007771e-15
1.09153594e+06 2.50387802e-15
1.03756668e+06 2.63411785e-15
9.86265846e+05 2.77113213e-15
9.37501502e+05 2.91527325e-15
8.91148232e+05 3.06691190e-15
8.47086827e+05 3.22643809e-15
8.05203967e+05 3.39426207e-15
7.65391939e+05 3.57081547e-15
7.27548353e+05 3.75655234e-15
6.91575883e+05 3.95195036e-15
6.57382014e+05 4.15751208e-15
6.24878807e+05 4.37376615e-15
5.93982669e+05 4.60126874e-15
5.64614142e+05 4.84060494e-15
5.36697695e+05 5.09239029e-15
5.10161531e+05 5.35727234e-15
4.84937407e+05 5.63593232e-15
4.60960449e+05 5.92908688e-15
4.38168993e+05 6.23748997e-15
4.16504425e+05 6.56193476e-15
3.95911027e+05 6.90325566e-15
3.76335836e+05 7.26233048e-15
3.57728510e+05 7.64008270e-15
3.40041193e+05 8.03748385e-15
3.23228398e+05 8.45555597e-15
3.07246884e+05 8.89537426e-15
2.92055551e+05 9.35806988e-15
2.77615329e+05 9.84483280e-15
2.63889081e+05 1.03569149e-14
2.50841506e+05 1.08956331e-14
2.38439047e+05 1.14623731e-14
2.26649808e+05 1.20585922e-14
2.15443469e+05 1.26858239e-14
2.04791210e+05 1.33456814e-14
1.94665634e+05 1.40398617e-14
1.85040702e+05 1.47701502e-14
1.75891659e+05 1.55384249e-14
1.67194976e+05 1.63466619e-14
1.58928287e+05 1.71969397e-14
1.51070330e+05 1.80914453e-14
1.43600898e+05 1.90324790e-14
1.36500781e+05 2.00224611e-14
1.29751717e+05 2.10639378e-14
1.23336350e+05 2.21595876e-14
1.17238180e+05 2.33122282e-14
1.11441525e+05 2.45248243e-14
1.05931476e+05 2.58004943e-14
1.00693863e+05 2.71425193e-14
9.57152154e+04 2.85543507e-14
9.09827289e+04 3.00396196e-14
8.64842328e+04 3.16021460e-14
8.22081576e+04 3.32459485e-14
7.81435061e+04 3.49752548e-14
7.42798248e+04 3.67945125e-14
7.06071771e+04 3.87084005e-14
6.71161177e+04 4.07218414e-14
6.37976681e+04 4.28400134e-14
6.06432940e+04 4.50683643e-14
5.76448828e+04 4.74126254e-14
5.47947234e+04 4.98788259e-14
5.20854855e+04 5.24733087e-14
4.95102016e+04 5.52027468e-14
4.70622485e+04 5.80741601e-14
4.47353305e+04 6.10949338e-14
4.25234633e+04 6.42728374e-14
4.04209584e+04 6.76160442e-14
3.84224085e+04 7.11331532e-14
3.65226736e+04 7.48332101e-14
3.47168682e+04 7.87257318e-14
3.30003479e+04 8.28207297e-14
3.13686982e+04 8.71287365e-14
2.98177229e+04 9.16608325e-14
2.83434331e+04 9.64286746e-14
2.69420371e+04 1.01444526e-13
2.56099310e+04 1.06721288e-13
2.43436887e+04 1.12272533e-13
2.31400538e+04 1.18112539e-13
2.19959307e+04 1.24256328e-13
2.09083769e+04 1.30719702e-13
1.98745955e+04 1.37519286e-13
1.88919278e+04 1.44672571e-13
1.79578465e+04 1.52197955e-13
1.70699493e+04 1.60114796e-13
1.62259529e+04 1.68443458e-13
1.54236865e+04 1.77205365e-13
1.46610868e+04 1.86423054e-13
1.39361927e+04 1.96120237e-13
1.32471399e+04 2.06321858e-13
1.25921561e+04 2.17054160e-13
1.19695570e+04 2.28344750e-13
1.13777413e+04 2.40222673e-13
1.08151870e+04 2.52718485e-13
1.02804473e+04 2.65864330e-13
9.77214697e+03 2.79694028e-13
9.28897872e+03 2.94243155e-13
8.82969996e+03 3.09549143e-13
8.39312950e+03 3.25651367e-13
7.97814457e+03 3.42591254e-13
7.58367791e+03 3.60412386e-13
7.20871503e+03 3.79160614e-13
6.85229160e+03 3.98884174e-13
6.51349095e+03 4.19633813e-13
6.19144176e+03 4.41462918e-13
5.88531578e+03 4.64427658e-13
5.59432571e+03 4.88587122e-13
5.31772318e+03 5.14003476e-13
5.05479682e+03 5.40742123e-13
4.80487044e+03 5.68871869e-13
4.56730127e+03 5.98465103e-13
4.34147833e+03 6.29597982e-13
4.12682085e+03 6.62350628e-13
3.92277676e+03 6.96807334e-13
3.72882131e+03 7.33056783e-13
3.54445567e+03 7.71192275e-13
3.36920571e+03 8.11311969e-13
3.20262069e+03 8.53519136e-13
3.04427221e+03 8.97922423e-13
2.89375302e+03 9.44636138e-13
2.75067601e+03 9.93780542e-13
2.61467321e+03 1.04548216e-12
2.48539486e+03 1.09987411e-12
2.36250847e+03 1.15709645e-12
2.24569800e+03 1.21729651e-12
2.13466303e+03 1.28062934e-12
2.02911802e+03 1.34725803e-12
1.92879151e+03 1.41735419e-12
1.83342548e+03 1.49109837e-12
1.74277468e+03 1.56868054e-12
1.65660596e+03 1.65030055e-12
1.57469771e+03 1.73616871e-12
1.49683929e+03 1.82650625e-12
1.42283046e+03 1.92154598e-12
1.35248087e+03 2.02153282e-12
1.28560961e+03 2.12672450e-12
1.22204469e+03 2.23739217e-12
1.16162263e+03 2.35382114e-12
1.10418805e+03 2.47631161e-12
1.04959323e+03 2.60517947e-12
9.97697764e+02 2.74075707e-12
9.48368187e+02 2.88339416e-12
9.01477631e+02 3.03345871e-12
8.56905505e+02 3.19133797e-12
8.14537177e+02 3.35743939e-12
7.74263683e+02 3.53219173e-12
7.35981448e+02 3.71604619e-12
6.99592017e+02 3.90947753e-12
6.65001803e+02 4.11298538e-12
6.32121848e+02 4.32709552e-12
6.00867589e+02 4.55236125e-12
5.71158648e+02 4.78936485e-12
5.42918618e+02 5.03871912e-12
5.16074871e+02 5.30106895e-12
4.90558371e+02 5.57709307e-12
4.66303493e+02 5.86750583e-12
4.43247859e+02 6.17305906e-12
4.21332174e+02 6.49454406e-12
4.00500076e+02 6.83279372e-12
3.80697987e+02 7.18868472e-12
3.61874981e+02 7.56313985e-12
3.43982649e+02 7.95713048e-12
3.26974974e+02 8.37167915e-12
3.10808217e+02 8.80786227e-12
2.95440800e+02 9.26681307e-12
2.80833200e+02 9.74972459e-12
2.66947849e+02 1.02578529e-11
2.53749038e+02 1.07925205e-11
2.41202821e+02 1.13551200e-11
2.29276931e+02 1.19471177e-11
2.17940698e+02 1.25700576e-11
2.07164968e+02 1.32255659e-11
1.96922026e+02 1.39153553e-11
1.87185529e+02 1.46412295e-11
1.77930439e+02 1.54050885e-11
1.69132952e+02 1.62089338e-11
1.60770442e+02 1.70548740e-11
1.52821404e+02 1.79451304e-11
1.45265393e+02 1.88820440e-11
1.38082977e+02 1.98680813e-11
1.31255684e+02 2.09058419e-11
1.24765955e+02 2.19980658e-11
1.18597101e+02 2.31476414e-11
1.12733256e+02 2.43576136e-11
1.07159340e+02 2.56311933e-11
1.01861017e+02 2.69717666e-11
9.68246612e+01 2.83829046e-11
9.20373200e+01 2.98683750e-11
8.74866812e+01 3.14321527e-11
8.31610415e+01 3.30784326e-11
7.90492762e+01 3.48116426e-11
7.51408106e+01 3.66364573e-11
7.14255929e+01 3.85578132e-11
6.78940681e+01 4.05809246e-11
6.45371540e+01 4.27113004e-11
6.13462172e+01 4.49547632e-11
5.83130511e+01 4.73174682e-11
5.54298552e+01 4.98059248e-11
5.26892142e+01 5.24270195e-11
5.00840799e+01 5.51880403e-11
4.76077523e+01 5.80967031e-11
4.52538628e+01 6.11611806e-11
4.30163576e+01 6.43901334e-11
4.08894823e+01 6.77927434e-11
3.88677669e+01 7.13787504e-11
3.69460121e+01 7.51584915e-11
3.51192753e+01 7.91429450e-11
3.33828586e+01 8.33437766e-11
3.17322963e+01 8.77733915e-11
3.01633435e+01 9.24449905e-11
2.86719650e+01 9.71927642e-11
2.72543253e+01 1.02362438e-10
2.59067786e+01 1.07814472e-10
2.46258592e+01 1.13565191e-10
2.34082728e+01 1.19631974e-10
2.22508880e+01 1.26033334e-10
2.11507282e+01 1.32789013e-10
2.01049642e+01 1.39920074e-10
1.91109062e+01 1.47449012e-10
1.81659979e+01 1.55399871e-10
1.72678090e+01 1.63798374e-10
1.64140297e+01 1.72672067e-10
1.56024641e+01 1.82050478e-10
1.48310251e+01 1.91968828e-10
1.40977287e+01 2.02444841e-10
1.34006890e+01 2.13526850e-10
1.27381132e+01 2.25257031e-10
1.21082975e+01 2.37680638e-10
1.15096220e+01 2.50835601e-10
1.09405471e+01 2.64775578e-10
1.03996091e+01 2.79553116e-10
9.88541702e+00 2.95225184e-10
9.39664831e+00 3.11854938e-10
8.93204600e+00 3.29510267e-10
8.49041520e+00 3.48265337e-10
8.07062014e+00 3.68200720e-10
7.67158118e+00 3.89404263e-10
7.29227206e+00 4.11971868e-10
6.93171728e+00 4.36008266e-10
6.58898955e+00 4.61628042e-10
6.26320745e+00 4.88956670e-10
5.95353313e+00 5.18131721e-10
5.65917016e+00 5.49304191e-10
5.37936150e+00 5.82639981e-10
5.11338754e+00 6.18321555e-10
4.86056423e+00 6.56549781e-10
4.62024137e+00 6.97545986e-10
4.39180089e+00 7.41554240e-10
4.17465529e+00 7.88843903e-10
3.96824610e+00 8.39712455e-10
3.77204249e+00 8.94488641e-10
3.58553986e+00 9.53535970e-10
3.40825855e+00 1.01725660e-09
3.23974263e+00 1.08609564e-09
3.07955871e+00 1.16054594e-09
2.92729484e+00 1.24115338e-09
2.78255940e+00 1.32852274e-09
2.64498018e+00 1.42332420e-09
2.51420335e+00 1.52630055e-09
2.38989257e+00 1.63827508e-09
2.27172813e+00 1.76016042e-09
2.15940615e+00 1.89146241e-09
2.05263775e+00 2.03605440e-09
1.95114835e+00 2.19391375e-09
1.85467692e+00 2.36641900e-09
1.76297538e+00 2.55775498e-09
1.67580786e+00 2.76460016e-09
1.59295021e+00 2.99123240e-09
1.51418933e+00 3.23969502e-09
1.43932264e+00 3.51228515e-09
1.36815763e+00 3.81154554e-09
1.30051125e+00 4.14028992e-09
1.23620954e+00 4.50163102e-09
1.17508713e+00 4.89901115e-09
1.11698682e+00 5.33623581e-09
1.06175918e+00 5.81751047e-09
1.00926219e+00 6.34748079e-09
9.59360829e-01 6.93127661e-09
9.11926760e-01 7.57455996e-09
8.66837993e-01 8.28361401e-09
8.23978568e-01 9.06526002e-09
7.83238260e-01 9.92712125e-09
7.44512291e-01 1.08775595e-08
7.07701066e-01 1.19257794e-08
6.72709914e-01 1.30819067e-08
6.39448843e-01 1.43570720e-08
6.07832313e-01 1.57635013e-08
5.77779012e-01 1.73146122e-08
5.49211648e-01 1.90251158e-08
5.22056753e-01 2.09111251e-08
4.96244488e-01 2.29902687e-08
4.71708469e-01 2.52818088e-08
4.48385595e-01 2.78067645e-08
4.26215883e-01 3.05880366e-08
4.05142317e-01 3.36505352e-08
3.85110700e-01 3.70213055e-08
3.66069515e-01 4.07296517e-08
3.47969790e-01 4.48072540e-08
3.30764978e-01 4.92882760e-08
3.14410830e-01 5.42094582e-08
2.98865287e-01 5.96101915e-08
2.84088369e-01 6.55325650e-08
2.70042072e-01 7.20213812e-08
2.56690272e-01 7.91241303e-08
2.43998630e-01 8.68909147e-08
2.31934506e-01 9.53743137e-08
2.20466874e-01 1.04629179e-07
2.09566240e-01 1.14712347e-07
1.99204571e-01 1.25682260e-07
1.89355218e-01 1.37598486e-07
1.79992851e-01 1.50521115e-07
1.71093391e-01 1.64510043e-07
1.62633950e-01 1.79624109e-07
1.54592774e-01 1.95920101e-07
1.46949180e-01 2.13451610e-07
1.39683512e-01 2.32267733e-07
1.32777083e-01 2.52411612e-07
1.26212131e-01 2.73918806e-07
1.19971774e-01 2.96815470e-07
1.14039960e-01 3.21116302e-07
1.08401436e-01 3.46822225e-07
1.03041699e-01 3.73917715e-07
9.79469667e-02 4.02367697e-07
9.31041349e-02 4.32113926e-07
8.85007491e-02 4.63070754e-07
8.41249705e-02 4.95120275e-07
7.99655453e-02 5.28106895e-07
7.60117762e-02 5.61831519e-07
7.22534949e-02 5.96045747e-07
6.86810359e-02 6.30446653e-07
6.52852114e-02 6.64672916e-07
6.20572881e-02 6.98303744e-07
5.89889643e-02 7.30860596e-07
5.60723488e-02 7.61814220e-07
5.32999408e-02 7.90596720e-07
5.06646101e-02 8.16619389e-07
4.81595791e-02 8.39295842e-07
4.57784054e-02 8.58069236e-07
4.35149650e-02 8.72441526e-07
4.13634368e-02 8.82002103e-07
3.93182876e-02 8.86452873e-07
3.73742574e-02 8.85627033e-07
3.55263468e-02 8.79499504e-07
3.37698031e-02 8.68187991e-07
3.21001090e-02 8.51944844e-07
3.05129702e-02 8.31141001e-07
2.90043049e-02 8.06386673e-07
2.75702333e-02 7.78182394e-07
2.62070670e-02 7.47022175e-07
2.49113003e-02 7.12600193e-07
2.36796007e-02 6.77051532e-07
2.25088005e-02 6.40320579e-07
2.13958887e-02 6.02946799e-07
2.03380031e-02 5.65447085e-07
1.93324229e-02 5.28256080e-07
1.83765620e-02 4.91759732e-07
1.74679622e-02 4.41319636e-07
1.66042866e-02 4.09766953e-07
1.57833141e-02 3.79625144e-07
1.50029332e-02 3.58343292e-07
1.42611371e-02 3.29041283e-07
1.35560179e-02 3.01548132e-07
1.28857621e-02 2.75884561e-07
1.22486461e-02 2.52038773e-07
1.16430313e-02 2.29972346e-07
1.10673602e-02 2.09625842e-07
1.05201522e-02 1.90923983e-07
1.00000000e-02 1.73780279e-07
