1.00000000e+20 0.00000000e+00
9.50556592e+19 0.00000000e+00
9.03557835e+19 0.00000000e+00
8.58882856e+19 0.00000000e+00
8.16416760e+19 0.00000000e+00
7.76050334e+19 0.00000000e+00
7.37679760e+19 0.00000000e+00
7.01206359e+19 0.00000000e+00
6.66536327e+19 0.00000000e+00
6.33580499e+19 0.00000000e+00
6.02254120e+19 0.00000000e+00
5.72476624e+19 0.00000000e+00
5.44171429e+19 0.00000000e+00
5.17265739e+19 0.00000000e+00
4.91690358e+19 0.00000000e+00
4.67379511e+19 0.00000000e+00
4.44270675e+19 0.00000000e+00
4.22304419e+19 0.00000000e+00
4.01424249e+19 0.00000000e+00
3.81576466e+19 0.00000000e+00
3.62710025e+19 0.00000000e+00
3.44776405e+19 0.00000000e+00
3.27729485e+19 0.00000000e+00
3.11525422e+19 0.00000000e+00
2.96122544e+19 0.00000000e+00
2.81481236e+19 0.00000000e+00
2.67563844e+19 0.00000000e+00
2.54334576e+19 0.00000000e+00
2.41759408e+19 0.00000000e+00
2.29805999e+19 0.00000000e+00
2.18443607e+19 0.00000000e+00
2.07643011e+19 0.00000000e+00
1.97376433e+19 0.00000000e+00
1.87617469e+19 0.00000000e+00
1.78341022e+19 0.00000000e+00
1.69523234e+19 0.00000000e+00
1.61141428e+19 0.00000000e+00
1.53174046e+19 0.00000000e+00
1.45600600e+19 0.00000000e+00
1.38401610e+19 0.00000000e+00
1.31558562e+19 0.00000000e+00
1.25053859e+19 0.00000000e+00
1.18870770e+19 0.00000000e+00
1.12993394e+19 0.00000000e+00
1.07406615e+19 0.00000000e+00
1.02096066e+19 0.00000000e+00
9.70480888e+18 0.00000000e+00
9.22497005e+18 0.00000000e+00
8.76885609e+18 0.00000000e+00
8.33529397e+18 0.00000000e+00
7.92316862e+18 0.00000000e+00
7.53142017e+18 0.00000000e+00
7.15904109e+18 0.00000000e+00
6.80507370e+18 0.00000000e+00
6.46860766e+18 0.00000000e+00
6.14877765e+18 0.00000000e+00
5.84476113e+18 0.00000000e+00
5.55577622e+18 0.00000000e+00
5.28107971e+18 0.00000000e+00
5.01996513e+18 0.00000000e+00
4.77176095e+18 0.00000000e+00
4.53582883e+18 0.00000000e+00
4.31156199e+18 0.00000000e+00
4.09838367e+18 0.00000000e+00
3.89574562e+18 0.00000000e+00
3.70312668e+18 0.00000000e+00
3.52003147e+18 0.00000000e+00
3.34598912e+18 0.00000000e+00
3.18055202e+18 0.00000000e+00
3.02329468e+18 0.00000000e+00
2.87381269e+18 0.00000000e+00
2.73172160e+18 0.00000000e+00
2.59665597e+18 0.00000000e+00
2.46826845e+18 0.00000000e+00
2.34622885e+18 0.00000000e+00
2.23022330e+18 0.00000000e+00
2.11995346e+18 0.00000000e+00
2.01513573e+18 0.00000000e+00
1.91550056e+18 0.00000000e+00
1.82079168e+18 0.00000000e+00
1.73076553e+18 0.00000000e+00
1.64519059e+18 0.00000000e+00
1.56384676e+18 0.00000000e+00
1.48652484e+18 0.00000000e+00
1.41302599e+18 0.00000000e+00
1.34316117e+18 0.00000000e+00
1.27675070e+18 0.00000000e+00
1.21362380e+18 0.00000000e+00
1.15361810e+18 0.00000000e+00
1.09657929e+18 0.00000000e+00
1.04236067e+18 0.00000000e+00
9.90822810e+17 0.00000000e+00
9.41833153e+17 0.00000000e+00
8.95265713e+17 0.00000000e+00
8.51000725e+17 0.00000000e+00
8.08924349e+17 0.00000000e+00
7.68928372e+17 0.00000000e+00
7.30909933e+17 0.00000000e+00
6.94771255e+17 0.00000000e+00
6.60419396e+17 0.00000000e+00
6.27766011e+17 0.00000000e+00
5.96727120e+17 0.00000000e+00
5.67222897e+17 0.00000000e+00
5.39177464e+17 0.00000000e+00
5.12518693e+17 0.00000000e+00
4.87178022e+17 0.00000000e+00
4.63090280e+17 0.00000000e+00
4.40193519e+17 0.00000000e+00
4.18428851e+17 5.64724576e-48
3.97740302e+17 2.33975380e-46
3.78074666e+17 7.62742197e-45
3.59381366e+17 2.38469295e-43
3.41612327e+17 6.48715246e-42
3.24721849e+17 1.20623561e-40
3.08666494e+17 2.40292507e-39
2.93404971e+17 3.68602752e-38
2.78898029e+17 4.37808074e-37
2.65108360e+17 6.59988881e-36
2.52000499e+17 6.17638208e-35
2.39540736e+17 5.68023361e-34
2.27697026e+17 5.19245060e-33
2.16438909e+17 3.76783751e-32
2.05737431e+17 2.46860511e-31
1.95565072e+17 1.52107833e-30
1.85895668e+17 8.48275539e-30
1.76704353e+17 4.98592138e-29
1.67967487e+17 2.09214101e-28
1.59662602e+17 9.03883479e-28
1.51768339e+17 4.07401454e-27
1.44264395e+17 1.35110936e-26
1.37131472e+17 5.40809791e-26
1.30351224e+17 2.03293598e-25
1.23906216e+17 5.91366068e-25
1.17779870e+17 1.81183593e-24
1.11956432e+17 4.64976604e-24
1.06420924e+17 1.28182153e-23
1.01159111e+17 3.43268702e-23
9.61574600e+16 7.95738580e-23
9.14031075e+16 1.83515331e-22
8.68838264e+16 3.87558602e-22
8.25879939e+16 8.72924992e-22
7.85045620e+16 1.63393172e-21
7.46230289e+16 3.38803120e-21
7.09334120e+16 6.69176400e-21
6.74262224e+16 1.25407715e-20
6.40924402e+16 2.28069748e-20
6.09234915e+16 3.72940511e-20
5.79112265e+16 5.96004255e-20
5.50478981e+16 1.08857388e-19
5.23261424e+16 1.60364046e-19
4.97389596e+16 2.44764730e-19
4.72796959e+16 4.00240220e-19
4.49420266e+16 6.39632496e-19
4.27199397e+16 9.19422142e-19
4.06077203e+16 1.26774519e-18
3.85999362e+16 1.67794375e-18
3.66914238e+16 2.56105774e-18
3.48772747e+16 3.22309139e-18
3.31528234e+16 4.08301572e-18
3.15136348e+16 6.52516271e-18
2.99554933e+16 7.86258943e-18
2.84743917e+16 9.14473831e-18
2.70665207e+16 1.26094627e-17
2.57282597e+16 1.40067778e-17
2.44561668e+16 2.00887600e-17
2.32469706e+16 2.48377909e-17
2.20975611e+16 2.42202509e-17
2.10049824e+16 3.04790503e-17
1.99664245e+16 3.86160976e-17
1.89792164e+16 4.86297861e-17
1.80408193e+16 4.74337967e-17
1.71488197e+16 5.86967032e-17
1.63009236e+16 7.07640755e-17
1.54949504e+16 8.23523368e-17
1.47288272e+16 8.03360918e-17
1.40005838e+16 9.67935599e-17
1.33083472e+16 1.08193275e-16
1.26503372e+16 1.20340078e-16
1.20248614e+16 1.17510364e-16
1.14303113e+16 1.36917073e-16
1.08651577e+16 1.64882307e-16
1.03279473e+16 1.61225180e-16
9.81729841e+15 1.57704815e-16
9.33189772e+15 1.95212166e-16
8.87049689e+15 1.91157117e-16
8.43190929e+15 1.87882712e-16
8.01500696e+15 2.36195999e-16
7.61871770e+15 2.32118440e-16
7.24202233e+15 2.28736401e-16
6.88395207e+15 2.23114837e-16
6.54358602e+15 2.82809921e-16
6.22004883e+15 2.79600994e-16
5.91250841e+15 2.77091476e-16
5.62017385e+15 2.70603376e-16
5.34229330e+15 3.39602282e-16
5.07815211e+15 3.36274883e-16
4.82707097e+15 3.32249545e-16
4.58840413e+15 3.28182159e-16
4.36153779e+15 3.24754687e-16
4.14588850e+15 3.21942446e-16
3.94090164e+15 3.95498777e-16
3.74605003e+15 3.87568789e-16
3.56083255e+15 3.90317813e-16
3.38477286e+15 3.81311796e-16
3.21741815e+15 3.88289180e-16
3.05833803e+15 3.81481966e-16
2.90712338e+15 3.74972210e-16
2.76338529e+15 4.52170396e-16
2.62675410e+15 4.44643290e-16
2.49687843e+15 4.37812505e-16
2.37342425e+15 4.30589530e-16
2.25607407e+15 4.43820363e-16
2.14452608e+15 4.39075373e-16
2.03849340e+15 4.31099358e-16
1.93770334e+15 4.23823238e-16
1.84189668e+15 4.21534897e-16
1.75082703e+15 4.91735275e-16
1.66426018e+15 4.84949607e-16
1.58197348e+15 4.82141384e-16
1.50375532e+15 4.76735925e-16
1.42940453e+15 4.66943245e-16
1.35872990e+15 5.49560794e-16
1.29154967e+15 5.35812314e-16
1.22769105e+15 4.78893408e-16
1.16698982e+15 4.79284304e-16
1.10928986e+15 4.70431159e-16
1.05444279e+15 4.74098981e-16
1.00230755e+15 4.65494388e-16
9.52750047e+14 4.67581934e-16
9.05642838e+14 5.20709701e-16
8.60864770e+14 5.12495894e-16
8.18300682e+14 5.04722123e-16
7.77841107e+14 5.04960488e-16
7.39381992e+14 5.15688123e-16
7.02824426e+14 5.08544703e-16
6.68074392e+14 5.01772480e-16
6.35042517e+14 4.95768198e-16
6.03643851e+14 5.59685508e-16
5.73797641e+14 5.57996131e-16
5.45427131e+14 5.44627114e-16
5.18459354e+14 5.15737041e-16
4.92824957e+14 5.11567956e-16
4.68458012e+14 4.94186538e-16
4.45295851e+14 5.05622322e-16
4.23278907e+14 5.24838926e-16
4.02350555e+14 5.15941633e-16
3.82456972e+14 5.05143345e-16
3.63546996e+14 5.20485089e-16
3.45571994e+14 5.20263873e-16
3.28485737e+14 5.13850058e-16
3.12244282e+14 5.21920962e-16
2.96805861e+14 5.28410487e-16
2.82130768e+14 5.02043004e-16
2.68181261e+14 5.20629143e-16
2.54921465e+14 5.20719253e-16
2.42317279e+14 5.22629513e-16
2.30336287e+14 5.21300664e-16
2.18947676e+14 5.17209419e-16
2.08122157e+14 5.21635881e-16
1.97831888e+14 5.15419018e-16
1.88050406e+14 5.20622630e-16
1.78752553e+14 5.19417999e-16
1.69914417e+14 5.17444049e-16
1.61513269e+14 5.20155943e-16
1.53527503e+14 5.18923601e-16
1.45936580e+14 5.18157368e-16
1.38720978e+14 5.15972536e-16
1.31862140e+14 5.22545533e-16
1.25342427e+14 5.20040684e-16
1.19145070e+14 5.19062938e-16
1.13254132e+14 5.25032427e-16
1.07654461e+14 5.21893455e-16
1.02331658e+14 5.26830830e-16
9.72720319e+13 5.23532868e-16
9.24625712e+13 5.25126990e-16
8.78909065e+13 5.25528594e-16
8.35452806e+13 5.23303644e-16
7.94145172e+13 5.21831551e-16
7.54879928e+13 5.26530739e-16
7.17556092e+13 5.19077014e-16
6.82077673e+13 5.24414353e-16
6.48353429e+13 5.21662320e-16
6.16296626e+13 5.21831476e-16
5.85824820e+13 5.23595788e-16
5.56859644e+13 5.22549575e-16
5.29326606e+13 5.24391954e-16
5.03154895e+13 5.23564043e-16
4.78277202e+13 5.26394681e-16
4.54629547e+13 5.23890603e-16
4.32151113e+13 5.25175309e-16
4.10784089e+13 5.25012923e-16
3.90473524e+13 5.25087013e-16
3.71167182e+13 5.24924757e-16
3.52815412e+13 5.24431491e-16
3.35371015e+13 5.24286604e-16
3.18789129e+13 5.23912006e-16
3.03027108e+13 5.23379645e-16
2.88044415e+13 5.23484780e-16
2.73802518e+13 5.23200434e-16
2.60264788e+13 5.24063639e-16
2.47396410e+13 5.23801757e-16
2.35164288e+13 5.23894197e-16
2.23536965e+13 5.24431497e-16
2.12484535e+13 5.24482513e-16
2.01978576e+13 5.23929955e-16
1.91992067e+13 5.24141608e-16
1.82499324e+13 5.24584329e-16
1.73475936e+13 5.24527261e-16
1.64898694e+13 5.24710723e-16
1.56745541e+13 5.24804842e-16
1.48995507e+13 5.24556021e-16
1.41628662e+13 5.24225392e-16
1.34626058e+13 5.24465850e-16
1.27969687e+13 5.24697730e-16
1.21642429e+13 5.24162757e-16
1.15628013e+13 5.24200338e-16
1.09910970e+13 5.24446000e-16
1.04476597e+13 5.24166862e-16
9.93109181e+12 5.24470691e-16
9.44006479e+12 5.24279280e-16
8.97331581e+12 5.24000585e-16
8.52964450e+12 5.24055459e-16
8.10790981e+12 5.24609121e-16
7.70702711e+12 5.24444837e-16
7.32596543e+12 5.24296288e-16
6.96374473e+12 5.24324051e-16
6.61943346e+12 5.24256439e-16
6.29214611e+12 5.24406928e-16
5.98104096e+12 5.24413134e-16
5.68531791e+12 5.24533785e-16
5.40421642e+12 5.24271856e-16
5.13701354e+12 5.24422968e-16
4.88302209e+12 5.24426245e-16
4.64158883e+12 5.24414132e-16
4.41209286e+12 5.24448428e-16
4.19394396e+12 5.24537443e-16
3.98658107e+12 5.24429565e-16
3.78947092e+12 5.24346200e-16
3.60210656e+12 5.24450188e-16
3.42400614e+12 5.24492352e-16
3.25471161e+12 5.24540045e-16
3.09378757e+12 5.24382445e-16
2.94082017e+12 5.24383127e-16
2.79541600e+12 5.24461952e-16
2.65720111e+12 5.24481502e-16
2.52582003e+12 5.24419119e-16
2.40093488e+12 5.24426547e-16
2.28222447e+12 5.24458193e-16
2.16938352e+12 5.24467868e-16
2.06212180e+12 5.24471765e-16
1.96016347e+12 5.24391845e-16
1.86324631e+12 5.24429030e-16
1.77112106e+12 5.24444914e-16
1.68355080e+12 5.24407140e-16
1.60031031e+12 5.24406406e-16
1.52118552e+12 5.24472814e-16
1.44597292e+12 5.24423169e-16
1.37447909e+12 5.24438351e-16
1.30652016e+12 5.24421101e-16
1.24192135e+12 5.24490522e-16
1.18051653e+12 5.24436318e-16
1.12214777e+12 5.24467659e-16
1.06666496e+12 5.24440261e-16
1.01392541e+12 5.24470802e-16
9.63793480e+11 5.24435318e-16
9.16140246e+11 5.24470017e-16
8.70843150e+11 5.24454778e-16
8.27785697e+11 5.24421430e-16
7.86857151e+11 5.24443968e-16
7.47952252e+11 5.24457369e-16
7.10970943e+11 5.24455148e-16
6.75818117e+11 5.24468760e-16
6.42403366e+11 5.24474451e-16
6.10640754e+11 5.24448163e-16
5.80448594e+11 5.24454135e-16
5.51749238e+11 5.24451531e-16
5.24468875e+11 5.24470041e-16
4.98537346e+11 5.24460042e-16
4.73887961e+11 5.24440811e-16
4.50457325e+11 5.24444534e-16
4.28185180e+11 5.24452523e-16
4.07014245e+11 5.24440441e-16
3.86890074e+11 5.24470577e-16
3.67760910e+11 5.24455926e-16
3.49577557e+11 5.24457836e-16
3.32293252e+11 5.24454497e-16
3.15863541e+11 5.24450065e-16
3.00246171e+11 5.24454662e-16
2.85400977e+11 5.24447059e-16
2.71289780e+11 5.24447308e-16
2.57876289e+11 5.24459940e-16
2.45126006e+11 5.24459614e-16
2.33006141e+11 5.24451412e-16
2.21485523e+11 5.24456498e-16
2.10534524e+11 5.24455233e-16
2.00124980e+11 5.24452683e-16
1.90230119e+11 5.24458804e-16
1.80824493e+11 5.24458232e-16
1.71883914e+11 5.24456665e-16
1.63385388e+11 5.24456805e-16
1.55307057e+11 5.24456501e-16
1.47628147e+11 5.24454523e-16
1.40328908e+11 5.24460030e-16
1.33390569e+11 5.24458708e-16
1.26795285e+11 5.24458893e-16
1.20526094e+11 5.24456542e-16
1.14566873e+11 5.24457571e-16
1.08902296e+11 5.24455778e-16
1.03517796e+11 5.24461973e-16
9.83995230e+10 5.24457822e-16
9.35343152e+10 5.24457933e-16
8.89096599e+10 5.24459548e-16
8.45136633e+10 5.24457518e-16
8.03350198e+10 5.24458023e-16
7.63629826e+10 5.24457603e-16
7.25873365e+10 5.24457059e-16
6.89983712e+10 5.24458016e-16
6.55868566e+10 5.24459075e-16
6.23440189e+10 5.24461407e-16
5.92615181e+10 5.24460160e-16
5.63314267e+10 5.24458725e-16
5.35462090e+10 5.24459342e-16
5.08987019e+10 5.24460123e-16
4.83820966e+10 5.24461198e-16
4.59899209e+10 5.24460236e-16
4.37160225e+10 5.24459070e-16
4.15545533e+10 5.24458260e-16
3.94999546e+10 5.24461180e-16
3.75469422e+10 5.24462254e-16
3.56904935e+10 5.24463390e-16
3.39258338e+10 5.24461501e-16
3.22484250e+10 5.24462147e-16
3.06539530e+10 5.24461478e-16
2.91383170e+10 5.24462588e-16
2.76976194e+10 5.24463560e-16
2.63281547e+10 5.24464446e-16
2.50264010e+10 5.24464223e-16
2.37890104e+10 5.24465114e-16
2.26128007e+10 5.24466271e-16
2.14947467e+10 5.24465501e-16
2.04319732e+10 5.24465050e-16
1.94217468e+10 5.24466077e-16
1.84614695e+10 5.24467346e-16
1.75486715e+10 5.24467800e-16
1.66810054e+10 5.24468213e-16
1.58562396e+10 5.24468750e-16
1.50722531e+10 5.24468825e-16
1.43270295e+10 5.24469547e-16
1.36186524e+10 5.24470461e-16
1.29452998e+10 5.24471368e-16
1.23052400e+10 5.24472161e-16
1.16968270e+10 5.24473088e-16
1.11184960e+10 5.24473843e-16
1.05687597e+10 5.24474797e-16
1.00462042e+10 5.24475343e-16
9.54948564e+09 5.24476986e-16
9.07732653e+09 5.24477383e-16
8.62851257e+09 5.24478908e-16
8.20188950e+09 5.24479557e-16
7.79636013e+09 5.24480909e-16
7.41088152e+09 5.24482881e-16
7.04446228e+09 5.24484101e-16
6.69616005e+09 5.24484645e-16
6.36507908e+09 5.24486546e-16
6.05036788e+09 5.24487931e-16
5.75121707e+09 5.24489241e-16
5.46685730e+09 5.24491466e-16
5.19655724e+09 5.24492727e-16
4.93962174e+09 5.24494961e-16
4.69539001e+09 5.24497030e-16
4.46323393e+09 5.24498990e-16
4.24255643e+09 5.24501081e-16
4.03278998e+09 5.24503111e-16
3.83339510e+09 5.24506202e-16
3.64385898e+09 5.24508464e-16
3.46369418e+09 5.24511098e-16
3.29243733e+09 5.24513855e-16
3.12964801e+09 5.24516646e-16
2.97490755e+09 5.24520088e-16
2.82781798e+09 5.24523270e-16
2.68800102e+09 5.24526617e-16
2.55509709e+09 5.24530346e-16
2.42876438e+09 5.24534013e-16
2.30867799e+09 5.24538025e-16
2.19452909e+09 5.24542434e-16
2.08602409e+09 5.24546736e-16
1.98288395e+09 5.24551479e-16
1.88484341e+09 5.24556240e-16
1.79165033e+09 5.24561602e-16
1.70306503e+09 5.24566948e-16
1.61885969e+09 5.24572693e-16
1.53881775e+09 5.24578631e-16
1.46273336e+09 5.24584917e-16
1.39041083e+09 5.24591514e-16
1.32166418e+09 5.24598470e-16
1.25631660e+09 5.24606028e-16
1.19420003e+09 5.24613567e-16
1.13515471e+09 5.24621902e-16
1.07902879e+09 5.24630359e-16
1.02567793e+09 5.24639407e-16
9.74964918e+08 5.24648844e-16
9.26759330e+08 5.24658777e-16
8.80937190e+08 5.24669299e-16
8.37380654e+08 5.24680412e-16
7.95977700e+08 5.24691952e-16
7.56621850e+08 5.24704249e-16
7.19211887e+08 5.24716995e-16
6.83651600e+08 5.24730553e-16
6.49849535e+08 5.24744710e-16
6.17718760e+08 5.24759678e-16
5.87176639e+08 5.24775431e-16
5.58144625e+08 5.24792062e-16
5.30548053e+08 5.24809446e-16
5.04315949e+08 5.24827774e-16
4.79380850e+08 5.24847014e-16
4.55678627e+08 5.24867284e-16
4.33148322e+08 5.24888631e-16
4.11731993e+08 5.24911121e-16
3.91374560e+08 5.24934689e-16
3.72023668e+08 5.24959573e-16
3.53629550e+08 5.24985666e-16
3.36144900e+08 5.25013200e-16
3.19524751e+08 5.25042101e-16
3.03726358e+08 5.25072548e-16
2.88709092e+08 5.25104510e-16
2.74434330e+08 5.25138193e-16
2.60865362e+08 5.25173602e-16
2.47967289e+08 5.25210874e-16
2.35706941e+08 5.25250097e-16
2.24052787e+08 5.25291321e-16
2.12974854e+08 5.25334711e-16
2.02444651e+08 5.25380389e-16
1.92435098e+08 5.25428390e-16
1.82920450e+08 5.25478909e-16
1.73876240e+08 5.25532057e-16
1.65279206e+08 5.25587966e-16
1.57107239e+08 5.25646786e-16
1.49339322e+08 5.25708673e-16
1.41955477e+08 5.25773762e-16
1.34936714e+08 5.25842233e-16
1.28264983e+08 5.25914288e-16
1.21923125e+08 5.25990068e-16
1.15894830e+08 5.26069812e-16
1.10164595e+08 5.26153689e-16
1.04717682e+08 5.26241943e-16
9.95400829e+07 5.26334772e-16
9.46184819e+07 5.26432440e-16
8.99402217e+07 5.26535174e-16
8.54932707e+07 5.26643269e-16
8.12661920e+07 5.26756973e-16
7.72481145e+07 5.26876608e-16
7.34287045e+07 5.27002445e-16
6.97981391e+07 5.27134847e-16
6.63470812e+07 5.27274127e-16
6.30666554e+07 5.27420650e-16
5.99484250e+07 5.27574795e-16
5.69843706e+07 5.27736956e-16
5.41668691e+07 5.27907555e-16
5.14886745e+07 5.28087032e-16
4.89428990e+07 5.28275837e-16
4.65229952e+07 5.28474464e-16
4.42227398e+07 5.28683426e-16
4.20362168e+07 5.28903257e-16
3.99578030e+07 5.29134519e-16
3.79821531e+07 5.29377814e-16
3.61041860e+07 5.29633766e-16
3.43190720e+07 5.29903025e-16
3.26222201e+07 5.30186293e-16
3.10092664e+07 5.30484293e-16
2.94760626e+07 5.30797796e-16
2.80186656e+07 5.31127604e-16
2.66333273e+07 5.31474569e-16
2.53164848e+07 5.31839579e-16
2.40647515e+07 5.32223578e-16
2.28749082e+07 5.32627551e-16
2.17438948e+07 5.33052532e-16
2.06688025e+07 5.33499623e-16
1.96468665e+07 5.33969969e-16
1.86754584e+07 5.34464778e-16
1.77520801e+07 5.34985326e-16
1.68743568e+07 5.35532949e-16
1.60400311e+07 5.36109061e-16
1.52469573e+07 5.36715136e-16
1.44930957e+07 5.37352736e-16
1.37765077e+07 5.38023503e-16
1.30953502e+07 5.38729157e-16
1.24478715e+07 5.39471518e-16
1.18324063e+07 5.40252492e-16
1.12473718e+07 5.41074089e-16
1.06912634e+07 5.41938423e-16
1.01626509e+07 5.42847713e-16
9.66017480e+06 5.43804302e-16
9.18254284e+06 5.44810647e-16
8.72852662e+06 5.45869337e-16
8.29695852e+06 5.46983097e-16
7.88672862e+06 5.48154787e-16
7.49678187e+06 5.49387424e-16
7.12611543e+06 5.50684176e-16
6.77377600e+06 5.52048380e-16
6.43885743e+06 5.53483543e-16
6.12049837e+06 5.54993355e-16
5.81788007e+06 5.56581703e-16
5.53022426e+06 5.58252666e-16
5.25679112e+06 5.60010547e-16
4.99687745e+06 5.61859864e-16
4.74981480e+06 5.63805373e-16
4.51496777e+06 5.65852079e-16
4.29173238e+06 5.68005243e-16
4.07953450e+06 5.70270407e-16
3.87782841e+06 5.72653392e-16
3.68609536e+06 5.75160329e-16
3.50384225e+06 5.77797666e-16
3.33060034e+06 5.80572183e-16
3.16592411e+06 5.83491018e-16
3.00939003e+06 5.86561677e-16
2.86059554e+06 5.89792057e-16
2.71915794e+06 5.93190466e-16
2.58471351e+06 5.96765644e-16
2.45691646e+06 6.00526786e-16
2.33543814e+06 6.04483564e-16
2.21996612e+06 6.08646155e-16
2.11020343e+06 6.13025264e-16
2.00586778e+06 6.17632154e-16
1.90669084e+06 6.22478672e-16
1.81241755e+06 6.27577284e-16
1.72280545e+06 6.32941100e-16
1.63762407e+06 6.38583917e-16
1.55665436e+06 6.44520246e-16
1.47968806e+06 6.50765356e-16
1.40652724e+06 6.57335306e-16
1.33698374e+06 6.64246993e-16
1.27087871e+06 6.71518194e-16
1.20804213e+06 6.79225540e-16
1.14831241e+06 6.87272836e-16
1.09153594e+06 6.95738714e-16
1.03756668e+06 7.04644947e-16
9.86265846e+05 7.14014441e-16
9.37501502e+05 7.23871290e-16
8.91148232e+05 7.34240847e-16
8.47086827e+05 7.45149779e-16
8.05203967e+05 7.56626142e-16
7.65391939e+05 7.68699452e-16
7.27548353e+05 7.81400758e-16
6.91575883e+05 7.94762726e-16
6.57382014e+05 8.08819721e-16
6.24878807e+05 8.23607895e-16
5.93982669e+05 8.39165280e-16
5.64614142e+05 8.55531887e-16
5.36697695e+05 8.72749809e-16
5.10161531e+05 8.90863326e-16
4.84937407e+05 9.09919023e-16
4.60960449e+05 9.30130011e-16
4.38168993e+05 9.51219578e-16
4.16504425e+05 9.73406125e-16
3.95911027e+05 9.96746714e-16
3.76335836e+05 1.02130137e-15
3.57728510e+05 1.04713325e-15
3.40041193e+05 1.07430878e-15
3.23228398e+05 1.10336346e-15
3.07246884e+05 1.13343917e-15
2.92055551e+05 1.16507929e-15
2.77615329e+05 1.19836517e-15
2.63889081e+05 1.23338243e-15
2.50841506e+05 1.27022114e-15
2.38439047e+05 1.30897602e-15
2.26649808e+05 1.34974675e-15
2.15443469e+05 1.39263820e-15
2.04791210e+05 1.43776066e-15
1.94665634e+05 1.48523019e-15
1.85040702e+05 1.53516887e-15
1.75891659e+05 1.58770513e-15
1.67194976e+05 1.64297410e-15
1.58928287e+05 1.70111791e-15
1.51070330e+05 1.76228610e-15
1.43600898e+05 1.82663599e-15
1.36500781e+05 1.89433308e-15
1.29751717e+05 1.96555148e-15
1.23336350e+05 2.04047434e-15
1.17238180e+05 2.11929437e-15
1.11441525e+05 2.20221427e-15
1.05931476e+05 2.28944731e-15
1.00693863e+05 2.38121784e-15
9.57152154e+04 2.47776188e-15
9.09827289e+04 2.57932774e-15
8.64842328e+04 2.68617662e-15
8.22081576e+04 2.79858334e-15
7.81435061e+04 2.91683699e-15
7.42798248e+04 3.04124171e-15
7.06071771e+04 3.17211746e-15
6.71161177e+04 3.30980084e-15
6.37976681e+04 3.45464596e-15
6.06432940e+04 3.60702535e-15
5.76448828e+04 3.76733092e-15
5.47947234e+04 3.93597497e-15
5.20854855e+04 4.11339124e-15
4.95102016e+04 4.30003604e-15
4.70622485e+04 4.49638941e-15
4.47353305e+04 4.70295637e-15
4.25234633e+04 4.92026819e-15
4.04209584e+04 5.15027437e-15
3.84224085e+04 5.39078342e-15
3.65226736e+04 5.64380292e-15
3.47168682e+04 5.90998366e-15
3.30003479e+04 6.19001026e-15
3.13686982e+04 6.48460296e-15
2.98177229e+04 6.79451946e-15
2.83434331e+04 7.12055689e-15
2.69420371e+04 7.46355384e-15
2.56099310e+04 7.82439253e-15
2.43436887e+04 8.20400107e-15
2.31400538e+04 8.60335587e-15
2.19959307e+04 9.02348412e-15
2.09083769e+04 9.46546645e-15
1.98745955e+04 9.93043971e-15
1.88919278e+04 1.04195999e-14
1.79578465e+04 1.09342053e-14
1.70699493e+04 1.14755795e-14
1.62259529e+04 1.20451150e-14
1.54236865e+04 1.26442770e-14
1.46610868e+04 1.32746066e-14
1.39361927e+04 1.39377252e-14
1.32471399e+04 1.46353386e-14
1.25921561e+04 1.53692414e-14
1.19695570e+04 1.61413213e-14
1.13777413e+04 1.69535647e-14
1.08151870e+04 1.78080608e-14
1.02804473e+04 1.87070080e-14
9.77214697e+03 1.96527187e-14
9.28897872e+03 2.06476260e-14
8.82969996e+03 2.16942894e-14
8.39312950e+03 2.27954015e-14
7.97814457e+03 2.39537952e-14
7.58367791e+03 2.51724507e-14
7.20871503e+03 2.64545035e-14
6.85229160e+03 2.78032520e-14
6.51349095e+03 2.92221665e-14
6.19144176e+03 3.07148979e-14
5.88531578e+03 3.22852868e-14
5.59432571e+03 3.39373742e-14
5.31772318e+03 3.56754110e-14
5.05479682e+03 3.75038697e-14
4.80487044e+03 3.94274555e-14
4.56730127e+03 4.14511184e-14
4.34147833e+03 4.35800663e-14
4.12682085e+03 4.58197781e-14
3.92277676e+03 4.81760182e-14
3.72882131e+03 5.06548508e-14
3.54445567e+03 5.32626560e-14
3.36920571e+03 5.60061463e-14
3.20262069e+03 5.88923834e-14
3.04427221e+03 6.19287972e-14
2.89375302e+03 6.51232043e-14
2.75067601e+03 6.84838283e-14
2.61467321e+03 7.20193217e-14
2.48539486e+03 7.57387871e-14
2.36250847e+03 7.96518018e-14
2.24569800e+03 8.37684418e-14
2.13466303e+03 8.80993084e-14
2.02911802e+03 9.26555552e-14
1.92879151e+03 9.74489171e-14
1.83342548e+03 1.02491741e-13
1.74277468e+03 1.07797016e-13
1.65660596e+03 1.13378411e-13
1.57469771e+03 1.19250305e-13
1.49683929e+03 1.25427828e-13
1.42283046e+03 1.31926899e-13
1.35248087e+03 1.38764268e-13
1.28560961e+03 1.45957558e-13
1.22204469e+03 1.53525312e-13
1.16162263e+03 1.61487039e-13
1.10418805e+03 1.69863270e-13
1.04959323e+03 1.78675604e-13
9.97697764e+02 1.87946769e-13
9.48368187e+02 1.97700682e-13
9.01477631e+02 2.07962507e-13
8.56905505e+02 2.18758723e-13
8.14537177e+02 2.30117195e-13
7.74263683e+02 2.42067242e-13
7.35981448e+02 2.54639717e-13
6.99592017e+02 2.67867089e-13
6.65001803e+02 2.81783523e-13
6.32121848e+02 2.96424972e-13
6.00867589e+02 3.11829275e-13
5.71158648e+02 3.28036248e-13
5.42918618e+02 3.45087797e-13
5.16074871e+02 3.63028023e-13
4.90558371e+02 3.81903340e-13
4.66303493e+02 4.01762597e-13
4.43247859e+02 4.22657206e-13
4.21332174e+02 4.44641281e-13
4.00500076e+02 4.67771777e-13
3.80697987e+02 4.92108645e-13
3.61874981e+02 5.17714990e-13
3.43982649e+02 5.44657236e-13
3.26974974e+02 5.73005310e-13
3.10808217e+02 6.02832821e-13
2.95440800e+02 6.34217265e-13
2.80833200e+02 6.67240225e-13
2.66947849e+02 7.01987600e-13
2.53749038e+02 7.38549827e-13
2.41202821e+02 7.77022136e-13
2.29276931e+02 8.17504799e-13
2.17940698e+02 8.60103411e-13
2.07164968e+02 9.04929175e-13
1.96922026e+02 9.52099208e-13
1.87185529e+02 1.00173686e-12
1.77930439e+02 1.05397207e-12
1.69132952e+02 1.10894171e-12
1.60770442e+02 1.16678996e-12
1.52821404e+02 1.22766876e-12
1.45265393e+02 1.29173817e-12
1.38082977e+02 1.35916687e-12
1.31255684e+02 1.43013265e-12
1.24765955e+02 1.50482288e-12
1.18597101e+02 1.58343509e-12
1.12733256e+02 1.66617751e-12
1.07159340e+02 1.75326974e-12
1.01861017e+02 1.84494331e-12
9.68246612e+01 1.94144249e-12
9.20373200e+01 2.04302490e-12
8.74866812e+01 2.14996240e-12
8.31610415e+01 2.26254187e-12
7.90492762e+01 2.38106613e-12
7.51408106e+01 2.50585487e-12
7.14255929e+01 2.63724570e-12
6.78940681e+01 2.77559522e-12
6.45371540e+01 2.92128019e-12
6.13462172e+01 3.07469883e-12
5.83130511e+01 3.23627208e-12
5.54298552e+01 3.40644516e-12
5.26892142e+01 3.58568904e-12
5.00840799e+01 3.77450216e-12
4.76077523e+01 3.97341225e-12
4.52538628e+01 4.18297828e-12
4.30163576e+01 4.40379257e-12
4.08894823e+01 4.63648313e-12
3.88677669e+01 4.88171611e-12
3.69460121e+01 5.14019857e-12
3.51192753e+01 5.41268136e-12
3.33828586e+01 5.69996243e-12
3.17322963e+01 6.00289027e-12
3.01633435e+01 6.32236783e-12
2.86719650e+01 6.64705547e-12
2.72543253e+01 7.00059772e-12
2.59067786e+01 7.37345160e-12
2.46258592e+01 7.76673375e-12
2.34082728e+01 8.18163298e-12
2.22508880e+01 8.61941586e-12
2.11507282e+01 9.08143282e-12
2.01049642e+01 9.56912487e-12
1.91109062e+01 1.00840309e-11
1.81659979e+01 1.06277959e-11
1.72678090e+01 1.12021798e-11
1.64140297e+01 1.18090672e-11
1.56024641e+01 1.24504783e-11
1.48310251e+01 1.31288222e-11
1.40977287e+01 1.38453140e-11
1.34006890e+01 1.46032597e-11
1.27381132e+01 1.54055453e-11
1.21082975e+01 1.62552676e-11
1.15096220e+01 1.71550227e-11
1.09405471e+01 1.81084829e-11
1.03996091e+01 1.91192446e-11
9.88541702e+00 2.01912074e-11
9.39664831e+00 2.13286942e-11
8.93204600e+00 2.25363527e-11
8.49041520e+00 2.38192602e-11
8.07062014e+00 2.51829332e-11
7.67158118e+00 2.66333865e-11
7.29227206e+00 2.81771874e-11
6.93171728e+00 2.98215080e-11
6.58898955e+00 3.15741963e-11
6.26320745e+00 3.34438466e-11
5.95353313e+00 3.54398833e-11
5.65917016e+00 3.75726514e-11
5.37936150e+00 3.98535186e-11
5.11338754e+00 4.22949893e-11
4.86056423e+00 4.49108313e-11
4.62024137e+00 4.77162169e-11
4.39180089e+00 5.07278807e-11
4.17465529e+00 5.39642948e-11
3.96824610e+00 5.74458640e-11
3.77204249e+00 6.11951426e-11
3.58553986e+00 6.52370765e-11
3.40825855e+00 6.95992709e-11
3.23974263e+00 7.43122890e-11
3.07955871e+00 7.94099824e-11
2.92729484e+00 8.49298589e-11
2.78255940e+00 9.09134897e-11
2.64498018e+00 9.74069610e-11
2.51420335e+00 1.04461375e-10
2.38989257e+00 1.12133403e-10
2.27172813e+00 1.20485901e-10
2.15940615e+00 1.29485693e-10
2.05263775e+00 1.39398187e-10
1.95114835e+00 1.50222671e-10
1.85467692e+00 1.62054369e-10
1.76297538e+00 1.75180306e-10
1.67580786e+00 1.89375250e-10
1.59295021e+00 2.04933204e-10
1.51418933e+00 2.21995949e-10
1.43932264e+00 2.40723062e-10
1.36815763e+00 2.61291451e-10
1.30051125e+00 2.83897208e-10
1.23620954e+00 3.08757663e-10
1.17508713e+00 3.36113654e-10
1.11698682e+00 3.66232035e-10
1.06175918e+00 3.99408448e-10
1.00926219e+00 4.35970392e-10
9.59360829e-01 4.76280613e-10
9.11926760e-01 5.20740856e-10
8.66837993e-01 5.69798509e-10
8.23978568e-01 6.23941653e-10
7.83238260e-01 6.83717907e-10
7.44512291e-01 7.49731149e-10
7.07701066e-01 8.22649893e-10
6.72709914e-01 9.03214154e-10
6.39448843e-01 9.92243048e-10
6.07832313e-01 1.09064320e-09
5.77779012e-01 1.19941806e-09
5.49211648e-01 1.31967815e-09
5.22056753e-01 1.45265249e-09
4.96244488e-01 1.59970119e-09
4.71708469e-01 1.76232933e-09
4.48385595e-01 1.94220244e-09
4.26215883e-01 2.14116346e-09
4.05142317e-01 2.36125165e-09
3.85110700e-01 2.60472342e-09
3.66069515e-01 2.87407536e-09
3.47969790e-01 3.17206973e-09
3.30764978e-01 3.50176264e-09
3.14410830e-01 3.86653521e-09
2.98865287e-01 4.27012797e-09
2.84088369e-01 4.71667893e-09
2.70042072e-01 5.21076556e-09
2.56690272e-01 5.75745131e-09
2.43998630e-01 6.36233686e-09
2.31934506e-01 7.03161674e-09
2.20466874e-01 7.77214192e-09
2.09566240e-01 8.59148879e-09
1.99204571e-01 9.49803531e-09
1.89355218e-01 1.05010450e-08
1.79992851e-01 1.16107597e-08
1.71093391e-01 1.28385014e-08
1.62633950e-01 1.41967849e-08
1.54592774e-01 1.56994415e-08
1.46949180e-01 1.73617554e-08
1.39683512e-01 1.92006135e-08
1.32777083e-01 2.12346702e-08
1.26212131e-01 2.34845282e-08
1.19971774e-01 2.59729369e-08
1.14039960e-01 2.87250104e-08
1.08401436e-01 3.17684654e-08
1.03041699e-01 3.51338820e-08
9.79469667e-02 3.88549884e-08
9.31041349e-02 4.29689715e-08
8.85007491e-02 4.75168150e-08
8.41249705e-02 5.25436669e-08
7.99655453e-02 5.80992383e-08
7.60117762e-02 6.42382347e-08
7.22534949e-02 7.10208216e-08
6.86810359e-02 7.85131252e-08
6.52852114e-02 8.67877698e-08
6.20572881e-02 9.59244514e-08
5.89889643e-02 1.06010548e-07
5.60723488e-02 1.17141763e-07
5.32999408e-02 1.29422807e-07
5.06646101e-02 1.42968104e-07
4.81595791e-02 1.57902525e-07
4.57784054e-02 1.74362137e-07
4.35149650e-02 1.92494972e-07
4.13634368e-02 2.12461777e-07
3.93182876e-02 2.34436759e-07
3.73742574e-02 2.58608289e-07
3.55263468e-02 2.85179545e-07
3.37698031e-02 3.14369051e-07
3.21001090e-02 3.46411086e-07
3.05129702e-02 3.81555873e-07
2.90043049e-02 4.20069479e-07
2.75702333e-02 4.62233283e-07
2.62070670e-02 5.08342838e-07
2.49113003e-02 5.58705874e-07
2.36796007e-02 6.13639109e-07
2.25088005e-02 6.73463453e-07
2.13958887e-02 7.38497080e-07
2.03380031e-02 8.09045807e-07
1.93324229e-02 8.85390170e-07
1.83765620e-02 9.67768679e-07
1.74679622e-02 1.05635688e-06
1.66042866e-02 1.15124226e-06
1.57833141e-02 1.25239537e-06
1.50029332e-02 1.35963844e-06
1.42611371e-02 1.47261343e-06
1.35560179e-02 1.59075214e-06
1.28857621e-02 1.71325223e-06
1.22486461e-02 1.83906269e-06
1.16430313e-02 1.96688308e-06
1.10673602e-02 2.09517929e-06
1.05201522e-02 2.22221780e-06
1.00000000e-02 2.34611793e-06
