1.00000000e+20 0.00000000e+00
9.50556592e+19 0.00000000e+00
9.03557835e+19 0.00000000e+00
8.58882856e+19 0.00000000e+00
8.16416760e+19 0.00000000e+00
7.76050334e+19 0.00000000e+00
7.37679760e+19 0.00000000e+00
7.01206359e+19 0.00000000e+00
6.66536327e+19 0.00000000e+00
6.33580499e+19 0.00000000e+00
6.02254120e+19 0.00000000e+00
5.72476624e+19 0.00000000e+00
5.44171429e+19 0.00000000e+00
5.17265739e+19 0.00000000e+00
4.91690358e+19 0.00000000e+00
4.67379511e+19 0.00000000e+00
4.44270675e+19 0.00000000e+00
4.22304419e+19 0.00000000e+00
4.01424249e+19 0.00000000e+00
3.81576466e+19 0.00000000e+00
3.62710025e+19 0.00000000e+00
3.44776405e+19 0.00000000e+00
3.27729485e+19 0.00000000e+00
3.11525422e+19 0.00000000e+00
2.96122544e+19 0.00000000e+00
2.81481236e+19 0.00000000e+00
2.67563844e+19 0.00000000e+00
2.54334576e+19 0.00000000e+00
2.41759408e+19 0.00000000e+00
2.29805999e+19 0.00000000e+00
2.18443607e+19 0.00000000e+00
2.07643011e+19 0.00000000e+00
1.97376433e+19 0.00000000e+00
1.87617469e+19 0.00000000e+00
1.78341022e+19 0.00000000e+00
1.69523234e+19 0.00000000e+00
1.61141428e+19 0.00000000e+00
1.53174046e+19 0.00000000e+00
1.45600600e+19 0.00000000e+00
1.38401610e+19 0.00000000e+00
1.31558562e+19 0.00000000e+00
1.25053859e+19 0.00000000e+00
1.18870770e+19 0.00000000e+00
1.12993394e+19 0.00000000e+00
1.07406615e+19 0.00000000e+00
1.02096066e+19 0.00000000e+00
9.70480888e+18 0.00000000e+00
9.22497005e+18 0.00000000e+00
8.76885609e+18 0.00000000e+00
8.33529397e+18 0.00000000e+00
7.92316862e+18 0.00000000e+00
7.53142017e+18 0.00000000e+00
7.15904109e+18 0.00000000e+00
6.80507370e+18 0.00000000e+00
6.46860766e+18 0.00000000e+00
6.14877765e+18 0.00000000e+00
5.84476113e+18 0.00000000e+00
5.55577622e+18 0.00000000e+00
5.28107971e+18 0.00000000e+00
5.01996513e+18 0.00000000e+00
4.77176095e+18 0.00000000e+00
4.53582883e+18 0.00000000e+00
4.31156199e+18 0.00000000e+00
4.09838367e+18 0.00000000e+00
3.89574562e+18 0.00000000e+00
3.70312668e+18 0.00000000e+00
3.52003147e+18 0.00000000e+00
3.34598912e+18 0.00000000e+00
3.18055202e+18 0.00000000e+00
3.02329468e+18 0.00000000e+00
2.87381269e+18 0.00000000e+00
2.73172160e+18 0.00000000e+00
2.59665597e+18 0.00000000e+00
2.46826845e+18 0.00000000e+00
2.34622885e+18 0.00000000e+00
2.23022330e+18 0.00000000e+00
2.11995346e+18 0.00000000e+00
2.01513573e+18 0.00000000e+00
1.91550056e+18 0.00000000e+00
1.82079168e+18 0.00000000e+00
1.73076553e+18 0.00000000e+00
1.64519059e+18 0.00000000e+00
1.56384676e+18 0.00000000e+00
1.48652484e+18 0.00000000e+00
1.41302599e+18 0.00000000e+00
1.34316117e+18 0.00000000e+00
1.27675070e+18 0.00000000e+00
1.21362380e+18 0.00000000e+00
1.15361810e+18 0.00000000e+00
1.09657929e+18 0.00000000e+00
1.04236067e+18 0.00000000e+00
9.90822810e+17 0.00000000e+00
9.41833153e+17 0.00000000e+00
8.95265713e+17 0.00000000e+00
8.51000725e+17 0.00000000e+00
8.08924349e+17 0.00000000e+00
7.68928372e+17 0.00000000e+00
7.30909933e+17 0.00000000e+00
6.94771255e+17 0.00000000e+00
6.60419396e+17 0.00000000e+00
6.27766011e+17 0.00000000e+00
5.96727120e+17 0.00000000e+00
5.67222897e+17 0.00000000e+00
5.39177464e+17 0.00000000e+00
5.12518693e+17 0.00000000e+00
4.87178022e+17 0.00000000e+00
4.63090280e+17 0.00000000e+00
4.40193519e+17 0.00000000e+00
4.18428851e+17 2.60889926e-58
3.97740302e+17 1.08091311e-56
3.78074666e+17 3.52369569e-55
3.59381366e+17 1.10167397e-53
3.41612327e+17 2.99691708e-52
3.24721849e+17 5.57253451e-51
3.08666494e+17 1.11009680e-49
2.93404971e+17 1.70286098e-48
2.78898029e+17 2.02257385e-47
2.65108360e+17 3.04899871e-46
2.52000499e+17 2.85334822e-45
2.39540736e+17 2.62413890e-44
2.27697026e+17 2.39879423e-43
2.16438909e+17 1.74065534e-42
2.05737431e+17 1.14043948e-41
1.95565072e+17 7.02703635e-41
1.85895668e+17 3.91884030e-40
1.76704353e+17 2.30338242e-39
1.67967487e+17 9.66521623e-39
1.59662602e+17 4.17573635e-38
1.51768339e+17 1.88210217e-37
1.44264395e+17 6.24181834e-37
1.37131472e+17 2.49841839e-36
1.30351224e+17 9.39170246e-36
1.23906216e+17 2.73197690e-35
1.17779870e+17 8.37027044e-35
1.11956432e+17 2.14808629e-34
1.06420924e+17 5.92172429e-34
1.01159111e+17 1.58582343e-33
9.61574600e+16 3.67613148e-33
9.14031075e+16 8.47799142e-33
8.68838264e+16 1.79043270e-32
8.25879939e+16 4.03271517e-32
7.85045620e+16 7.54839340e-32
7.46230289e+16 1.56519345e-31
7.09334120e+16 3.09144296e-31
6.74262224e+16 5.79355154e-31
6.40924402e+16 1.05363043e-30
6.09234915e+16 1.72290045e-30
5.79112265e+16 2.75340428e-30
5.50478981e+16 5.02896404e-30
5.23261424e+16 7.40845472e-30
4.97389596e+16 1.13075750e-29
4.72796959e+16 1.84901918e-29
4.49420266e+16 2.95495711e-29
4.27199397e+16 4.24752296e-29
4.06077203e+16 5.85670103e-29
3.85999362e+16 7.75173696e-29
3.66914238e+16 1.18315477e-28
3.48772747e+16 1.48900565e-28
3.31528234e+16 1.88628129e-28
3.15136348e+16 3.01452369e-28
2.99554933e+16 3.63245493e-28
2.84743917e+16 4.22497761e-28
2.70665207e+16 5.82616385e-28
2.57282597e+16 6.47166978e-28
2.44561668e+16 9.28288108e-28
2.32469706e+16 1.14804211e-27
2.20975611e+16 1.12027717e-27
2.10049824e+16 1.40938608e-27
1.99664245e+16 1.78696941e-27
1.89792164e+16 2.25107801e-27
1.80408193e+16 2.19847521e-27
1.71488197e+16 2.72409889e-27
1.63009236e+16 3.28834964e-27
1.54949504e+16 3.83587651e-27
1.47288272e+16 3.75027822e-27
1.40005838e+16 4.53563529e-27
1.33083472e+16 5.08625147e-27
1.26503372e+16 5.68596581e-27
1.20248614e+16 5.58617414e-27
1.14303113e+16 6.58247850e-27
1.08651577e+16 7.94251910e-27
1.03279473e+16 7.85293571e-27
9.81729841e+15 7.77714947e-27
9.33189772e+15 9.67023505e-27
8.87049689e+15 9.62642416e-27
8.43190929e+15 9.73643302e-27
8.01500696e+15 1.22019918e-26
7.61871770e+15 1.23330672e-26
7.24202233e+15 1.25968417e-26
6.88395207e+15 1.23257826e-26
6.54358602e+15 1.56840695e-26
6.22004883e+15 1.62216605e-26
5.91250841e+15 1.68929581e-26
5.62017385e+15 1.66675646e-26
5.34229330e+15 2.07159596e-26
5.07815211e+15 2.15431592e-26
4.82707097e+15 2.21491688e-26
4.58840413e+15 2.27548637e-26
4.36153779e+15 2.87235217e-26
4.14588850e+15 2.80219977e-26
3.94090164e+15 2.74019779e-26
3.74605003e+15 2.67183515e-26
3.56083255e+15 3.22324480e-26
3.38477286e+15 3.18425335e-26
3.21741815e+15 3.55542566e-26
3.05833803e+15 3.61231175e-26
2.90712338e+15 3.67991091e-26
2.76338529e+15 4.37081495e-26
2.62675410e+15 4.46898776e-26
2.49687843e+15 4.58554502e-26
2.37342425e+15 4.66045531e-26
2.25607407e+15 5.21825434e-26
2.14452608e+15 5.40630139e-26
2.03849340e+15 5.49192441e-26
1.93770334e+15 5.61059737e-26
1.84189668e+15 5.93129233e-26
1.75082703e+15 6.77441692e-26
1.66426018e+15 6.71894222e-26
1.58197348e+15 6.55912118e-26
1.50375532e+15 7.65144971e-26
1.42940453e+15 7.70305071e-26
1.35872990e+15 9.12274322e-26
1.29154967e+15 8.73839428e-26
1.22769105e+15 8.67390979e-26
1.16698982e+15 8.45713467e-26
1.10928986e+15 1.01809333e-25
1.05444279e+15 1.09130875e-25
1.00230755e+15 1.11223526e-25
9.52750047e+14 1.19796205e-25
9.05642838e+14 1.24585112e-25
8.60864770e+14 1.35812525e-25
8.18300682e+14 1.57644880e-25
7.77841107e+14 1.56425288e-25
7.39381992e+14 1.54646872e-25
7.02824426e+14 1.77537592e-25
6.68074392e+14 1.74761691e-25
6.35042517e+14 1.80508985e-25
6.03643851e+14 1.86342213e-25
5.73797641e+14 2.09263690e-25
5.45427131e+14 2.23090512e-25
5.18459354e+14 2.28885264e-25
4.92824957e+14 2.41471420e-25
4.68458012e+14 2.46310343e-25
4.45295851e+14 2.55453769e-25
4.23278907e+14 2.67477846e-25
4.02350555e+14 2.97804321e-25
3.82456972e+14 2.91228607e-25
3.63546996e+14 3.25240857e-25
3.45571994e+14 3.24109388e-25
3.28485737e+14 3.58639987e-25
3.12244282e+14 3.82745507e-25
2.96805861e+14 3.97918353e-25
2.82130768e+14 4.13214365e-25
2.68181261e+14 4.36089686e-25
2.54921465e+14 4.66516193e-25
2.42317279e+14 5.01306202e-25
2.30336287e+14 5.03412611e-25
2.18947676e+14 5.46066209e-25
2.08122157e+14 5.61362556e-25
1.97831888e+14 5.95757948e-25
1.88050406e+14 6.14918538e-25
1.78752553e+14 6.70788759e-25
1.69914417e+14 6.86037444e-25
1.61513269e+14 7.17192447e-25
1.53527503e+14 7.57929424e-25
1.45936580e+14 7.96518224e-25
1.38720978e+14 8.49162850e-25
1.31862140e+14 8.88932001e-25
1.25342427e+14 9.35359722e-25
1.19145070e+14 9.72509762e-25
1.13254132e+14 1.05010427e-24
1.07654461e+14 1.08685444e-24
1.02331658e+14 1.15150437e-24
9.72720319e+13 1.21287997e-24
9.24625712e+13 1.26126889e-24
8.78909065e+13 1.33483558e-24
8.35452806e+13 1.39552348e-24
7.94145172e+13 1.47688297e-24
7.54879928e+13 1.54738886e-24
7.17556092e+13 1.63606823e-24
6.82077673e+13 1.72686746e-24
6.48353429e+13 1.81784807e-24
6.16296626e+13 1.89912799e-24
5.85824820e+13 2.01430615e-24
5.56859644e+13 2.09731417e-24
5.29326606e+13 2.22364270e-24
5.03154895e+13 2.35293819e-24
4.78277202e+13 2.44232446e-24
4.54629547e+13 2.58985710e-24
4.32151113e+13 2.72994467e-24
4.10784089e+13 2.86568325e-24
3.90473524e+13 3.02459705e-24
3.71167182e+13 3.16690660e-24
3.52815412e+13 3.32389395e-24
3.35371015e+13 3.49057872e-24
3.18789129e+13 3.69942548e-24
3.03027108e+13 3.86773588e-24
2.88044415e+13 4.08379401e-24
2.73802518e+13 4.29010845e-24
2.60264788e+13 4.50562731e-24
2.47396410e+13 4.75562406e-24
2.35164288e+13 5.00595758e-24
2.23536965e+13 5.25832709e-24
2.12484535e+13 5.54208387e-24
2.01978576e+13 5.81973444e-24
1.91992067e+13 6.13104118e-24
1.82499324e+13 6.44110735e-24
1.73475936e+13 6.77856410e-24
1.64898694e+13 7.13796511e-24
1.56745541e+13 7.49944229e-24
1.48995507e+13 7.90545672e-24
1.41628662e+13 8.29736768e-24
1.34626058e+13 8.74704571e-24
1.27969687e+13 9.20006952e-24
1.21642429e+13 9.68361481e-24
1.15628013e+13 1.01777349e-23
1.09910970e+13 1.07071916e-23
1.04476597e+13 1.12761437e-23
9.93109181e+12 1.18578605e-23
9.44006479e+12 1.24630050e-23
8.97331581e+12 1.31245034e-23
8.52964450e+12 1.37973105e-23
8.10790981e+12 1.45172036e-23
7.70702711e+12 1.52793955e-23
7.32596543e+12 1.60694482e-23
6.96374473e+12 1.68986386e-23
6.61943346e+12 1.77900264e-23
6.29214611e+12 1.86912128e-23
5.98104096e+12 1.96957848e-23
5.68531791e+12 2.07046285e-23
5.40421642e+12 2.17857504e-23
5.13701354e+12 2.28989177e-23
4.88302209e+12 2.41068253e-23
4.64158883e+12 2.53622686e-23
4.41209286e+12 2.66718060e-23
4.19394396e+12 2.80730239e-23
3.98658107e+12 2.95342276e-23
3.78947092e+12 3.10594224e-23
3.60210656e+12 3.26677423e-23
3.42400614e+12 3.43782381e-23
3.25471161e+12 3.61530374e-23
3.09378757e+12 3.80402289e-23
2.94082017e+12 4.00220638e-23
2.79541600e+12 4.20937940e-23
2.65720111e+12 4.43115175e-23
2.52582003e+12 4.65887344e-23
2.40093488e+12 4.90252893e-23
2.28222447e+12 5.15604226e-23
2.16938352e+12 5.42482978e-23
2.06212180e+12 5.70674889e-23
1.96016347e+12 6.00548165e-23
1.86324631e+12 6.31730545e-23
1.77112106e+12 6.64505632e-23
1.68355080e+12 6.99029905e-23
1.60031031e+12 7.35592310e-23
1.52118552e+12 7.73856165e-23
1.44597292e+12 8.13988844e-23
1.37447909e+12 8.56374121e-23
1.30652016e+12 9.00906273e-23
1.24192135e+12 9.47762104e-23
1.18051653e+12 9.97009909e-23
1.12214777e+12 1.04873513e-22
1.06666496e+12 1.10341422e-22
1.01392541e+12 1.16075160e-22
9.63793480e+11 1.22120199e-22
9.16140246e+11 1.28483897e-22
8.70843150e+11 1.35169656e-22
8.27785697e+11 1.42188078e-22
7.86857151e+11 1.49576016e-22
7.47952252e+11 1.57359451e-22
7.10970943e+11 1.65548679e-22
6.75818117e+11 1.74151388e-22
6.42403366e+11 1.83231500e-22
6.10640754e+11 1.92740113e-22
5.80448594e+11 2.02766093e-22
5.51749238e+11 2.13331588e-22
5.24468875e+11 2.24431356e-22
4.98537346e+11 2.36092436e-22
4.73887961e+11 2.48370284e-22
4.50457325e+11 2.61292576e-22
4.28185180e+11 2.74893583e-22
4.07014245e+11 2.89169414e-22
3.86890074e+11 3.04227444e-22
3.67760910e+11 3.20049902e-22
3.49577557e+11 3.36688944e-22
3.32293252e+11 3.54198410e-22
3.15863541e+11 3.72630143e-22
3.00246171e+11 3.92017049e-22
2.85400977e+11 4.12394365e-22
2.71289780e+11 4.33854227e-22
2.57876289e+11 4.56417996e-22
2.45126006e+11 4.80156718e-22
2.33006141e+11 5.05141383e-22
2.21485523e+11 5.31404749e-22
2.10534524e+11 5.59042471e-22
2.00124980e+11 5.88120081e-22
1.90230119e+11 6.18714629e-22
1.80824493e+11 6.50911266e-22
1.71883914e+11 6.84762030e-22
1.63385388e+11 7.20373561e-22
1.55307057e+11 7.57854267e-22
1.47628147e+11 7.97263393e-22
1.40328908e+11 8.38744651e-22
1.33390569e+11 8.82375934e-22
1.26795285e+11 9.28258864e-22
1.20526094e+11 9.76542178e-22
1.14566873e+11 1.02733108e-21
1.08902296e+11 1.08077770e-21
1.03517796e+11 1.13700065e-21
9.83995230e+10 1.19614292e-21
9.35343152e+10 1.25836093e-21
8.89096599e+10 1.32380984e-21
8.45136633e+10 1.39267560e-21
8.03350198e+10 1.46509655e-21
7.63629826e+10 1.54131379e-21
7.25873365e+10 1.62147649e-21
6.89983712e+10 1.70582426e-21
6.55868566e+10 1.79456140e-21
6.23440189e+10 1.88791822e-21
5.92615181e+10 1.98610785e-21
5.63314267e+10 2.08942520e-21
5.35462090e+10 2.19808399e-21
5.08987019e+10 2.31242232e-21
4.83820966e+10 2.43270701e-21
4.59899209e+10 2.55924948e-21
4.37160225e+10 2.69235804e-21
4.15545533e+10 2.83242217e-21
3.94999546e+10 2.97974813e-21
3.75469422e+10 3.13472100e-21
3.56904935e+10 3.29779288e-21
3.39258338e+10 3.46932234e-21
3.22484250e+10 3.64978452e-21
3.06539530e+10 3.83963953e-21
2.91383170e+10 4.03934156e-21
2.76976194e+10 4.24945853e-21
2.63281547e+10 4.47048515e-21
2.50264010e+10 4.70301865e-21
2.37890104e+10 4.94765355e-21
2.26128007e+10 5.20499183e-21
2.14947467e+10 5.47575827e-21
2.04319732e+10 5.76056356e-21
1.94217468e+10 6.06019205e-21
1.84614695e+10 6.37543885e-21
1.75486715e+10 6.70704669e-21
1.66810054e+10 7.05591852e-21
1.58562396e+10 7.42293283e-21
1.50722531e+10 7.80902583e-21
1.43270295e+10 8.21522357e-21
1.36186524e+10 8.64254141e-21
1.29452998e+10 9.09209446e-21
1.23052400e+10 9.56501196e-21
1.16968270e+10 1.00625418e-20
1.11184960e+10 1.05859428e-20
1.05687597e+10 1.11365721e-20
1.00462042e+10 1.17158251e-20
9.54948564e+09 1.23252500e-20
9.07732653e+09 1.29663284e-20
8.62851257e+09 1.36408019e-20
8.20188950e+09 1.43503213e-20
7.79636013e+09 1.50967635e-20
7.41088152e+09 1.58820473e-20
7.04446228e+09 1.67081339e-20
6.69616005e+09 1.75771932e-20
6.36507908e+09 1.84914897e-20
6.05036788e+09 1.94533200e-20
5.75121707e+09 2.04651905e-20
5.46685730e+09 2.15297038e-20
5.19655724e+09 2.26495579e-20
4.93962174e+09 2.38276954e-20
4.69539001e+09 2.50670996e-20
4.46323393e+09 2.63709737e-20
4.24255643e+09 2.77426457e-20
4.03278998e+09 2.91856689e-20
3.83339510e+09 3.07037978e-20
3.64385898e+09 3.23008526e-20
3.46369418e+09 3.39809952e-20
3.29243733e+09 3.57485221e-20
3.12964801e+09 3.76079852e-20
2.97490755e+09 3.95641821e-20
2.82781798e+09 4.16221351e-20
2.68800102e+09 4.37870948e-20
2.55509709e+09 4.60647108e-20
2.42876438e+09 4.84607473e-20
2.30867799e+09 5.09814591e-20
2.19452909e+09 5.36333039e-20
2.08602409e+09 5.64230107e-20
1.98288395e+09 5.93578959e-20
1.88484341e+09 6.24453953e-20
1.79165033e+09 6.56935204e-20
1.70306503e+09 6.91105645e-20
1.61885969e+09 7.27053613e-20
1.53881775e+09 7.64871541e-20
1.46273336e+09 8.04656328e-20
1.39041083e+09 8.46510816e-20
1.32166418e+09 8.90541878e-20
1.25631660e+09 9.36864254e-20
1.19420003e+09 9.85595139e-20
1.13515471e+09 1.03686124e-19
1.07902879e+09 1.09079372e-19
1.02567793e+09 1.14753158e-19
9.74964918e+08 1.20722063e-19
9.26759330e+08 1.27001444e-19
8.80937190e+08 1.33607461e-19
8.37380654e+08 1.40557090e-19
7.95977700e+08 1.47868196e-19
7.56621850e+08 1.55559597e-19
7.19211887e+08 1.63651057e-19
6.83651600e+08 1.72163401e-19
6.49849535e+08 1.81118485e-19
6.17718760e+08 1.90539430e-19
5.87176639e+08 2.00450372e-19
5.58144625e+08 2.10876882e-19
5.30548053e+08 2.21845662e-19
5.04315949e+08 2.33385016e-19
4.79380850e+08 2.45524584e-19
4.55678627e+08 2.58295595e-19
4.33148322e+08 2.71730896e-19
4.11731993e+08 2.85865069e-19
3.91374560e+08 3.00734367e-19
3.72023668e+08 3.16377170e-19
3.53629550e+08 3.32833552e-19
3.36144900e+08 3.50145995e-19
3.19524751e+08 3.68358915e-19
3.03726358e+08 3.87519182e-19
2.88709092e+08 4.07676050e-19
2.74434330e+08 4.28881432e-19
2.60865362e+08 4.51189761e-19
2.47967289e+08 4.74658489e-19
2.35706941e+08 4.99347990e-19
2.24052787e+08 5.25321644e-19
2.12974854e+08 5.52646377e-19
2.02444651e+08 5.81392428e-19
1.92435098e+08 6.11633676e-19
1.82920450e+08 6.43447950e-19
1.73876240e+08 6.76917023e-19
1.65279206e+08 7.12127001e-19
1.57107239e+08 7.49168439e-19
1.49339322e+08 7.88136610e-19
1.41955477e+08 8.29131687e-19
1.34936714e+08 8.72259145e-19
1.28264983e+08 9.17629918e-19
1.21923125e+08 9.65360614e-19
1.15894830e+08 1.01557407e-18
1.10164595e+08 1.06839938e-18
1.04717682e+08 1.12397242e-18
9.95400829e+07 1.18243607e-18
9.46184819e+07 1.24394075e-18
8.99402217e+07 1.30864458e-18
8.54932707e+07 1.37671404e-18
8.12661920e+07 1.44832408e-18
7.72481145e+07 1.52365902e-18
7.34287045e+07 1.60291244e-18
6.97981391e+07 1.68628828e-18
6.63470812e+07 1.77400095e-18
6.30666554e+07 1.86627599e-18
5.99484250e+07 1.96335074e-18
5.69843706e+07 2.06547486e-18
5.41668691e+07 2.17291099e-18
5.14886745e+07 2.28593544e-18
4.89428990e+07 2.40483885e-18
4.65229952e+07 2.52992708e-18
4.42227398e+07 2.66152177e-18
4.20362168e+07 2.79996142e-18
3.99578030e+07 2.94560202e-18
3.79821531e+07 3.09881816e-18
3.61041860e+07 3.26000388e-18
3.43190720e+07 3.42957369e-18
3.26222201e+07 3.60796371e-18
3.10092664e+07 3.79563274e-18
2.94760626e+07 3.99306339e-18
2.80186656e+07 4.20076345e-18
2.66333273e+07 4.41926708e-18
2.53164848e+07 4.64913624e-18
2.40647515e+07 4.89096208e-18
2.28749082e+07 5.14536655e-18
2.17438948e+07 5.41300389e-18
2.06688025e+07 5.69456249e-18
1.96468665e+07 5.99076641e-18
1.86754584e+07 6.30237742e-18
1.77520801e+07 6.63019695e-18
1.68743568e+07 6.97506813e-18
1.60400311e+07 7.33787782e-18
1.52469573e+07 7.71955914e-18
1.44930957e+07 8.12109370e-18
1.37765077e+07 8.54351419e-18
1.30953502e+07 8.98790692e-18
1.24478715e+07 9.45541489e-18
1.18324063e+07 9.94724038e-18
1.12473718e+07 1.04646483e-17
1.06912634e+07 1.10089693e-17
1.01626509e+07 1.15816032e-17
9.66017480e+06 1.21840229e-17
9.18254284e+06 1.28177775e-17
8.72852662e+06 1.34844970e-17
8.29695852e+06 1.41858961e-17
7.88672862e+06 1.49237786e-17
7.49678187e+06 1.57000423e-17
7.12611543e+06 1.65166834e-17
6.77377600e+06 1.73758024e-17
6.43885743e+06 1.82796086e-17
6.12049837e+06 1.92304265e-17
5.81788007e+06 2.02307014e-17
5.53022426e+06 2.12830058e-17
5.25679112e+06 2.23900462e-17
4.99687745e+06 2.35546694e-17
4.74981480e+06 2.47798708e-17
4.51496777e+06 2.60688013e-17
4.29173238e+06 2.74247758e-17
4.07953450e+06 2.88512817e-17
3.87782841e+06 3.03519875e-17
3.68609536e+06 3.19307530e-17
3.50384225e+06 3.35916383e-17
3.33060034e+06 3.53389149e-17
3.16592411e+06 3.71770765e-17
3.00939003e+06 3.91108506e-17
2.86059554e+06 4.11452104e-17
2.71915794e+06 4.32853878e-17
2.58471351e+06 4.55368871e-17
2.45691646e+06 4.79054987e-17
2.33543814e+06 5.03973142e-17
2.21996612e+06 5.30187420e-17
2.11020343e+06 5.57765241e-17
2.00586778e+06 5.86777529e-17
1.90669084e+06 6.17298897e-17
1.81241755e+06 6.49407843e-17
1.72280545e+06 6.83186943e-17
1.63762407e+06 7.18723071e-17
1.55665436e+06 7.56107620e-17
1.47968806e+06 7.95436736e-17
1.40652724e+06 8.36811565e-17
1.33698374e+06 8.80338517e-17
1.27087871e+06 9.26129535e-17
1.20804213e+06 9.74302384e-17
1.14831241e+06 1.02498096e-16
1.09153594e+06 1.07829559e-16
1.03756668e+06 1.13438340e-16
9.86265846e+05 1.19338862e-16
9.37501502e+05 1.25546303e-16
8.91148232e+05 1.32076625e-16
8.47086827e+05 1.38946623e-16
8.05203967e+05 1.46173966e-16
7.65391939e+05 1.53777242e-16
7.27548353e+05 1.61776004e-16
6.91575883e+05 1.70190824e-16
6.57382014e+05 1.79043344e-16
6.24878807e+05 1.88356330e-16
5.93982669e+05 1.98153733e-16
5.64614142e+05 2.08460752e-16
5.36697695e+05 2.19303894e-16
5.10161531e+05 2.30711044e-16
4.84937407e+05 2.42711542e-16
4.60960449e+05 2.55336249e-16
4.38168993e+05 2.68617635e-16
4.16504425e+05 2.82589857e-16
3.95911027e+05 2.97288848e-16
3.76335836e+05 3.12752413e-16
3.57728510e+05 3.29020320e-16
3.40041193e+05 3.46134409e-16
3.23228398e+05 3.64138693e-16
3.07246884e+05 3.83079477e-16
2.92055551e+05 4.03005474e-16
2.77615329e+05 4.23967929e-16
2.63889081e+05 4.46020755e-16
2.50841506e+05 4.69220668e-16
2.38439047e+05 4.93627334e-16
2.26649808e+05 5.19303524e-16
2.15443469e+05 5.46315272e-16
2.04791210e+05 5.74732049e-16
1.94665634e+05 6.04626939e-16
1.85040702e+05 6.36076825e-16
1.75891659e+05 6.69162594e-16
1.67194976e+05 7.03969336e-16
1.58928287e+05 7.40586569e-16
1.51070330e+05 7.79108468e-16
1.43600898e+05 8.19634105e-16
1.36500781e+05 8.62267708e-16
1.29751717e+05 9.07118923e-16
1.23336350e+05 9.54303102e-16
1.17238180e+05 1.00394160e-15
1.11441525e+05 1.05616207e-15
1.05931476e+05 1.11109883e-15
1.00693863e+05 1.16889317e-15
9.57152154e+04 1.22969371e-15
9.09827289e+04 1.29365685e-15
8.64842328e+04 1.36094708e-15
8.22081576e+04 1.43173747e-15
7.81435061e+04 1.50621008e-15
7.42798248e+04 1.58455646e-15
7.06071771e+04 1.66697809e-15
6.71161177e+04 1.75368696e-15
6.37976681e+04 1.84490609e-15
6.06432940e+04 1.94087007e-15
5.76448828e+04 2.04182572e-15
5.47947234e+04 2.14803270e-15
5.20854855e+04 2.25976416e-15
4.95102016e+04 2.37730747e-15
4.70622485e+04 2.50096495e-15
4.47353305e+04 2.63105464e-15
4.25234633e+04 2.76791112e-15
4.04209584e+04 2.91188640e-15
3.84224085e+04 3.06335078e-15
3.65226736e+04 3.22269382e-15
3.47168682e+04 3.39032535e-15
3.30003479e+04 3.56667653e-15
3.13686982e+04 3.75220094e-15
2.98177229e+04 3.94737576e-15
2.83434331e+04 4.15270299e-15
2.69420371e+04 4.36871074e-15
2.56099310e+04 4.59595462e-15
2.43436887e+04 4.83501911e-15
2.31400538e+04 5.08651911e-15
2.19959307e+04 5.35110152e-15
2.09083769e+04 5.62944688e-15
1.98745955e+04 5.92227115e-15
1.88919278e+04 6.23032752e-15
1.79578465e+04 6.55440839e-15
1.70699493e+04 6.89534735e-15
1.62259529e+04 7.25402139e-15
1.54236865e+04 7.63135312e-15
1.46610868e+04 8.02831315e-15
1.39361927e+04 8.44592259e-15
1.32471399e+04 8.88525567e-15
1.25921561e+04 9.34744253e-15
1.19695570e+04 9.83367210e-15
1.13777413e+04 1.03451952e-14
1.08151870e+04 1.08833276e-14
1.02804473e+04 1.14494538e-14
9.77214697e+03 1.20450301e-14
9.28897872e+03 1.26715887e-14
8.82969996e+03 1.33307415e-14
8.39312950e+03 1.40241843e-14
7.97814457e+03 1.47537010e-14
7.58367791e+03 1.55211686e-14
7.20871503e+03 1.63285616e-14
6.85229160e+03 1.71779574e-14
6.51349095e+03 1.80715412e-14
6.19144176e+03 1.90116123e-14
5.88531578e+03 2.00005896e-14
5.59432571e+03 2.10410177e-14
5.31772318e+03 2.21355739e-14
5.05479682e+03 2.32870747e-14
4.80487044e+03 2.44984832e-14
4.56730127e+03 2.57729169e-14
4.34147833e+03 2.71136555e-14
4.12682085e+03 2.85241494e-14
3.92277676e+03 3.00080288e-14
3.72882131e+03 3.15691128e-14
3.54445567e+03 3.32114194e-14
3.36920571e+03 3.49391757e-14
3.20262069e+03 3.67568291e-14
3.04427221e+03 3.86690586e-14
2.89375302e+03 4.06807869e-14
2.75067601e+03 4.27971930e-14
2.61467321e+03 4.50237257e-14
2.48539486e+03 4.73661178e-14
2.36250847e+03 4.98304006e-14
2.24569800e+03 5.24229196e-14
2.13466303e+03 5.51503512e-14
2.02911802e+03 5.80197195e-14
1.92879151e+03 6.10384148e-14
1.83342548e+03 6.42142124e-14
1.74277468e+03 6.75552933e-14
1.65660596e+03 7.10702646e-14
1.57469771e+03 7.47681824e-14
1.49683929e+03 7.86585750e-14
1.42283046e+03 8.27514676e-14
1.35248087e+03 8.70574085e-14
1.28560961e+03 9.15874961e-14
1.22204469e+03 9.63534081e-14
1.16162263e+03 1.01367431e-13
1.10418805e+03 1.06642494e-13
1.04959323e+03 1.12192200e-13
9.97697764e+02 1.18030862e-13
9.48368187e+02 1.24173542e-13
9.01477631e+02 1.30636088e-13
8.56905505e+02 1.37435175e-13
8.14537177e+02 1.44588350e-13
7.74263683e+02 1.52114080e-13
7.35981448e+02 1.60031794e-13
6.99592017e+02 1.68361939e-13
6.65001803e+02 1.77126031e-13
6.32121848e+02 1.86346714e-13
6.00867589e+02 1.96047814e-13
5.71158648e+02 2.06254410e-13
5.42918618e+02 2.16992889e-13
5.16074871e+02 2.28291027e-13
4.90558371e+02 2.40178053e-13
4.66303493e+02 2.52684730e-13
4.43247859e+02 2.65843437e-13
4.21332174e+02 2.79688250e-13
4.00500076e+02 2.94255041e-13
3.80697987e+02 3.09581563e-13
3.61874981e+02 3.25707557e-13
3.43982649e+02 3.42674855e-13
3.26974974e+02 3.60527495e-13
3.10808217e+02 3.79311833e-13
2.95440800e+02 3.99076673e-13
2.80833200e+02 4.19873394e-13
2.66947849e+02 4.41756090e-13
2.53749038e+02 4.64781718e-13
2.41202821e+02 4.89010247e-13
2.29276931e+02 5.14504828e-13
2.17940698e+02 5.41331959e-13
2.07164968e+02 5.69561673e-13
1.96922026e+02 5.99267725e-13
1.87185529e+02 6.30527798e-13
1.77930439e+02 6.63423720e-13
1.69132952e+02 6.98041687e-13
1.60770442e+02 7.34472507e-13
1.52821404e+02 7.72811852e-13
1.45265393e+02 8.13160533e-13
1.38082977e+02 8.55624780e-13
1.31255684e+02 9.00316551e-13
1.24765955e+02 9.47353848e-13
1.18597101e+02 9.96861066e-13
1.12733256e+02 1.04896935e-12
1.07159340e+02 1.10381697e-12
1.01861017e+02 1.16154978e-12
9.68246612e+01 1.22232156e-12
9.20373200e+01 1.28629459e-12
8.74866812e+01 1.35364005e-12
8.31610415e+01 1.42453863e-12
7.90492762e+01 1.49918101e-12
7.51408106e+01 1.57776854e-12
7.14255929e+01 1.66051381e-12
6.78940681e+01 1.74764142e-12
6.45371540e+01 1.83938862e-12
6.13462172e+01 1.93600619e-12
5.83130511e+01 2.03775924e-12
5.54298552e+01 2.14492813e-12
5.26892142e+01 2.25780948e-12
5.00840799e+01 2.37671717e-12
4.76077523e+01 2.50198354e-12
4.52538628e+01 2.63396062e-12
4.30163576e+01 2.77302142e-12
4.08894823e+01 2.91956143e-12
3.88677669e+01 3.07400018e-12
3.69460121e+01 3.23678292e-12
3.51192753e+01 3.40838253e-12
3.33828586e+01 3.58930150e-12
3.17322963e+01 3.78007419e-12
3.01633435e+01 3.98126921e-12
2.86719650e+01 4.18574590e-12
2.72543253e+01 4.40839354e-12
2.59067786e+01 4.64320285e-12
2.46258592e+01 4.89087704e-12
2.34082728e+01 5.15216477e-12
2.22508880e+01 5.42786366e-12
2.11507282e+01 5.71882414e-12
2.01049642e+01 6.02595369e-12
1.91109062e+01 6.35022144e-12
1.81659979e+01 6.69266331e-12
1.72678090e+01 7.05438756e-12
1.64140297e+01 7.43658106e-12
1.56024641e+01 7.84051607e-12
1.48310251e+01 8.26771026e-12
1.40977287e+01 8.71892760e-12
1.34006890e+01 9.19625064e-12
1.27381132e+01 9.70149681e-12
1.21082975e+01 1.02366163e-11
1.15096220e+01 1.08032440e-11
1.09405471e+01 1.14036924e-11
1.03996091e+01 1.20402264e-11
9.88541702e+00 1.27153017e-11
9.39664831e+00 1.34316405e-11
8.93204600e+00 1.41921697e-11
8.49041520e+00 1.50000865e-11
8.07062014e+00 1.58588650e-11
7.67158118e+00 1.67722927e-11
7.29227206e+00 1.77445053e-11
6.93171728e+00 1.87800192e-11
6.58898955e+00 1.98837764e-11
6.26320745e+00 2.10611889e-11
5.95353313e+00 2.23181916e-11
5.65917016e+00 2.36612986e-11
5.37936150e+00 2.50976684e-11
5.11338754e+00 2.66351751e-11
4.86056423e+00 2.82824884e-11
4.62024137e+00 3.00491622e-11
4.39180089e+00 3.19457343e-11
4.17465529e+00 3.39838364e-11
3.96824610e+00 3.61763172e-11
3.77204249e+00 3.85373788e-11
3.58553986e+00 4.10827289e-11
3.40825855e+00 4.38297500e-11
3.23974263e+00 4.67976864e-11
3.07955871e+00 5.00078533e-11
2.92729484e+00 5.34838673e-11
2.78255940e+00 5.72519035e-11
2.64498018e+00 6.13409792e-11
2.51420335e+00 6.57832695e-11
2.38989257e+00 7.06144555e-11
2.27172813e+00 7.58741114e-11
2.15940615e+00 8.15413296e-11
2.05263775e+00 8.77832422e-11
1.95114835e+00 9.45993821e-11
1.85467692e+00 1.02049695e-10
1.76297538e+00 1.10314920e-10
1.67580786e+00 1.19253171e-10
1.59295021e+00 1.29049568e-10
1.51418933e+00 1.39793352e-10
1.43932264e+00 1.51584964e-10
1.36815763e+00 1.64535745e-10
1.30051125e+00 1.78769103e-10
1.23620954e+00 1.94421806e-10
1.17508713e+00 2.11645402e-10
1.11698682e+00 2.30607796e-10
1.06175918e+00 2.51494993e-10
1.00926219e+00 2.74513019e-10
9.59360829e-01 2.99890050e-10
9.11926760e-01 3.27878762e-10
8.66837993e-01 3.58760505e-10
8.23978568e-01 3.92842166e-10
7.83238260e-01 4.30468022e-10
7.44512291e-01 4.72017648e-10
7.07701066e-01 5.17911163e-10
6.72709914e-01 5.68613516e-10
6.39448843e-01 6.24639237e-10
6.07832313e-01 6.86557668e-10
5.77779012e-01 7.54998764e-10
5.49211648e-01 8.30659483e-10
5.22056753e-01 9.14310867e-10
4.96244488e-01 1.00680584e-09
4.71708469e-01 1.10908785e-09
4.48385595e-01 1.22220037e-09
4.26215883e-01 1.34729743e-09
4.05142317e-01 1.48565520e-09
3.85110700e-01 1.63868481e-09
3.66069515e-01 1.80794644e-09
3.47969790e-01 1.99516488e-09
3.30764978e-01 2.20224670e-09
3.14410830e-01 2.43129909e-09
2.98865287e-01 2.68465067e-09
2.84088369e-01 2.96487433e-09
2.70042072e-01 3.27481240e-09
2.56690272e-01 3.61760419e-09
2.43998630e-01 3.99671636e-09
2.31934506e-01 4.41597611e-09
2.20466874e-01 4.87960759e-09
2.09566240e-01 5.39227174e-09
1.99204571e-01 5.95910979e-09
1.89355218e-01 6.58579078e-09
1.79992851e-01 7.27856330e-09
1.71093391e-01 8.04431174e-09
1.62633950e-01 8.89061737e-09
1.54592774e-01 9.82582449e-09
1.46949180e-01 1.08591118e-08
1.39683512e-01 1.20005693e-08
1.32777083e-01 1.32612808e-08
1.26212131e-01 1.46534121e-08
1.19971774e-01 1.61903051e-08
1.14039960e-01 1.78865770e-08
1.08401436e-01 1.97582249e-08
1.03041699e-01 2.18227354e-08
9.79469667e-02 2.40991982e-08
9.31041349e-02 2.66084223e-08
8.85007491e-02 2.93730541e-08
8.41249705e-02 3.24176960e-08
7.99655453e-02 3.57690216e-08
7.60117762e-02 3.94558870e-08
7.22534949e-02 4.35094325e-08
6.86810359e-02 4.79631728e-08
6.52852114e-02 5.28530687e-08
6.20572881e-02 5.82175763e-08
5.89889643e-02 6.40976662e-08
5.60723488e-02 7.05368050e-08
5.32999408e-02 7.75808916e-08
5.06646101e-02 8.52781371e-08
4.81595791e-02 9.36788808e-08
4.57784054e-02 1.02835329e-07
4.35149650e-02 1.12801206e-07
4.13634368e-02 1.23631310e-07
3.93182876e-02 1.35380953e-07
3.73742574e-02 1.48105287e-07
3.55263468e-02 1.61858496e-07
3.37698031e-02 1.76692849e-07
3.21001090e-02 1.92657604e-07
3.05129702e-02 2.09797746e-07
2.90043049e-02 2.28152548e-07
2.75702333e-02 2.47753929e-07
2.62070670e-02 2.68624562e-07
2.49113003e-02 2.90775696e-07
2.36796007e-02 3.14204605e-07
2.25088005e-02 3.38891602e-07
2.13958887e-02 3.64796514e-07
2.03380031e-02 3.91854569e-07
1.93324229e-02 4.19971677e-07
1.83765620e-02 4.49019156e-07
1.74679622e-02 4.78828133e-07
1.66042866e-02 5.09183953e-07
1.57833141e-02 5.39821198e-07
1.50029332e-02 5.70419981e-07
1.42611371e-02 6.00604971e-07
1.35560179e-02 6.29946894e-07
1.28857621e-02 6.57969135e-07
1.22486461e-02 6.84158878e-07
1.16430313e-02 7.07983512e-07
1.10673602e-02 7.28911790e-07
1.05201522e-02 7.46438559e-07
1.00000000e-02 7.60111166e-07
