1.00000000e+20 0.00000000e+00
9.50556592e+19 0.00000000e+00
9.03557835e+19 0.00000000e+00
8.58882856e+19 0.00000000e+00
8.16416760e+19 0.00000000e+00
7.76050334e+19 0.00000000e+00
7.37679760e+19 0.00000000e+00
7.01206359e+19 0.00000000e+00
6.66536327e+19 0.00000000e+00
6.33580499e+19 0.00000000e+00
6.02254120e+19 0.00000000e+00
5.72476624e+19 0.00000000e+00
5.44171429e+19 0.00000000e+00
5.17265739e+19 0.00000000e+00
4.91690358e+19 0.00000000e+00
4.67379511e+19 0.00000000e+00
4.44270675e+19 0.00000000e+00
4.22304419e+19 0.00000000e+00
4.01424249e+19 0.00000000e+00
3.81576466e+19 0.00000000e+00
3.62710025e+19 0.00000000e+00
3.44776405e+19 0.00000000e+00
3.27729485e+19 0.00000000e+00
3.11525422e+19 0.00000000e+00
2.96122544e+19 0.00000000e+00
2.81481236e+19 0.00000000e+00
2.67563844e+19 0.00000000e+00
2.54334576e+19 0.00000000e+00
2.41759408e+19 0.00000000e+00
2.29805999e+19 0.00000000e+00
2.18443607e+19 0.00000000e+00
2.07643011e+19 0.00000000e+00
1.97376433e+19 0.00000000e+00
1.87617469e+19 0.00000000e+00
1.78341022e+19 0.00000000e+00
1.69523234e+19 0.00000000e+00
1.61141428e+19 0.00000000e+00
1.53174046e+19 0.00000000e+00
1.45600600e+19 0.00000000e+00
1.38401610e+19 0.00000000e+00
1.31558562e+19 0.00000000e+00
1.25053859e+19 0.00000000e+00
1.18870770e+19 0.00000000e+00
1.12993394e+19 0.00000000e+00
1.07406615e+19 0.00000000e+00
1.02096066e+19 0.00000000e+00
9.70480888e+18 0.00000000e+00
9.22497005e+18 0.00000000e+00
8.76885609e+18 0.00000000e+00
8.33529397e+18 0.00000000e+00
7.92316862e+18 0.00000000e+00
7.53142017e+18 0.00000000e+00
7.15904109e+18 0.00000000e+00
6.80507370e+18 0.00000000e+00
6.46860766e+18 0.00000000e+00
6.14877765e+18 0.00000000e+00
5.84476113e+18 0.00000000e+00
5.55577622e+18 0.00000000e+00
5.28107971e+18 0.00000000e+00
5.01996513e+18 0.00000000e+00
4.77176095e+18 0.00000000e+00
4.53582883e+18 0.00000000e+00
4.31156199e+18 0.00000000e+00
4.09838367e+18 0.00000000e+00
3.89574562e+18 0.00000000e+00
3.70312668e+18 0.00000000e+00
3.52003147e+18 0.00000000e+00
3.34598912e+18 0.00000000e+00
3.18055202e+18 0.00000000e+00
3.02329468e+18 0.00000000e+00
2.87381269e+18 0.00000000e+00
2.73172160e+18 0.00000000e+00
2.59665597e+18 0.00000000e+00
2.46826845e+18 0.00000000e+00
2.34622885e+18 0.00000000e+00
2.23022330e+18 0.00000000e+00
2.11995346e+18 0.00000000e+00
2.01513573e+18 0.00000000e+00
1.91550056e+18 0.00000000e+00
1.82079168e+18 0.00000000e+00
1.73076553e+18 0.00000000e+00
1.64519059e+18 0.00000000e+00
1.56384676e+18 0.00000000e+00
1.48652484e+18 0.00000000e+00
1.41302599e+18 0.00000000e+00
1.34316117e+18 0.00000000e+00
1.27675070e+18 0.00000000e+00
1.21362380e+18 0.00000000e+00
1.15361810e+18 0.00000000e+00
1.09657929e+18 0.00000000e+00
1.04236067e+18 0.00000000e+00
9.90822810e+17 0.00000000e+00
9.41833153e+17 0.00000000e+00
8.95265713e+17 0.00000000e+00
8.51000725e+17 0.00000000e+00
8.08924349e+17 0.00000000e+00
7.68928372e+17 0.00000000e+00
7.30909933e+17 0.00000000e+00
6.94771255e+17 0.00000000e+00
6.60419396e+17 0.00000000e+00
6.27766011e+17 0.00000000e+00
5.96727120e+17 0.00000000e+00
5.67222897e+17 0.00000000e+00
5.39177464e+17 0.00000000e+00
5.12518693e+17 0.00000000e+00
4.87178022e+17 0.00000000e+00
4.63090280e+17 0.00000000e+00
4.40193519e+17 0.00000000e+00
4.18428851e+17 8.09049605e-58
3.97740302e+17 3.35203561e-56
3.78074666e+17 1.09273848e-54
3.59381366e+17 3.41641743e-53
3.41612327e+17 9.29378384e-52
3.24721849e+17 1.72810691e-50
3.08666494e+17 3.44253759e-49
2.93404971e+17 5.28076736e-48
2.78898029e+17 6.27223366e-47
2.65108360e+17 9.45529495e-46
2.52000499e+17 8.84856033e-45
2.39540736e+17 8.13775592e-44
2.27697026e+17 7.43893623e-43
2.16438909e+17 5.39797200e-42
2.05737431e+17 3.53663374e-41
1.95565072e+17 2.17916463e-40
1.85895668e+17 1.21527736e-39
1.76704353e+17 7.14305326e-39
1.67967487e+17 2.99729449e-38
1.59662602e+17 1.29494377e-37
1.51768339e+17 5.83661486e-37
1.44264395e+17 1.93565951e-36
1.37131472e+17 7.74788218e-36
1.30351224e+17 2.91247473e-35
1.23906216e+17 8.47217394e-35
1.17779870e+17 2.59571693e-34
1.11956432e+17 6.66146213e-34
1.06420924e+17 1.83639467e-33
1.01159111e+17 4.91782047e-33
9.61574600e+16 1.14001057e-32
9.14031075e+16 2.62912245e-32
8.68838264e+16 5.55233731e-32
8.25879939e+16 1.25059126e-31
7.85045620e+16 2.34084343e-31
7.46230289e+16 4.85384455e-31
7.09334120e+16 9.58691945e-31
6.74262224e+16 1.79664683e-30
6.40924402e+16 3.26742890e-30
6.09234915e+16 5.34291204e-30
5.79112265e+16 8.53862269e-30
5.50478981e+16 1.55953947e-29
5.23261424e+16 2.29744684e-29
4.97389596e+16 3.50660878e-29
4.72796959e+16 5.73402071e-29
4.49420266e+16 9.16366117e-29
4.27199397e+16 1.31720562e-28
4.06077203e+16 1.81623021e-28
3.85999362e+16 2.40390260e-28
3.66914238e+16 3.66909874e-28
3.48772747e+16 4.61757743e-28
3.31528234e+16 5.84957478e-28
3.15136348e+16 9.34838397e-28
2.99554933e+16 1.12646597e-27
2.84743917e+16 1.31021405e-27
2.70665207e+16 1.80676028e-27
2.57282597e+16 2.00693908e-27
2.44561668e+16 2.87872797e-27
2.32469706e+16 3.56021036e-27
2.20975611e+16 3.47410810e-27
2.10049824e+16 4.37066801e-27
1.99664245e+16 5.54159724e-27
1.89792164e+16 6.98085129e-27
1.80408193e+16 6.81772396e-27
1.71488197e+16 8.44774333e-27
1.63009236e+16 1.01975497e-26
1.54949504e+16 1.18954933e-26
1.47288272e+16 1.16300432e-26
1.40005838e+16 1.40655256e-26
1.33083472e+16 1.57730496e-26
1.26503372e+16 1.76328326e-26
1.20248614e+16 1.73233672e-26
1.14303113e+16 2.04130213e-26
1.08651577e+16 2.46306633e-26
1.03279473e+16 2.43528550e-26
9.81729841e+15 2.41178331e-26
9.33189772e+15 2.99885088e-26
8.87049689e+15 2.98526462e-26
8.43190929e+15 3.01937963e-26
8.01500696e+15 3.78397772e-26
7.61871770e+15 3.82462569e-26
7.24202233e+15 3.90642521e-26
6.88395207e+15 3.82236667e-26
6.54358602e+15 4.86380998e-26
6.22004883e+15 5.03052310e-26
5.91250841e+15 5.23870019e-26
5.62017385e+15 5.16880310e-26
5.34229330e+15 6.42425684e-26
5.07815211e+15 6.68078095e-26
4.82707097e+15 6.86871148e-26
4.58840413e+15 7.05654442e-26
4.36153779e+15 8.90749378e-26
4.14588850e+15 8.68994312e-26
3.94090164e+15 8.49766788e-26
3.74605003e+15 8.28566747e-26
3.56083255e+15 9.99565211e-26
3.38477286e+15 9.87473514e-26
3.21741815e+15 1.10257831e-25
3.05833803e+15 1.12021934e-25
2.90712338e+15 1.14118261e-25
2.76338529e+15 1.35543989e-25
2.62675410e+15 1.38588440e-25
2.49687843e+15 1.42203015e-25
2.37342425e+15 1.44526068e-25
2.25607407e+15 1.61824057e-25
2.14452608e+15 1.67655612e-25
2.03849340e+15 1.70310880e-25
1.93770334e+15 1.73991064e-25
1.84189668e+15 1.83936183e-25
1.75082703e+15 2.10082445e-25
1.66426018e+15 2.08362110e-25
1.58197348e+15 2.03405876e-25
1.50375532e+15 2.37280238e-25
1.42940453e+15 2.38880444e-25
1.35872990e+15 2.82906739e-25
1.29154967e+15 2.70987637e-25
1.22769105e+15 2.68987899e-25
1.16698982e+15 2.62265453e-25
1.10928986e+15 3.15722427e-25
1.05444279e+15 3.38427371e-25
1.00230755e+15 3.44916920e-25
9.52750047e+14 3.71501784e-25
9.05642838e+14 3.86352733e-25
8.60864770e+14 4.21170228e-25
8.18300682e+14 4.88874868e-25
7.77841107e+14 4.85092773e-25
7.39381992e+14 4.79577702e-25
7.02824426e+14 5.50564451e-25
6.68074392e+14 5.41956065e-25
6.35042517e+14 5.59779080e-25
6.03643851e+14 5.77868591e-25
5.73797641e+14 6.48950722e-25
5.45427131e+14 6.91829284e-25
5.18459354e+14 7.09799474e-25
4.92824957e+14 7.48830590e-25
4.68458012e+14 7.63836647e-25
4.45295851e+14 7.92191457e-25
4.23278907e+14 8.29479503e-25
4.02350555e+14 9.23525383e-25
3.82456972e+14 9.03133337e-25
3.63546996e+14 1.00860923e-24
3.45571994e+14 1.00510041e-24
3.28485737e+14 1.11218377e-24
3.12244282e+14 1.18693775e-24
2.96805861e+14 1.23399049e-24
2.82130768e+14 1.28142518e-24
2.68181261e+14 1.35236417e-24
2.54921465e+14 1.44672026e-24
2.42317279e+14 1.55460807e-24
2.30336287e+14 1.56114029e-24
2.18947676e+14 1.69341399e-24
2.08122157e+14 1.74084972e-24
1.97831888e+14 1.84751378e-24
1.88050406e+14 1.90693297e-24
1.78752553e+14 2.08019294e-24
1.69914417e+14 2.12748086e-24
1.61513269e+14 2.22409610e-24
1.53527503e+14 2.35042614e-24
1.45936580e+14 2.47009444e-24
1.38720978e+14 2.63335147e-24
1.31862140e+14 2.75668017e-24
1.25342427e+14 2.90065786e-24
1.19145070e+14 3.01586440e-24
1.13254132e+14 3.25649388e-24
1.07654461e+14 3.37046037e-24
1.02331658e+14 3.57094721e-24
9.72720319e+13 3.76128001e-24
9.24625712e+13 3.91133960e-24
8.78909065e+13 4.13947836e-24
8.35452806e+13 4.32767850e-24
7.94145172e+13 4.57998361e-24
7.54879928e+13 4.79863048e-24
7.17556092e+13 5.07363537e-24
6.82077673e+13 5.35521420e-24
6.48353429e+13 5.63735553e-24
6.16296626e+13 5.88941388e-24
5.85824820e+13 6.24659459e-24
5.56859644e+13 6.50401197e-24
5.29326606e+13 6.89577125e-24
5.03154895e+13 7.29673140e-24
4.78277202e+13 7.57392850e-24
4.54629547e+13 8.03144413e-24
4.32151113e+13 8.46587177e-24
4.10784089e+13 8.88681269e-24
3.90473524e+13 9.37962262e-24
3.71167182e+13 9.82094087e-24
3.52815412e+13 1.03077767e-23
3.35371015e+13 1.08246853e-23
3.18789129e+13 1.14723430e-23
3.03027108e+13 1.19942929e-23
2.88044415e+13 1.26643140e-23
2.73802518e+13 1.33041187e-23
2.60264788e+13 1.39724675e-23
2.47396410e+13 1.47477361e-23
2.35164288e+13 1.55240490e-23
2.23536965e+13 1.63066759e-23
2.12484535e+13 1.71866382e-23
2.01978576e+13 1.80476645e-23
1.91992067e+13 1.90130624e-23
1.82499324e+13 1.99746132e-23
1.73475936e+13 2.10211053e-23
1.64898694e+13 2.21356491e-23
1.56745541e+13 2.32566313e-23
1.48995507e+13 2.45157287e-23
1.41628662e+13 2.57310896e-23
1.34626058e+13 2.71255928e-23
1.27969687e+13 2.85304716e-23
1.21642429e+13 3.00300010e-23
1.15628013e+13 3.15623243e-23
1.09910970e+13 3.32042302e-23
1.04476597e+13 3.49686160e-23
9.93109181e+12 3.67725866e-23
9.44006479e+12 3.86492091e-23
8.97331581e+12 4.07005914e-23
8.52964450e+12 4.27870435e-23
8.10790981e+12 4.50195147e-23
7.70702711e+12 4.73831593e-23
7.32596543e+12 4.98332034e-23
6.96374473e+12 5.24046181e-23
6.61943346e+12 5.51689139e-23
6.29214611e+12 5.79635963e-23
5.98104096e+12 6.10788893e-23
5.68531791e+12 6.42074296e-23
5.40421642e+12 6.75601126e-23
5.13701354e+12 7.10121721e-23
4.88302209e+12 7.47580323e-23
4.64158883e+12 7.86513059e-23
4.41209286e+12 8.27123318e-23
4.19394396e+12 8.70576695e-23
3.98658107e+12 9.15890298e-23
3.78947092e+12 9.63188340e-23
3.60210656e+12 1.01306419e-22
3.42400614e+12 1.06610862e-22
3.25471161e+12 1.12114719e-22
3.09378757e+12 1.17967116e-22
2.94082017e+12 1.24113014e-22
2.79541600e+12 1.30537687e-22
2.65720111e+12 1.37415102e-22
2.52582003e+12 1.44477013e-22
2.40093488e+12 1.52033049e-22
2.28222447e+12 1.59894789e-22
2.16938352e+12 1.68230198e-22
2.06212180e+12 1.76972834e-22
1.96016347e+12 1.86236879e-22
1.86324631e+12 1.95906893e-22
1.77112106e+12 2.06070824e-22
1.68355080e+12 2.16777197e-22
1.60031031e+12 2.28115619e-22
1.52118552e+12 2.39981679e-22
1.44597292e+12 2.52427284e-22
1.37447909e+12 2.65571445e-22
1.30652016e+12 2.79381376e-22
1.24192135e+12 2.93911907e-22
1.18051653e+12 3.09184217e-22
1.12214777e+12 3.25224802e-22
1.06666496e+12 3.42181416e-22
1.01392541e+12 3.59962394e-22
9.63793480e+11 3.78708755e-22
9.16140246e+11 3.98443313e-22
8.70843150e+11 4.19176619e-22
8.27785697e+11 4.40941549e-22
7.86857151e+11 4.63852396e-22
7.47952252e+11 4.87989719e-22
7.10970943e+11 5.13385457e-22
6.75818117e+11 5.40063442e-22
6.42403366e+11 5.68221913e-22
6.10640754e+11 5.97709214e-22
5.80448594e+11 6.28800930e-22
5.51749238e+11 6.61565741e-22
5.24468875e+11 6.95987397e-22
4.98537346e+11 7.32149742e-22
4.73887961e+11 7.70224759e-22
4.50457325e+11 8.10298271e-22
4.28185180e+11 8.52476553e-22
4.07014245e+11 8.96747544e-22
3.86890074e+11 9.43444224e-22
3.67760910e+11 9.92511481e-22
3.49577557e+11 1.04411106e-21
3.32293252e+11 1.09840993e-21
3.15863541e+11 1.15556885e-21
3.00246171e+11 1.21568987e-21
2.85400977e+11 1.27888226e-21
2.71289780e+11 1.34543176e-21
2.57876289e+11 1.41540459e-21
2.45126006e+11 1.48902109e-21
2.33006141e+11 1.56650141e-21
2.21485523e+11 1.64794712e-21
2.10534524e+11 1.73365487e-21
2.00124980e+11 1.82382788e-21
1.90230119e+11 1.91870508e-21
1.80824493e+11 2.01855055e-21
1.71883914e+11 2.12352565e-21
1.63385388e+11 2.23396110e-21
1.55307057e+11 2.35019307e-21
1.47628147e+11 2.47240529e-21
1.40328908e+11 2.60104344e-21
1.33390569e+11 2.73634905e-21
1.26795285e+11 2.87863728e-21
1.20526094e+11 3.02836938e-21
1.14566873e+11 3.18587160e-21
1.08902296e+11 3.35161569e-21
1.03517796e+11 3.52596953e-21
9.83995230e+10 3.70937648e-21
9.35343152e+10 3.90232167e-21
8.89096599e+10 4.10528626e-21
8.45136633e+10 4.31884688e-21
8.03350198e+10 4.54343256e-21
7.63629826e+10 4.77979096e-21
7.25873365e+10 5.02838472e-21
6.89983712e+10 5.28995682e-21
6.55868566e+10 5.56514089e-21
6.23440189e+10 5.85465111e-21
5.92615181e+10 6.15914841e-21
5.63314267e+10 6.47954736e-21
5.35462090e+10 6.81651074e-21
5.08987019e+10 7.17108704e-21
4.83820966e+10 7.54410367e-21
4.59899209e+10 7.93652641e-21
4.37160225e+10 8.34931133e-21
4.15545533e+10 8.78366626e-21
3.94999546e+10 9.24054097e-21
3.75469422e+10 9.72112964e-21
3.56904935e+10 1.02268343e-20
3.39258338e+10 1.07587668e-20
3.22484250e+10 1.13184007e-20
3.06539530e+10 1.19071629e-20
2.91383170e+10 1.25264618e-20
2.76976194e+10 1.31780587e-20
2.63281547e+10 1.38634876e-20
2.50264010e+10 1.45846007e-20
2.37890104e+10 1.53432415e-20
2.26128007e+10 1.61412771e-20
2.14947467e+10 1.69809549e-20
2.04319732e+10 1.78641688e-20
1.94217468e+10 1.87933511e-20
1.84614695e+10 1.97709677e-20
1.75486715e+10 2.07993216e-20
1.66810054e+10 2.18812132e-20
1.58562396e+10 2.30193667e-20
1.50722531e+10 2.42166854e-20
1.43270295e+10 2.54763512e-20
1.36186524e+10 2.68015129e-20
1.29452998e+10 2.81956285e-20
1.23052400e+10 2.96622000e-20
1.16968270e+10 3.12050972e-20
1.11184960e+10 3.28282236e-20
1.05687597e+10 3.45357883e-20
1.00462042e+10 3.63321183e-20
9.54948564e+09 3.82220151e-20
9.07732653e+09 4.02100726e-20
8.62851257e+09 4.23016925e-20
8.20188950e+09 4.45019935e-20
7.79636013e+09 4.68167965e-20
7.41088152e+09 4.92520516e-20
7.04446228e+09 5.18138411e-20
6.69616005e+09 5.45088936e-20
6.36507908e+09 5.73442319e-20
6.05036788e+09 6.03269783e-20
5.75121707e+09 6.34649048e-20
5.46685730e+09 6.67660828e-20
5.19655724e+09 7.02388788e-20
4.93962174e+09 7.38924183e-20
4.69539001e+09 7.77359531e-20
4.46323393e+09 8.17794163e-20
4.24255643e+09 8.60331286e-20
4.03278998e+09 9.05081094e-20
3.83339510e+09 9.52160014e-20
3.64385898e+09 1.00168651e-19
3.46369418e+09 1.05378967e-19
3.29243733e+09 1.10860270e-19
3.12964801e+09 1.16626679e-19
2.97490755e+09 1.22693070e-19
2.82781798e+09 1.29075018e-19
2.68800102e+09 1.35788807e-19
2.55509709e+09 1.42851956e-19
2.42876438e+09 1.50282340e-19
2.30867799e+09 1.58099356e-19
2.19452909e+09 1.66323032e-19
2.08602409e+09 1.74974233e-19
1.98288395e+09 1.84075648e-19
1.88484341e+09 1.93650338e-19
1.79165033e+09 2.03723147e-19
1.70306503e+09 2.14319793e-19
1.61885969e+09 2.25467671e-19
1.53881775e+09 2.37195444e-19
1.46273336e+09 2.49533163e-19
1.39041083e+09 2.62512721e-19
1.32166418e+09 2.76167258e-19
1.25631660e+09 2.90532359e-19
1.19420003e+09 3.05644366e-19
1.13515471e+09 3.21542571e-19
1.07902879e+09 3.38267654e-19
1.02567793e+09 3.55862715e-19
9.74964918e+08 3.74372973e-19
9.26759330e+08 3.93846057e-19
8.80937190e+08 4.14332074e-19
8.37380654e+08 4.35883671e-19
7.95977700e+08 4.58556248e-19
7.56621850e+08 4.82408165e-19
7.19211887e+08 5.07500712e-19
6.83651600e+08 5.33898468e-19
6.49849535e+08 5.61669210e-19
6.17718760e+08 5.90884643e-19
5.87176639e+08 6.21619610e-19
5.58144625e+08 6.53953416e-19
5.30548053e+08 6.87968861e-19
5.04315949e+08 7.23753724e-19
4.79380850e+08 7.61399917e-19
4.55678627e+08 8.01004287e-19
4.33148322e+08 8.42668697e-19
4.11731993e+08 8.86500390e-19
3.91374560e+08 9.32611791e-19
3.72023668e+08 9.81121920e-19
3.53629550e+08 1.03215505e-18
3.36144900e+08 1.08584292e-18
3.19524751e+08 1.14232328e-18
3.03726358e+08 1.20174146e-18
2.88709092e+08 1.26425023e-18
2.74434330e+08 1.33001055e-18
2.60865362e+08 1.39919124e-18
2.47967289e+08 1.47197046e-18
2.35706941e+08 1.54853543e-18
2.24052787e+08 1.62908272e-18
2.12974854e+08 1.71381985e-18
2.02444651e+08 1.80296465e-18
1.92435098e+08 1.89674623e-18
1.82920450e+08 1.99540595e-18
1.73876240e+08 2.09919739e-18
1.65279206e+08 2.20838757e-18
1.57107239e+08 2.32325732e-18
1.49339322e+08 2.44410209e-18
1.41955477e+08 2.57123253e-18
1.34936714e+08 2.70497573e-18
1.28264983e+08 2.84567570e-18
1.21923125e+08 2.99369407e-18
1.15894830e+08 3.14941175e-18
1.10164595e+08 3.31322912e-18
1.04717682e+08 3.48556750e-18
9.95400829e+07 3.66686998e-18
9.46184819e+07 3.85760303e-18
8.99402217e+07 4.05825704e-18
8.54932707e+07 4.26934825e-18
8.12661920e+07 4.49141922e-18
7.72481145e+07 4.72504150e-18
7.34287045e+07 4.97081546e-18
6.97981391e+07 5.22937351e-18
6.63470812e+07 5.50138058e-18
6.30666554e+07 5.78753607e-18
5.99484250e+07 6.08857601e-18
5.69843706e+07 6.40527464e-18
5.41668691e+07 6.73844638e-18
5.14886745e+07 7.08894818e-18
4.89428990e+07 7.45768132e-18
4.65229952e+07 7.84559427e-18
4.42227398e+07 8.25368451e-18
4.20362168e+07 8.68300175e-18
3.99578030e+07 9.13464996e-18
3.79821531e+07 9.60979081e-18
3.61041860e+07 1.01096462e-17
3.43190720e+07 1.06355017e-17
3.26222201e+07 1.11887096e-17
3.10092664e+07 1.17706928e-17
2.94760626e+07 1.23829479e-17
2.80186656e+07 1.30270496e-17
2.66333273e+07 1.37046545e-17
2.53164848e+07 1.44175051e-17
2.40647515e+07 1.51674348e-17
2.28749082e+07 1.59563723e-17
2.17438948e+07 1.67863464e-17
2.06688025e+07 1.76594919e-17
1.96468665e+07 1.85780543e-17
1.86754584e+07 1.95443958e-17
1.77520801e+07 2.05610018e-17
1.68743568e+07 2.16304869e-17
1.60400311e+07 2.27556014e-17
1.52469573e+07 2.39392390e-17
1.44930957e+07 2.51844437e-17
1.37765077e+07 2.64944182e-17
1.30953502e+07 2.78725310e-17
1.24478715e+07 2.93223269e-17
1.18324063e+07 3.08475342e-17
1.12473718e+07 3.24520754e-17
1.06912634e+07 3.41400773e-17
1.01626509e+07 3.59158809e-17
9.66017480e+06 3.77840534e-17
9.18254284e+06 3.97493992e-17
8.72852662e+06 4.18169730e-17
8.29695852e+06 4.39920922e-17
7.88672862e+06 4.62803505e-17
7.49678187e+06 4.86876331e-17
7.12611543e+06 5.12201312e-17
6.77377600e+06 5.38843576e-17
6.43885743e+06 5.66871645e-17
6.12049837e+06 5.96357598e-17
5.81788007e+06 6.27377273e-17
5.53022426e+06 6.60010440e-17
5.25679112e+06 6.94341031e-17
4.99687745e+06 7.30457334e-17
4.74981480e+06 7.68452235e-17
4.51496777e+06 8.08423450e-17
4.29173238e+06 8.50473775e-17
4.07953450e+06 8.94711360e-17
3.87782841e+06 9.41249972e-17
3.68609536e+06 9.90209300e-17
3.50384225e+06 1.04171526e-16
3.33060034e+06 1.09590031e-16
3.16592411e+06 1.15290382e-16
3.00939003e+06 1.21287237e-16
2.86059554e+06 1.27596020e-16
2.71915794e+06 1.34232956e-16
2.58471351e+06 1.41215114e-16
2.45691646e+06 1.48560450e-16
2.33543814e+06 1.56287856e-16
2.21996612e+06 1.64417205e-16
2.11020343e+06 1.72969403e-16
2.00586778e+06 1.81966447e-16
1.90669084e+06 1.91431474e-16
1.81241755e+06 2.01388826e-16
1.72280545e+06 2.11864113e-16
1.63762407e+06 2.22884274e-16
1.55665436e+06 2.34477652e-16
1.47968806e+06 2.46674062e-16
1.40652724e+06 2.59504871e-16
1.33698374e+06 2.73003079e-16
1.27087871e+06 2.87203399e-16
1.20804213e+06 3.02142353e-16
1.14831241e+06 3.17858360e-16
1.09153594e+06 3.34391839e-16
1.03756668e+06 3.51785312e-16
9.86265846e+05 3.70083510e-16
9.37501502e+05 3.89333495e-16
8.91148232e+05 4.09584773e-16
8.47086827e+05 4.30889426e-16
8.05203967e+05 4.53302248e-16
7.65391939e+05 4.76880878e-16
7.27548353e+05 5.01685958e-16
6.91575883e+05 5.27781281e-16
6.57382014e+05 5.55233960e-16
6.24878807e+05 5.84114598e-16
5.93982669e+05 6.14497472e-16
5.64614142e+05 6.46460720e-16
5.36697695e+05 6.80086546e-16
5.10161531e+05 7.15461430e-16
4.84937407e+05 7.52676351e-16
4.60960449e+05 7.91827017e-16
4.38168993e+05 8.33014119e-16
4.16504425e+05 8.76343582e-16
3.95911027e+05 9.21926841e-16
3.76335836e+05 9.69881130e-16
3.57728510e+05 1.02032978e-15
3.40041193e+05 1.07340253e-15
3.23228398e+05 1.12923588e-15
3.07246884e+05 1.18797343e-15
2.92055551e+05 1.24976623e-15
2.77615329e+05 1.31477321e-15
2.63889081e+05 1.38316156e-15
2.50841506e+05 1.45510715e-15
2.38439047e+05 1.53079502e-15
2.26649808e+05 1.61041983e-15
2.15443469e+05 1.69418637e-15
2.04791210e+05 1.78231005e-15
1.94665634e+05 1.87501754e-15
1.85040702e+05 1.97254725e-15
1.75891659e+05 2.07515001e-15
1.67194976e+05 2.18308971e-15
1.58928287e+05 2.29664396e-15
1.51070330e+05 2.41610479e-15
1.43600898e+05 2.54177944e-15
1.36500781e+05 2.67399113e-15
1.29751717e+05 2.81307990e-15
1.23336350e+05 2.95940346e-15
1.17238180e+05 3.11333813e-15
1.11441525e+05 3.27527981e-15
1.05931476e+05 3.44564501e-15
1.00693863e+05 3.62487187e-15
9.57152154e+04 3.81342136e-15
9.09827289e+04 4.01177839e-15
8.64842328e+04 4.22045312e-15
8.22081576e+04 4.43998224e-15
7.81435061e+04 4.67093036e-15
7.42798248e+04 4.91389145e-15
7.06071771e+04 5.16949039e-15
6.71161177e+04 5.43838456e-15
6.37976681e+04 5.72126553e-15
6.06432940e+04 6.01886086e-15
5.76448828e+04 6.33193593e-15
5.47947234e+04 6.66129596e-15
5.20854855e+04 7.00778804e-15
4.95102016e+04 7.37230334e-15
4.70622485e+04 7.75577937e-15
4.47353305e+04 8.15920243e-15
4.25234633e+04 8.58361010e-15
4.04209584e+04 9.03009397e-15
3.84224085e+04 9.49980238e-15
3.65226736e+04 9.99394343e-15
3.47168682e+04 1.05137881e-14
3.30003479e+04 1.10606733e-14
3.13686982e+04 1.16360058e-14
2.98177229e+04 1.22412653e-14
2.83434331e+04 1.28780086e-14
2.69420371e+04 1.35478735e-14
2.56099310e+04 1.42525828e-14
2.43436887e+04 1.49939492e-14
2.31400538e+04 1.57738796e-14
2.19959307e+04 1.65943800e-14
2.09083769e+04 1.74575609e-14
1.98745955e+04 1.83656426e-14
1.88919278e+04 1.93209608e-14
1.79578465e+04 2.03259727e-14
1.70699493e+04 2.13832636e-14
1.62259529e+04 2.24955530e-14
1.54236865e+04 2.36657020e-14
1.46610868e+04 2.48967206e-14
1.39361927e+04 2.61917754e-14
1.32471399e+04 2.75541977e-14
1.25921561e+04 2.89874922e-14
1.19695570e+04 3.04953459e-14
1.13777413e+04 3.20816377e-14
1.08151870e+04 3.37504482e-14
1.02804473e+04 3.55060705e-14
9.77214697e+03 3.73530210e-14
9.28897872e+03 3.92960512e-14
8.82969996e+03 4.13401596e-14
8.39312950e+03 4.34906052e-14
7.97814457e+03 4.57529203e-14
7.58367791e+03 4.81329255e-14
7.20871503e+03 5.06367439e-14
6.85229160e+03 5.32708175e-14
6.51349095e+03 5.60419236e-14
6.19144176e+03 5.89571921e-14
5.88531578e+03 6.20241241e-14
5.59432571e+03 6.52506112e-14
5.31772318e+03 6.86449555e-14
5.05479682e+03 7.22158915e-14
4.80487044e+03 7.59726084e-14
4.56730127e+03 7.99247736e-14
4.34147833e+03 8.40825579e-14
4.12682085e+03 8.84566615e-14
3.92277676e+03 9.30583418e-14
3.72882131e+03 9.78994424e-14
3.54445567e+03 1.02992423e-13
3.36920571e+03 1.08350394e-13
3.20262069e+03 1.13987146e-13
3.04427221e+03 1.19917189e-13
2.89375302e+03 1.26155790e-13
2.75067601e+03 1.32719008e-13
2.61467321e+03 1.39623741e-13
2.48539486e+03 1.46887768e-13
2.36250847e+03 1.54529792e-13
2.24569800e+03 1.62569491e-13
2.13466303e+03 1.71027569e-13
2.02911802e+03 1.79925810e-13
1.92879151e+03 1.89287130e-13
1.83342548e+03 1.99135643e-13
1.74277468e+03 2.09496719e-13
1.65660596e+03 2.20397048e-13
1.57469771e+03 2.31864716e-13
1.49683929e+03 2.43929270e-13
1.42283046e+03 2.56621799e-13
1.35248087e+03 2.69975016e-13
1.28560961e+03 2.84023338e-13
1.22204469e+03 2.98802978e-13
1.16162263e+03 3.14352040e-13
1.10418805e+03 3.30710615e-13
1.04959323e+03 3.47920890e-13
9.97697764e+02 3.66027252e-13
9.48368187e+02 3.85076407e-13
9.01477631e+02 4.05117503e-13
8.56905505e+02 4.26202252e-13
8.14537177e+02 4.48385071e-13
7.74263683e+02 4.71723223e-13
7.35981448e+02 4.96276962e-13
6.99592017e+02 5.22109698e-13
6.65001803e+02 5.49288154e-13
6.32121848e+02 5.77882548e-13
6.00867589e+02 6.07966775e-13
5.71158648e+02 6.39618598e-13
5.42918618e+02 6.72919857e-13
5.16074871e+02 7.07956680e-13
4.90558371e+02 7.44819711e-13
4.66303493e+02 7.83604353e-13
4.43247859e+02 8.24411011e-13
4.21332174e+02 8.67345368e-13
4.00500076e+02 9.12518657e-13
3.80697987e+02 9.60047960e-13
3.61874981e+02 1.01005652e-12
3.43982649e+02 1.06267406e-12
3.26974974e+02 1.11803714e-12
3.10808217e+02 1.17628953e-12
2.95440800e+02 1.23758257e-12
2.80833200e+02 1.30207559e-12
2.66947849e+02 1.36993634e-12
2.53749038e+02 1.44134145e-12
2.41202821e+02 1.51647691e-12
2.29276931e+02 1.59553853e-12
2.17940698e+02 1.67873254e-12
2.07164968e+02 1.76627612e-12
1.96922026e+02 1.85839800e-12
1.87185529e+02 1.95533908e-12
1.77930439e+02 2.05735311e-12
1.69132952e+02 2.16470739e-12
1.60770442e+02 2.27768355e-12
1.52821404e+02 2.39657826e-12
1.45265393e+02 2.52170415e-12
1.38082977e+02 2.65339065e-12
1.31255684e+02 2.79198496e-12
1.24765955e+02 2.93785302e-12
1.18597101e+02 3.09138059e-12
1.12733256e+02 3.25297435e-12
1.07159340e+02 3.42306314e-12
1.01861017e+02 3.60209918e-12
9.68246612e+01 3.79055946e-12
9.20373200e+01 3.98894716e-12
8.74866812e+01 4.19779318e-12
8.31610415e+01 4.41765780e-12
7.90492762e+01 4.64913240e-12
7.51408106e+01 4.89284133e-12
7.14255929e+01 5.14944393e-12
6.78940681e+01 5.41963663e-12
6.45371540e+01 5.70415523e-12
6.13462172e+01 6.00377741e-12
5.83130511e+01 6.31932530e-12
5.54298552e+01 6.65166835e-12
5.26892142e+01 7.00172635e-12
5.00840799e+01 7.37047274e-12
4.76077523e+01 7.75893815e-12
4.52538628e+01 8.16821420e-12
4.30163576e+01 8.59945771e-12
4.08894823e+01 9.05389511e-12
3.88677669e+01 9.53282740e-12
3.69460121e+01 1.00376354e-11
3.51192753e+01 1.05697854e-11
3.33828586e+01 1.11308359e-11
3.17322963e+01 1.17224439e-11
3.01633435e+01 1.23463728e-11
2.86719650e+01 1.29804785e-11
2.72543253e+01 1.36709344e-11
2.59067786e+01 1.43991050e-11
2.46258592e+01 1.51671711e-11
2.34082728e+01 1.59774543e-11
2.22508880e+01 1.68324282e-11
2.11507282e+01 1.77347301e-11
2.01049642e+01 1.86871741e-11
1.91109062e+01 1.96927656e-11
1.81659979e+01 2.07547171e-11
1.72678090e+01 2.18764655e-11
1.64140297e+01 2.30616915e-11
1.56024641e+01 2.43143403e-11
1.48310251e+01 2.56391185e-11
1.40977287e+01 2.70383953e-11
1.34006890e+01 2.85186288e-11
1.27381132e+01 3.00854552e-11
1.21082975e+01 3.17449221e-11
1.15096220e+01 3.35020996e-11
1.09405471e+01 3.53641591e-11
1.03996091e+01 3.73381241e-11
9.88541702e+00 3.94316100e-11
9.39664831e+00 4.16530590e-11
8.93204600e+00 4.40115472e-11
8.49041520e+00 4.65169901e-11
8.07062014e+00 4.91801606e-11
7.67158118e+00 5.20128049e-11
7.29227206e+00 5.50277477e-11
6.93171728e+00 5.82389951e-11
6.58898955e+00 6.16618728e-11
6.26320745e+00 6.53131644e-11
5.95353313e+00 6.92112738e-11
5.65917016e+00 7.33764027e-11
5.37936150e+00 7.78307505e-11
5.11338754e+00 8.25987353e-11
4.86056423e+00 8.77072427e-11
4.62024137e+00 9.31859010e-11
4.39180089e+00 9.90673889e-11
4.17465529e+00 1.05387778e-10
3.96824610e+00 1.12186912e-10
3.77204249e+00 1.19508835e-10
3.58553986e+00 1.27402258e-10
3.40825855e+00 1.35921086e-10
3.23974263e+00 1.45124997e-10
3.07955871e+00 1.55080093e-10
2.92729484e+00 1.65859611e-10
2.78255940e+00 1.77544724e-10
2.64498018e+00 1.90225417e-10
2.51420335e+00 2.04001469e-10
2.38989257e+00 2.18983532e-10
2.27172813e+00 2.35294328e-10
2.15940615e+00 2.52869022e-10
2.05263775e+00 2.72225910e-10
1.95114835e+00 2.93363542e-10
1.85467692e+00 3.16467818e-10
1.76297538e+00 3.42099229e-10
1.67580786e+00 3.69817772e-10
1.59295021e+00 4.00197524e-10
1.51418933e+00 4.33515232e-10
1.43932264e+00 4.70082373e-10
1.36815763e+00 5.10244230e-10
1.30051125e+00 5.54383509e-10
1.23620954e+00 6.02924337e-10
1.17508713e+00 6.56336684e-10
1.11698682e+00 7.15141246e-10
1.06175918e+00 7.79914840e-10
1.00926219e+00 8.51296381e-10
9.59360829e-01 9.29993466e-10
9.11926760e-01 1.01678967e-09
8.66837993e-01 1.11255750e-09
8.23978568e-01 1.21824865e-09
7.83238260e-01 1.33493075e-09
7.44512291e-01 1.46378091e-09
7.07701066e-01 1.60610196e-09
6.72709914e-01 1.76333578e-09
6.39448843e-01 1.93707797e-09
6.07832313e-01 2.12909413e-09
5.77779012e-01 2.34133783e-09
5.49211648e-01 2.57597040e-09
5.22056753e-01 2.83538295e-09
4.96244488e-01 3.12222048e-09
4.71708469e-01 3.43940873e-09
4.48385595e-01 3.79018364e-09
4.26215883e-01 4.17812398e-09
4.05142317e-01 4.60718731e-09
3.85110700e-01 5.08174969e-09
3.66069515e-01 5.60664942e-09
3.47969790e-01 6.18723530e-09
3.30764978e-01 6.82941978e-09
3.14410830e-01 7.53973753e-09
2.98865287e-01 8.32540986e-09
2.84088369e-01 9.19441562e-09
2.70042072e-01 1.01555691e-08
2.56690272e-01 1.12186058e-08
2.43998630e-01 1.23942762e-08
2.31934506e-01 1.36944488e-08
2.20466874e-01 1.51322232e-08
2.09566240e-01 1.67220536e-08
1.99204571e-01 1.84798835e-08
1.89355218e-01 2.04232931e-08
1.79992851e-01 2.25716602e-08
1.71093391e-01 2.49463340e-08
1.62633950e-01 2.75708250e-08
1.54592774e-01 3.04710096e-08
1.46949180e-01 3.36753521e-08
1.39683512e-01 3.72151428e-08
1.32777083e-01 4.11247538e-08
1.26212131e-01 4.54419129e-08
1.19971774e-01 5.02079946e-08
1.14039960e-01 5.54683284e-08
1.08401436e-01 6.12725233e-08
1.03041699e-01 6.76748075e-08
9.79469667e-02 7.47343799e-08
9.31041349e-02 8.25157717e-08
8.85007491e-02 9.10892122e-08
8.41249705e-02 1.00530996e-07
7.99655453e-02 1.10923842e-07
7.60117762e-02 1.22357234e-07
7.22534949e-02 1.34927744e-07
6.86810359e-02 1.48739304e-07
6.52852114e-02 1.63903433e-07
6.20572881e-02 1.80539386e-07
5.89889643e-02 1.98774220e-07
5.60723488e-02 2.18742729e-07
5.32999408e-02 2.40587250e-07
5.06646101e-02 2.64457292e-07
4.81595791e-02 2.90508962e-07
4.57784054e-02 3.18904159e-07
4.35149650e-02 3.49809489e-07
4.13634368e-02 3.83394884e-07
3.93182876e-02 4.19831875e-07
3.73742574e-02 4.59291495e-07
3.55263468e-02 5.01941775e-07
3.37698031e-02 5.47944807e-07
3.21001090e-02 5.97453344e-07
3.05129702e-02 6.50606890e-07
2.90043049e-02 7.07527240e-07
2.75702333e-02 7.68313372e-07
2.62070670e-02 8.33035600e-07
2.49113003e-02 9.01728808e-07
2.36796007e-02 9.74384545e-07
2.25088005e-02 1.05094176e-06
2.13958887e-02 1.13127586e-06
2.03380031e-02 1.21518600e-06
1.93324229e-02 1.30238037e-06
1.83765620e-02 1.39245994e-06
1.74679622e-02 1.48490100e-06
1.66042866e-02 1.57903788e-06
1.57833141e-02 1.67404750e-06
1.50029332e-02 1.76893784e-06
1.42611371e-02 1.86254495e-06
1.35560179e-02 1.95353763e-06
1.28857621e-02 2.04043781e-06
1.22486461e-02 2.12165521e-06
1.16430313e-02 2.19553813e-06
1.10673602e-02 2.26043913e-06
1.05201522e-02 2.31479165e-06
1.00000000e-02 2.35719197e-06
