1.00000000e+20 0.00000000e+00
9.50556592e+19 0.00000000e+00
9.03557835e+19 0.00000000e+00
8.58882856e+19 0.00000000e+00
8.16416760e+19 0.00000000e+00
7.76050334e+19 0.00000000e+00
7.37679760e+19 0.00000000e+00
7.01206359e+19 0.00000000e+00
6.66536327e+19 0.00000000e+00
6.33580499e+19 0.00000000e+00
6.02254120e+19 0.00000000e+00
5.72476624e+19 0.00000000e+00
5.44171429e+19 0.00000000e+00
5.17265739e+19 0.00000000e+00
4.91690358e+19 0.00000000e+00
4.67379511e+19 0.00000000e+00
4.44270675e+19 0.00000000e+00
4.22304419e+19 0.00000000e+00
4.01424249e+19 0.00000000e+00
3.81576466e+19 0.00000000e+00
3.62710025e+19 0.00000000e+00
3.44776405e+19 0.00000000e+00
3.27729485e+19 0.00000000e+00
3.11525422e+19 0.00000000e+00
2.96122544e+19 0.00000000e+00
2.81481236e+19 0.00000000e+00
2.67563844e+19 0.00000000e+00
2.54334576e+19 0.00000000e+00
2.41759408e+19 0.00000000e+00
2.29805999e+19 0.00000000e+00
2.18443607e+19 0.00000000e+00
2.07643011e+19 0.00000000e+00
1.97376433e+19 0.00000000e+00
1.87617469e+19 0.00000000e+00
1.78341022e+19 0.00000000e+00
1.69523234e+19 0.00000000e+00
1.61141428e+19 0.00000000e+00
1.53174046e+19 0.00000000e+00
1.45600600e+19 0.00000000e+00
1.38401610e+19 0.00000000e+00
1.31558562e+19 0.00000000e+00
1.25053859e+19 0.00000000e+00
1.18870770e+19 0.00000000e+00
1.12993394e+19 0.00000000e+00
1.07406615e+19 0.00000000e+00
1.02096066e+19 0.00000000e+00
9.70480888e+18 0.00000000e+00
9.22497005e+18 0.00000000e+00
8.76885609e+18 0.00000000e+00
8.33529397e+18 0.00000000e+00
7.92316862e+18 0.00000000e+00
7.53142017e+18 0.00000000e+00
7.15904109e+18 0.00000000e+00
6.80507370e+18 0.00000000e+00
6.46860766e+18 0.00000000e+00
6.14877765e+18 0.00000000e+00
5.84476113e+18 0.00000000e+00
5.55577622e+18 0.00000000e+00
5.28107971e+18 0.00000000e+00
5.01996513e+18 0.00000000e+00
4.77176095e+18 0.00000000e+00
4.53582883e+18 0.00000000e+00
4.31156199e+18 0.00000000e+00
4.09838367e+18 0.00000000e+00
3.89574562e+18 0.00000000e+00
3.70312668e+18 0.00000000e+00
3.52003147e+18 0.00000000e+00
3.34598912e+18 0.00000000e+00
3.18055202e+18 0.00000000e+00
3.02329468e+18 0.00000000e+00
2.87381269e+18 0.00000000e+00
2.73172160e+18 0.00000000e+00
2.59665597e+18 0.00000000e+00
2.46826845e+18 0.00000000e+00
2.34622885e+18 0.00000000e+00
2.23022330e+18 0.00000000e+00
2.11995346e+18 0.00000000e+00
2.01513573e+18 0.00000000e+00
1.91550056e+18 0.00000000e+00
1.82079168e+18 0.00000000e+00
1.73076553e+18 0.00000000e+00
1.64519059e+18 0.00000000e+00
1.56384676e+18 0.00000000e+00
1.48652484e+18 0.00000000e+00
1.41302599e+18 0.00000000e+00
1.34316117e+18 0.00000000e+00
1.27675070e+18 0.00000000e+00
1.21362380e+18 0.00000000e+00
1.15361810e+18 0.00000000e+00
1.09657929e+18 0.00000000e+00
1.04236067e+18 0.00000000e+00
9.90822810e+17 0.00000000e+00
9.41833153e+17 0.00000000e+00
8.95265713e+17 0.00000000e+00
8.51000725e+17 0.00000000e+00
8.08924349e+17 0.00000000e+00
7.68928372e+17 0.00000000e+00
7.30909933e+17 0.00000000e+00
6.94771255e+17 1.39979440e-45
6.60419396e+17 8.76896879e-44
6.27766011e+17 3.27750486e-42
5.96727120e+17 9.22758793e-41
5.67222897e+17 2.33098097e-39
5.39177464e+17 5.60877708e-38
5.12518693e+17 1.12391463e-36
4.87178022e+17 1.81223627e-35
4.63090280e+17 2.65736514e-34
4.40193519e+17 3.15628657e-33
4.18428851e+17 3.74888071e-32
3.97740302e+17 3.60674629e-31
3.78074666e+17 3.15561845e-30
3.59381366e+17 2.65021883e-29
3.41612327e+17 1.68222422e-28
3.24721849e+17 1.19068499e-27
3.08666494e+17 6.99850631e-27
2.93404971e+17 3.62939554e-26
2.78898029e+17 2.12791987e-25
2.65108360e+17 8.07873072e-25
2.52000499e+17 4.03915259e-24
2.39540736e+17 1.37616383e-23
2.27697026e+17 5.78079889e-23
2.16438909e+17 2.02081212e-22
2.05737431e+17 5.41649849e-22
1.95565072e+17 1.84543394e-21
1.85895668e+17 4.94202742e-21
1.76704353e+17 1.45278004e-20
1.67967487e+17 3.41041449e-20
1.59662602e+17 8.75224362e-20
1.51768339e+17 1.95436032e-19
1.44264395e+17 5.00298677e-19
1.37131472e+17 9.88149305e-19
1.30351224e+17 2.20651970e-18
1.23906216e+17 4.34723891e-18
1.17779870e+17 9.02697675e-18
1.11956432e+17 1.60196939e-17
1.06420924e+17 2.99854928e-17
1.01159111e+17 4.78526143e-17
9.61574600e+16 7.82900962e-17
9.14031075e+16 1.42829822e-16
8.68838264e+16 2.24383299e-16
8.25879939e+16 4.08069335e-16
7.85045620e+16 5.13554832e-16
7.46230289e+16 8.40210262e-16
7.09334120e+16 1.28495541e-15
6.74262224e+16 1.84508562e-15
6.40924402e+16 2.34779788e-15
6.09234915e+16 3.36715131e-15
5.79112265e+16 5.37349859e-15
5.50478981e+16 6.80715177e-15
5.23261424e+16 8.57132460e-15
4.97389596e+16 1.06063377e-14
4.72796959e+16 1.52458397e-14
4.49420266e+16 1.83513160e-14
4.27199397e+16 2.33514807e-14
4.06077203e+16 2.71276754e-14
3.85999362e+16 3.26520373e-14
3.66914238e+16 4.03693911e-14
3.48772747e+16 5.08069465e-14
3.31528234e+16 6.43656164e-14
3.15136348e+16 6.27606143e-14
2.99554933e+16 7.90272200e-14
2.84743917e+16 9.78006474e-14
2.70665207e+16 9.53670938e-14
2.57282597e+16 1.14927800e-13
2.44561668e+16 1.33698404e-13
2.32469706e+16 1.48741227e-13
2.20975611e+16 1.66290106e-13
2.10049824e+16 1.75445557e-13
1.99664245e+16 1.95043087e-13
1.89792164e+16 2.26638835e-13
1.80408193e+16 2.21173707e-13
1.71488197e+16 2.66276281e-13
1.63009236e+16 2.60245818e-13
1.54949504e+16 3.21648691e-13
1.47288272e+16 3.14228107e-13
1.40005838e+16 3.07025675e-13
1.33083472e+16 3.86936762e-13
1.26503372e+16 3.78527202e-13
1.20248614e+16 3.69309407e-13
1.14303113e+16 3.61751807e-13
1.08651577e+16 4.58269548e-13
1.03279473e+16 4.49505812e-13
9.81729841e+15 4.39064955e-13
9.33189772e+15 4.31242207e-13
8.87049689e+15 4.24201702e-13
8.43190929e+15 5.29648036e-13
8.01500696e+15 5.20029713e-13
7.61871770e+15 5.12358833e-13
7.24202233e+15 5.04158225e-13
6.88395207e+15 4.96875857e-13
6.54358602e+15 6.08473764e-13
6.22004883e+15 6.01405244e-13
5.91250841e+15 5.87498341e-13
5.62017385e+15 5.83533525e-13
5.34229330e+15 5.73735432e-13
5.07815211e+15 5.69836739e-13
4.82707097e+15 5.59630756e-13
4.58840413e+15 6.63783576e-13
4.36153779e+15 6.64388905e-13
4.14588850e+15 6.54909502e-13
3.94090164e+15 6.42312269e-13
3.74605003e+15 6.35159660e-13
3.56083255e+15 6.36962576e-13
3.38477286e+15 6.33638555e-13
3.21741815e+15 6.20352952e-13
3.05833803e+15 6.20720550e-13
2.90712338e+15 6.26838066e-13
2.76338529e+15 7.07361244e-13
2.62675410e+15 7.07624798e-13
2.49687843e+15 6.98284236e-13
2.37342425e+15 6.86274209e-13
2.25607407e+15 6.73444350e-13
2.14452608e+15 7.02913595e-13
2.03849340e+15 6.89404599e-13
1.93770334e+15 8.23982668e-13
1.84189668e+15 8.04907359e-13
1.75082703e+15 7.86211462e-13
1.66426018e+15 7.66547707e-13
1.58197348e+15 6.81925920e-13
1.50375532e+15 7.38680022e-13
1.42940453e+15 7.33494957e-13
1.35872990e+15 7.73364887e-13
1.29154967e+15 7.33394146e-13
1.22769105e+15 7.41087722e-13
1.16698982e+15 7.38634611e-13
1.10928986e+15 7.25335863e-13
1.05444279e+15 7.12637570e-13
1.00230755e+15 7.16905695e-13
9.52750047e+14 7.24720978e-13
9.05642838e+14 7.47321800e-13
8.60864770e+14 7.37786220e-13
8.18300682e+14 7.34299911e-13
7.77841107e+14 7.31322997e-13
7.39381992e+14 7.69379414e-13
7.02824426e+14 7.29191638e-13
6.68074392e+14 7.25033646e-13
6.35042517e+14 7.31697731e-13
6.03643851e+14 7.21639237e-13
5.73797641e+14 7.78931956e-13
5.45427131e+14 7.64942239e-13
5.18459354e+14 7.55017073e-13
4.92824957e+14 7.69149684e-13
4.68458012e+14 7.60313194e-13
4.45295851e+14 7.57926126e-13
4.23278907e+14 7.54013062e-13
4.02350555e+14 7.66270965e-13
3.82456972e+14 7.68136057e-13
3.63546996e+14 7.63906218e-13
3.45571994e+14 7.63772121e-13
3.28485737e+14 7.55406410e-13
3.12244282e+14 7.60916471e-13
2.96805861e+14 7.70512360e-13
2.82130768e+14 7.67107910e-13
2.68181261e+14 7.67538499e-13
2.54921465e+14 7.55242304e-13
2.42317279e+14 7.67022945e-13
2.30336287e+14 7.72134290e-13
2.18947676e+14 7.70394421e-13
2.08122157e+14 7.64550640e-13
1.97831888e+14 7.66787693e-13
1.88050406e+14 7.72069218e-13
1.78752553e+14 7.69452572e-13
1.69914417e+14 7.67672417e-13
1.61513269e+14 7.71487456e-13
1.53527503e+14 7.77648875e-13
1.45936580e+14 7.74428509e-13
1.38720978e+14 7.75058701e-13
1.31862140e+14 7.71392125e-13
1.25342427e+14 7.69455211e-13
1.19145070e+14 7.78072412e-13
1.13254132e+14 7.73546288e-13
1.07654461e+14 7.75079381e-13
1.02331658e+14 7.71799361e-13
9.72720319e+13 7.77814962e-13
9.24625712e+13 7.74429004e-13
8.78909065e+13 7.74438051e-13
8.35452806e+13 7.75924458e-13
7.94145172e+13 7.74048078e-13
7.54879928e+13 7.77764676e-13
7.17556092e+13 7.77439434e-13
6.82077673e+13 7.74582886e-13
6.48353429e+13 7.76644653e-13
6.16296626e+13 7.76947737e-13
5.85824820e+13 7.77802426e-13
5.56859644e+13 7.77313609e-13
5.29326606e+13 7.76597383e-13
5.03154895e+13 7.76662580e-13
4.78277202e+13 7.77733718e-13
4.54629547e+13 7.75242029e-13
4.32151113e+13 7.77165212e-13
4.10784089e+13 7.77609337e-13
3.90473524e+13 7.76927641e-13
3.71167182e+13 7.78166871e-13
3.52815412e+13 7.78573300e-13
3.35371015e+13 7.76971773e-13
3.18789129e+13 7.77773374e-13
3.03027108e+13 7.78070924e-13
2.88044415e+13 7.77904360e-13
2.73802518e+13 7.78173016e-13
2.60264788e+13 7.78158429e-13
2.47396410e+13 7.77250414e-13
2.35164288e+13 7.77766901e-13
2.23536965e+13 7.78617516e-13
2.12484535e+13 7.77939035e-13
2.01978576e+13 7.77840181e-13
1.91992067e+13 7.77880802e-13
1.82499324e+13 7.78909787e-13
1.73475936e+13 7.78211909e-13
1.64898694e+13 7.78580567e-13
1.56745541e+13 7.78500313e-13
1.48995507e+13 7.78813272e-13
1.41628662e+13 7.78677739e-13
1.34626058e+13 7.78989203e-13
1.27969687e+13 7.78768344e-13
1.21642429e+13 7.78835323e-13
1.15628013e+13 7.78972930e-13
1.09910970e+13 7.78876732e-13
1.04476597e+13 7.78894193e-13
9.93109181e+12 7.79240654e-13
9.44006479e+12 7.79026386e-13
8.97331581e+12 7.79056820e-13
8.52964450e+12 7.79091817e-13
8.10790981e+12 7.79031428e-13
7.70702711e+12 7.79154775e-13
7.32596543e+12 7.79336477e-13
6.96374473e+12 7.79239846e-13
6.61943346e+12 7.79312475e-13
6.29214611e+12 7.79133090e-13
5.98104096e+12 7.79041764e-13
5.68531791e+12 7.79152854e-13
5.40421642e+12 7.79341962e-13
5.13701354e+12 7.79258427e-13
4.88302209e+12 7.79071444e-13
4.64158883e+12 7.79181546e-13
4.41209286e+12 7.79152105e-13
4.19394396e+12 7.79212747e-13
3.98658107e+12 7.79235521e-13
3.78947092e+12 7.79321520e-13
3.60210656e+12 7.79179809e-13
3.42400614e+12 7.79251940e-13
3.25471161e+12 7.79338134e-13
3.09378757e+12 7.79251836e-13
2.94082017e+12 7.79256938e-13
2.79541600e+12 7.79375440e-13
2.65720111e+12 7.79358665e-13
2.52582003e+12 7.79290165e-13
2.40093488e+12 7.79341379e-13
2.28222447e+12 7.79332794e-13
2.16938352e+12 7.79379967e-13
2.06212180e+12 7.79369105e-13
1.96016347e+12 7.79354771e-13
1.86324631e+12 7.79335906e-13
1.77112106e+12 7.79362804e-13
1.68355080e+12 7.79398168e-13
1.60031031e+12 7.79303778e-13
1.52118552e+12 7.79397020e-13
1.44597292e+12 7.79342330e-13
1.37447909e+12 7.79426242e-13
1.30652016e+12 7.79349722e-13
1.24192135e+12 7.79376170e-13
1.18051653e+12 7.79396572e-13
1.12214777e+12 7.79374872e-13
1.06666496e+12 7.79400861e-13
1.01392541e+12 7.79388987e-13
9.63793480e+11 7.79380860e-13
9.16140246e+11 7.79406478e-13
8.70843150e+11 7.79415427e-13
8.27785697e+11 7.79402759e-13
7.86857151e+11 7.79395699e-13
7.47952252e+11 7.79423291e-13
7.10970943e+11 7.79373574e-13
6.75818117e+11 7.79412791e-13
6.42403366e+11 7.79415581e-13
6.10640754e+11 7.79406890e-13
5.80448594e+11 7.79390994e-13
5.51749238e+11 7.79412744e-13
5.24468875e+11 7.79415056e-13
4.98537346e+11 7.79409085e-13
4.73887961e+11 7.79402594e-13
4.50457325e+11 7.79404338e-13
4.28185180e+11 7.79411911e-13
4.07014245e+11 7.79403243e-13
3.86890074e+11 7.79401796e-13
3.67760910e+11 7.79414328e-13
3.49577557e+11 7.79402797e-13
3.32293252e+11 7.79414058e-13
3.15863541e+11 7.79417013e-13
3.00246171e+11 7.79421312e-13
2.85400977e+11 7.79416647e-13
2.71289780e+11 7.79418827e-13
2.57876289e+11 7.79410710e-13
2.45126006e+11 7.79412245e-13
2.33006141e+11 7.79420689e-13
2.21485523e+11 7.79416753e-13
2.10534524e+11 7.79422756e-13
2.00124980e+11 7.79418093e-13
1.90230119e+11 7.79419512e-13
1.80824493e+11 7.79419670e-13
1.71883914e+11 7.79418056e-13
1.63385388e+11 7.79421971e-13
1.55307057e+11 7.79417604e-13
1.47628147e+11 7.79416529e-13
1.40328908e+11 7.79421625e-13
1.33390569e+11 7.79418150e-13
1.26795285e+11 7.79417354e-13
1.20526094e+11 7.79423731e-13
1.14566873e+11 7.79415111e-13
1.08902296e+11 7.79419167e-13
1.03517796e+11 7.79424329e-13
9.83995230e+10 7.79421030e-13
9.35343152e+10 7.79422294e-13
8.89096599e+10 7.79422517e-13
8.45136633e+10 7.79420323e-13
8.03350198e+10 7.79421780e-13
7.63629826e+10 7.79421413e-13
7.25873365e+10 7.79422976e-13
6.89983712e+10 7.79419871e-13
6.55868566e+10 7.79424690e-13
6.23440189e+10 7.79423534e-13
5.92615181e+10 7.79420438e-13
5.63314267e+10 7.79423103e-13
5.35462090e+10 7.79423936e-13
5.08987019e+10 7.79424561e-13
4.83820966e+10 7.79423430e-13
4.59899209e+10 7.79423687e-13
4.37160225e+10 7.79424186e-13
4.15545533e+10 7.79423702e-13
3.94999546e+10 7.79424654e-13
3.75469422e+10 7.79423775e-13
3.56904935e+10 7.79424213e-13
3.39258338e+10 7.79423901e-13
3.22484250e+10 7.79422936e-13
3.06539530e+10 7.79423770e-13
2.91383170e+10 7.79424234e-13
2.76976194e+10 7.79424704e-13
2.63281547e+10 7.79424752e-13
2.50264010e+10 7.79424730e-13
2.37890104e+10 7.79423887e-13
2.26128007e+10 7.79424214e-13
2.14947467e+10 7.79424180e-13
2.04319732e+10 7.79424312e-13
1.94217468e+10 7.79424570e-13
1.84614695e+10 7.79424240e-13
1.75486715e+10 7.79424218e-13
1.66810054e+10 7.79424020e-13
1.58562396e+10 7.79425405e-13
1.50722531e+10 7.79424788e-13
1.43270295e+10 7.79424949e-13
1.36186524e+10 7.79424809e-13
1.29452998e+10 7.79424757e-13
1.23052400e+10 7.79424863e-13
1.16968270e+10 7.79424678e-13
1.11184960e+10 7.79424616e-13
1.05687597e+10 7.79425098e-13
1.00462042e+10 7.79424845e-13
9.54948564e+09 7.79424607e-13
9.07732653e+09 7.79426694e-13
8.62851257e+09 7.79424824e-13
8.20188950e+09 7.79426109e-13
7.79636013e+09 7.79424882e-13
7.41088152e+09 7.79425356e-13
7.04446228e+09 7.79425455e-13
6.69616005e+09 7.79425577e-13
6.36507908e+09 7.79425512e-13
6.05036788e+09 7.79424677e-13
5.75121707e+09 7.79424810e-13
5.46685730e+09 7.79425658e-13
5.19655724e+09 7.79425860e-13
4.93962174e+09 7.79425346e-13
4.69539001e+09 7.79424317e-13
4.46323393e+09 7.79424348e-13
4.24255643e+09 7.79424982e-13
4.03278998e+09 7.79424881e-13
3.83339510e+09 7.79425165e-13
3.64385898e+09 7.79425270e-13
3.46369418e+09 7.79425501e-13
3.29243733e+09 7.79424831e-13
3.12964801e+09 7.79425130e-13
2.97490755e+09 7.79425097e-13
2.82781798e+09 7.79425561e-13
2.68800102e+09 7.79425109e-13
2.55509709e+09 7.79425039e-13
2.42876438e+09 7.79424822e-13
2.30867799e+09 7.79425149e-13
2.19452909e+09 7.79424869e-13
2.08602409e+09 7.79425285e-13
1.98288395e+09 7.79425293e-13
1.88484341e+09 7.79425268e-13
1.79165033e+09 7.79425080e-13
1.70306503e+09 7.79425382e-13
1.61885969e+09 7.79425332e-13
1.53881775e+09 7.79425107e-13
1.46273336e+09 7.79425332e-13
1.39041083e+09 7.79425313e-13
1.32166418e+09 7.79425051e-13
1.25631660e+09 7.79425082e-13
1.19420003e+09 7.79425352e-13
1.13515471e+09 7.79425270e-13
1.07902879e+09 7.79425067e-13
1.02567793e+09 7.79425168e-13
9.74964918e+08 7.79425175e-13
9.26759330e+08 7.79425199e-13
8.80937190e+08 7.79425256e-13
8.37380654e+08 7.79425204e-13
7.95977700e+08 7.79425333e-13
7.56621850e+08 7.79425390e-13
7.19211887e+08 7.79425266e-13
6.83651600e+08 7.79425220e-13
6.49849535e+08 7.79425199e-13
6.17718760e+08 7.79425278e-13
5.87176639e+08 7.79425226e-13
5.58144625e+08 7.79425258e-13
5.30548053e+08 7.79425278e-13
5.04315949e+08 7.79425298e-13
4.79380850e+08 7.79425259e-13
4.55678627e+08 7.79425201e-13
4.33148322e+08 7.79425294e-13
4.11731993e+08 7.79425310e-13
3.91374560e+08 7.79425263e-13
3.72023668e+08 7.79425327e-13
3.53629550e+08 7.79425309e-13
3.36144900e+08 7.79425274e-13
3.19524751e+08 7.79425297e-13
3.03726358e+08 7.79425312e-13
2.88709092e+08 7.79425294e-13
2.74434330e+08 7.79425313e-13
2.60865362e+08 7.79425319e-13
2.47967289e+08 7.79425306e-13
2.35706941e+08 7.79425307e-13
2.24052787e+08 7.79425324e-13
2.12974854e+08 7.79425332e-13
2.02444651e+08 7.79425310e-13
1.92435098e+08 7.79425307e-13
1.82920450e+08 7.79425329e-13
1.73876240e+08 7.79425336e-13
1.65279206e+08 7.79425362e-13
1.57107239e+08 7.79425330e-13
1.49339322e+08 7.79425340e-13
1.41955477e+08 7.79425338e-13
1.34936714e+08 7.79425342e-13
1.28264983e+08 7.79425376e-13
1.21923125e+08 7.79425367e-13
1.15894830e+08 7.79425382e-13
1.10164595e+08 7.79425376e-13
1.04717682e+08 7.79425404e-13
9.95400829e+07 7.79425398e-13
9.46184819e+07 7.79425401e-13
8.99402217e+07 7.79425426e-13
8.54932707e+07 7.79425419e-13
8.12661920e+07 7.79425428e-13
7.72481145e+07 7.79425451e-13
7.34287045e+07 7.79425462e-13
6.97981391e+07 7.79425464e-13
6.63470812e+07 7.79425472e-13
6.30666554e+07 7.79425483e-13
5.99484250e+07 7.79425486e-13
5.69843706e+07 7.79425509e-13
5.41668691e+07 7.79425523e-13
5.14886745e+07 7.79425529e-13
4.89428990e+07 7.79425549e-13
4.65229952e+07 7.79425565e-13
4.42227398e+07 7.79425580e-13
4.20362168e+07 7.79425598e-13
3.99578030e+07 7.79425611e-13
3.79821531e+07 7.79425632e-13
3.61041860e+07 7.79425655e-13
3.43190720e+07 7.79425671e-13
3.26222201e+07 7.79425694e-13
3.10092664e+07 7.79425718e-13
2.94760626e+07 7.79425739e-13
2.80186656e+07 7.79425765e-13
2.66333273e+07 7.79425792e-13
2.53164848e+07 7.79425820e-13
2.40647515e+07 7.79425847e-13
2.28749082e+07 7.79425881e-13
2.17438948e+07 7.79425908e-13
2.06688025e+07 7.79425947e-13
1.96468665e+07 7.79425982e-13
1.86754584e+07 7.79426014e-13
1.77520801e+07 7.79426054e-13
1.68743568e+07 7.79426097e-13
1.60400311e+07 7.79426141e-13
1.52469573e+07 7.79426189e-13
1.44930957e+07 7.79426238e-13
1.37765077e+07 7.79426286e-13
1.30953502e+07 7.79426341e-13
1.24478715e+07 7.79426397e-13
1.18324063e+07 7.79426456e-13
1.12473718e+07 7.79426518e-13
1.06912634e+07 7.79426584e-13
1.01626509e+07 7.79426652e-13
9.66017480e+06 7.79426724e-13
9.18254284e+06 7.79426801e-13
8.72852662e+06 7.79426881e-13
8.29695852e+06 7.79426966e-13
7.88672862e+06 7.79427055e-13
7.49678187e+06 7.79427149e-13
7.12611543e+06 7.79427247e-13
6.77377600e+06 7.79427349e-13
6.43885743e+06 7.79427459e-13
6.12049837e+06 7.79427573e-13
5.81788007e+06 7.79427693e-13
5.53022426e+06 7.79427820e-13
5.25679112e+06 7.79427953e-13
4.99687745e+06 7.79428093e-13
4.74981480e+06 7.79428240e-13
4.51496777e+06 7.79428395e-13
4.29173238e+06 7.79428558e-13
4.07953450e+06 7.79428730e-13
3.87782841e+06 7.79428911e-13
3.68609536e+06 7.79429101e-13
3.50384225e+06 7.79429301e-13
3.33060034e+06 7.79429510e-13
3.16592411e+06 7.79429732e-13
3.00939003e+06 7.79429964e-13
2.86059554e+06 7.79430208e-13
2.71915794e+06 7.79430466e-13
2.58471351e+06 7.79430737e-13
2.45691646e+06 7.79431022e-13
2.33543814e+06 7.79431322e-13
2.21996612e+06 7.79431637e-13
2.11020343e+06 7.79431969e-13
2.00586778e+06 7.79432317e-13
1.90669084e+06 7.79432685e-13
1.81241755e+06 7.79433071e-13
1.72280545e+06 7.79433477e-13
1.63762407e+06 7.79433904e-13
1.55665436e+06 7.79434354e-13
1.47968806e+06 7.79434827e-13
1.40652724e+06 7.79435325e-13
1.33698374e+06 7.79435848e-13
1.27087871e+06 7.79436399e-13
1.20804213e+06 7.79436978e-13
1.14831241e+06 7.79437588e-13
1.09153594e+06 7.79438229e-13
1.03756668e+06 7.79438904e-13
9.86265846e+05 7.79439613e-13
9.37501502e+05 7.79440360e-13
8.91148232e+05 7.79441146e-13
8.47086827e+05 7.79441972e-13
8.05203967e+05 7.79442841e-13
7.65391939e+05 7.79443756e-13
7.27548353e+05 7.79444718e-13
6.91575883e+05 7.79445730e-13
6.57382014e+05 7.79446794e-13
6.24878807e+05 7.79447914e-13
5.93982669e+05 7.79449093e-13
5.64614142e+05 7.79450333e-13
5.36697695e+05 7.79451637e-13
5.10161531e+05 7.79453009e-13
4.84937407e+05 7.79454452e-13
4.60960449e+05 7.79455970e-13
4.38168993e+05 7.79457568e-13
4.16504425e+05 7.79459248e-13
3.95911027e+05 7.79461016e-13
3.76335836e+05 7.79462876e-13
3.57728510e+05 7.79464833e-13
3.40041193e+05 7.79466891e-13
3.23228398e+05 7.79469057e-13
3.07246884e+05 7.79471335e-13
2.92055551e+05 7.79473731e-13
2.77615329e+05 7.79476253e-13
2.63889081e+05 7.79478905e-13
2.50841506e+05 7.79481695e-13
2.38439047e+05 7.79484631e-13
2.26649808e+05 7.79487719e-13
2.15443469e+05 7.79490968e-13
2.04791210e+05 7.79494386e-13
1.94665634e+05 7.79497981e-13
1.85040702e+05 7.79501764e-13
1.75891659e+05 7.79505743e-13
1.67194976e+05 7.79509930e-13
1.58928287e+05 7.79514334e-13
1.51070330e+05 7.79518967e-13
1.43600898e+05 7.79523841e-13
1.36500781e+05 7.79528969e-13
1.29751717e+05 7.79534363e-13
1.23336350e+05 7.79540039e-13
1.17238180e+05 7.79546009e-13
1.11441525e+05 7.79552290e-13
1.05931476e+05 7.79558897e-13
1.00693863e+05 7.79565849e-13
9.57152154e+04 7.79573161e-13
9.09827289e+04 7.79580855e-13
8.64842328e+04 7.79588948e-13
8.22081576e+04 7.79597462e-13
7.81435061e+04 7.79606420e-13
7.42798248e+04 7.79615843e-13
7.06071771e+04 7.79625756e-13
6.71161177e+04 7.79636185e-13
6.37976681e+04 7.79647157e-13
6.06432940e+04 7.79658699e-13
5.76448828e+04 7.79670842e-13
5.47947234e+04 7.79683616e-13
5.20854855e+04 7.79697055e-13
4.95102016e+04 7.79711193e-13
4.70622485e+04 7.79726066e-13
4.47353305e+04 7.79741713e-13
4.25234633e+04 7.79758174e-13
4.04209584e+04 7.79775492e-13
3.84224085e+04 7.79793710e-13
3.65226736e+04 7.79812875e-13
3.47168682e+04 7.79833038e-13
3.30003479e+04 7.79854250e-13
3.13686982e+04 7.79876565e-13
2.98177229e+04 7.79900040e-13
2.83434331e+04 7.79924737e-13
2.69420371e+04 7.79950719e-13
2.56099310e+04 7.79978053e-13
2.43436887e+04 7.80006808e-13
2.31400538e+04 7.80037059e-13
2.19959307e+04 7.80068884e-13
2.09083769e+04 7.80102364e-13
1.98745955e+04 7.80137587e-13
1.88919278e+04 7.80174641e-13
1.79578465e+04 7.80213623e-13
1.70699493e+04 7.80254634e-13
1.62259529e+04 7.80297778e-13
1.54236865e+04 7.80343166e-13
1.46610868e+04 7.80390916e-13
1.39361927e+04 7.80441150e-13
1.32471399e+04 7.80493997e-13
1.25921561e+04 7.80549594e-13
1.19695570e+04 7.80608083e-13
1.13777413e+04 7.80669616e-13
1.08151870e+04 7.80734349e-13
1.02804473e+04 7.80802451e-13
9.77214697e+03 7.80874097e-13
9.28897872e+03 7.80949470e-13
8.82969996e+03 7.81028765e-13
8.39312950e+03 7.81112185e-13
7.97814457e+03 7.81199947e-13
7.58367791e+03 7.81292275e-13
7.20871503e+03 7.81389407e-13
6.85229160e+03 7.81491593e-13
6.51349095e+03 7.81599098e-13
6.19144176e+03 7.81712196e-13
5.88531578e+03 7.81831180e-13
5.59432571e+03 7.81956356e-13
5.31772318e+03 7.82088047e-13
5.05479682e+03 7.82226591e-13
4.80487044e+03 7.82372346e-13
4.56730127e+03 7.82525687e-13
4.34147833e+03 7.82687009e-13
4.12682085e+03 7.82856728e-13
3.92277676e+03 7.83035281e-13
3.72882131e+03 7.83223128e-13
3.54445567e+03 7.83420754e-13
3.36920571e+03 7.83628668e-13
3.20262069e+03 7.83847406e-13
3.04427221e+03 7.84077532e-13
2.89375302e+03 7.84319640e-13
2.75067601e+03 7.84574353e-13
2.61467321e+03 7.84842330e-13
2.48539486e+03 7.85124260e-13
2.36250847e+03 7.85420873e-13
2.24569800e+03 7.85732933e-13
2.13466303e+03 7.86061246e-13
2.02911802e+03 7.86406660e-13
1.92879151e+03 7.86770066e-13
1.83342548e+03 7.87152403e-13
1.74277468e+03 7.87554659e-13
1.65660596e+03 7.87977874e-13
1.57469771e+03 7.88423141e-13
1.49683929e+03 7.88891611e-13
1.42283046e+03 7.89384497e-13
1.35248087e+03 7.89903072e-13
1.28560961e+03 7.90448680e-13
1.22204469e+03 7.91022732e-13
1.16162263e+03 7.91626714e-13
1.10418805e+03 7.92262191e-13
1.04959323e+03 7.92930811e-13
9.97697764e+02 7.93634305e-13
9.48368187e+02 7.94374499e-13
9.01477631e+02 7.95153312e-13
8.56905505e+02 7.95972767e-13
8.14537177e+02 7.96834991e-13
7.74263683e+02 7.97742225e-13
7.35981448e+02 7.98696826e-13
6.99592017e+02 7.99701279e-13
6.65001803e+02 8.00758196e-13
6.32121848e+02 8.01870331e-13
6.00867589e+02 8.03040581e-13
5.71158648e+02 8.04271998e-13
5.42918618e+02 8.05567796e-13
5.16074871e+02 8.06931358e-13
4.90558371e+02 8.08366248e-13
4.66303493e+02 8.09876220e-13
4.43247859e+02 8.11465227e-13
4.21332174e+02 8.13137432e-13
4.00500076e+02 8.14897223e-13
3.80697987e+02 8.16749220e-13
3.61874981e+02 8.18698291e-13
3.43982649e+02 8.20749566e-13
3.26974974e+02 8.22908450e-13
3.10808217e+02 8.25180637e-13
2.95440800e+02 8.27572130e-13
2.80833200e+02 8.30089255e-13
2.66947849e+02 8.32738682e-13
2.53749038e+02 8.35527439e-13
2.41202821e+02 8.38462939e-13
2.29276931e+02 8.41552996e-13
2.17940698e+02 8.44805851e-13
2.07164968e+02 8.48230197e-13
1.96922026e+02 8.51835202e-13
1.87185529e+02 8.55630539e-13
1.77930439e+02 8.59626413e-13
1.69132952e+02 8.63833595e-13
1.60770442e+02 8.68263451e-13
1.52821404e+02 8.72927982e-13
1.45265393e+02 8.77839858e-13
1.38082977e+02 8.83012459e-13
1.31255684e+02 8.88459916e-13
1.24765955e+02 8.94197162e-13
1.18597101e+02 9.00239972e-13
1.12733256e+02 9.06605022e-13
1.07159340e+02 9.13309943e-13
1.01861017e+02 9.20373376e-13
9.68246612e+01 9.27815042e-13
9.20373200e+01 9.35655807e-13
8.74866812e+01 9.43917752e-13
8.31610415e+01 9.52624258e-13
7.90492762e+01 9.61800086e-13
7.51408106e+01 9.71553631e-13
7.14255929e+01 9.81748167e-13
6.78940681e+01 9.92495525e-13
6.45371540e+01 1.00382697e-12
6.13462172e+01 1.01577568e-12
5.83130511e+01 1.02837686e-12
5.54298552e+01 1.04166793e-12
5.26892142e+01 1.05568862e-12
5.00840799e+01 1.07048120e-12
4.76077523e+01 1.08609059e-12
4.52538628e+01 1.10256464e-12
4.30163576e+01 1.11995429e-12
4.08894823e+01 1.13831382e-12
3.88677669e+01 1.15770110e-12
3.69460121e+01 1.17817788e-12
3.51192753e+01 1.19981010e-12
3.33828586e+01 1.22266821e-12
3.17322963e+01 1.24682753e-12
3.01633435e+01 1.27258630e-12
2.86719650e+01 1.29719367e-12
2.72543253e+01 1.32545848e-12
2.59067786e+01 1.35534308e-12
2.46258592e+01 1.38694854e-12
2.34082728e+01 1.42038314e-12
2.22508880e+01 1.45576293e-12
2.11507282e+01 1.49321242e-12
2.01049642e+01 1.53344728e-12
1.91109062e+01 1.57544151e-12
1.81659979e+01 1.61993702e-12
1.72678090e+01 1.66710008e-12
1.64140297e+01 1.71710984e-12
1.56024641e+01 1.77015948e-12
1.48310251e+01 1.82645159e-12
1.40977287e+01 1.88610943e-12
1.34006890e+01 1.94951099e-12
1.27381132e+01 2.01691269e-12
1.21082975e+01 2.08861354e-12
1.15096220e+01 2.16633212e-12
1.09405471e+01 2.24748424e-12
1.03996091e+01 2.33389972e-12
9.88541702e+00 2.42598983e-12
9.39664831e+00 2.52417990e-12
8.93204600e+00 2.62894007e-12
8.49041520e+00 2.74078554e-12
8.07062014e+00 2.86027665e-12
7.67158118e+00 2.98802665e-12
7.29227206e+00 3.12470648e-12
6.93171728e+00 3.27105083e-12
6.58898955e+00 3.42786519e-12
6.26320745e+00 3.59603303e-12
5.95353313e+00 3.77652444e-12
5.65917016e+00 3.96938169e-12
5.37936150e+00 4.17786243e-12
5.11338754e+00 4.40219616e-12
4.86056423e+00 4.64380397e-12
4.62024137e+00 4.90425217e-12
4.39180089e+00 5.18526817e-12
4.17465529e+00 5.48875825e-12
3.96824610e+00 5.81682728e-12
3.77204249e+00 6.17180062e-12
3.58553986e+00 6.55624846e-12
3.40825855e+00 6.97301288e-12
3.23974263e+00 7.42523785e-12
3.07955871e+00 7.91640257e-12
2.92729484e+00 8.45035844e-12
2.78255940e+00 9.03137006e-12
2.64498018e+00 9.66416070e-12
2.51420335e+00 1.03539627e-11
2.38989257e+00 1.11065732e-11
2.27172813e+00 1.19210017e-11
2.15940615e+00 1.28174261e-11
2.05263775e+00 1.37979603e-11
1.95114835e+00 1.48713538e-11
1.85467692e+00 1.60473075e-11
1.76297538e+00 1.73543419e-11
1.67580786e+00 1.87711873e-11
1.59295021e+00 2.03265664e-11
1.51418933e+00 2.20351066e-11
1.43932264e+00 2.39130179e-11
1.36815763e+00 2.59782629e-11
1.30051125e+00 2.82507450e-11
1.23620954e+00 3.07525160e-11
1.17508713e+00 3.35080057e-11
1.11698682e+00 3.65442760e-11
1.06175918e+00 3.98913016e-11
1.00926219e+00 4.35822805e-11
9.59360829e-01 4.76539774e-11
9.11926760e-01 5.21471029e-11
8.66837993e-01 5.71068100e-11
8.23978568e-01 6.25829113e-11
7.83238260e-01 6.86306873e-11
7.44512291e-01 7.53113004e-11
7.07701066e-01 8.26924512e-11
6.72709914e-01 9.08490719e-11
6.39448843e-01 9.98640939e-11
6.07832313e-01 1.09829296e-10
5.77779012e-01 1.20846241e-10
5.49211648e-01 1.33027313e-10
5.22056753e-01 1.46496866e-10
4.96244488e-01 1.61392486e-10
4.71708469e-01 1.77866392e-10
4.48385595e-01 1.96086986e-10
4.26215883e-01 2.16240558e-10
4.05142317e-01 2.38533177e-10
3.85110700e-01 2.63192773e-10
3.66069515e-01 2.90471441e-10
3.47969790e-01 3.20647981e-10
3.30764978e-01 3.54030702e-10
3.14410830e-01 3.90960519e-10
2.98865287e-01 4.31814359e-10
2.84088369e-01 4.77008928e-10
2.70042072e-01 5.27004850e-10
2.56690272e-01 5.82311235e-10
2.43998630e-01 6.43490702e-10
2.31934506e-01 7.11164908e-10
2.20466874e-01 7.86020622e-10
2.09566240e-01 8.68816407e-10
1.99204571e-01 9.60389943e-10
1.89355218e-01 1.06166607e-09
1.79992851e-01 1.17366558e-09
1.71093391e-01 1.29751488e-09
1.62633950e-01 1.43445651e-09
1.54592774e-01 1.58586063e-09
1.46949180e-01 1.75323756e-09
1.39683512e-01 1.93825142e-09
1.32777083e-01 2.14273490e-09
1.26212131e-01 2.36870529e-09
1.19971774e-01 2.61838184e-09
1.14039960e-01 2.89420435e-09
1.08401436e-01 3.19885327e-09
1.03041699e-01 3.53527110e-09
9.79469667e-02 3.90668523e-09
9.31041349e-02 4.31663219e-09
8.85007491e-02 4.76898316e-09
8.41249705e-02 5.26797071e-09
7.99655453e-02 5.81821662e-09
7.60117762e-02 6.42476047e-09
7.22534949e-02 7.09308881e-09
6.86810359e-02 7.82916440e-09
6.52852114e-02 8.63945507e-09
6.20572881e-02 9.53096150e-09
5.89889643e-02 1.05112430e-08
5.60723488e-02 1.15884404e-08
5.32999408e-02 1.27712939e-08
5.06646101e-02 1.40691544e-08
4.81595791e-02 1.54919852e-08
4.57784054e-02 1.70503491e-08
4.35149650e-02 1.87553759e-08
4.13634368e-02 2.06187015e-08
3.93182876e-02 2.26523665e-08
3.73742574e-02 2.48686610e-08
3.55263468e-02 2.72798965e-08
3.37698031e-02 2.98980832e-08
3.21001090e-02 3.27344916e-08
3.05129702e-02 3.57990738e-08
2.90043049e-02 3.90997302e-08
2.75702333e-02 4.26414126e-08
2.62070670e-02 4.64250733e-08
2.49113003e-02 5.04464946e-08
2.36796007e-02 5.46950573e-08
2.25088005e-02 5.91525438e-08
2.13958887e-02 6.37921004e-08
2.03380031e-02 6.85775030e-08
1.93324229e-02 7.34628824e-08
1.83765620e-02 7.83930430e-08
1.74679622e-02 8.33044703e-08
1.66042866e-02 8.81270469e-08
1.57833141e-02 9.27864137e-08
1.50029332e-02 9.72068205e-08
1.42611371e-02 1.01314235e-07
1.35560179e-02 1.05039438e-07
1.28857621e-02 1.08320837e-07
1.22486461e-02 1.11106762e-07
1.16430313e-02 1.13357094e-07
1.10673602e-02 1.15044257e-07
1.05201522e-02 1.16153351e-07
1.00000000e-02 1.16681865e-07
