1.00000000e+20 0.00000000e+00
9.50556592e+19 0.00000000e+00
9.03557835e+19 0.00000000e+00
8.58882856e+19 0.00000000e+00
8.16416760e+19 0.00000000e+00
7.76050334e+19 0.00000000e+00
7.37679760e+19 0.00000000e+00
7.01206359e+19 0.00000000e+00
6.66536327e+19 0.00000000e+00
6.33580499e+19 0.00000000e+00
6.02254120e+19 0.00000000e+00
5.72476624e+19 0.00000000e+00
5.44171429e+19 0.00000000e+00
5.17265739e+19 0.00000000e+00
4.91690358e+19 0.00000000e+00
4.67379511e+19 0.00000000e+00
4.44270675e+19 0.00000000e+00
4.22304419e+19 0.00000000e+00
4.01424249e+19 0.00000000e+00
3.81576466e+19 0.00000000e+00
3.62710025e+19 0.00000000e+00
3.44776405e+19 0.00000000e+00
3.27729485e+19 0.00000000e+00
3.11525422e+19 0.00000000e+00
2.96122544e+19 0.00000000e+00
2.81481236e+19 0.00000000e+00
2.67563844e+19 0.00000000e+00
2.54334576e+19 0.00000000e+00
2.41759408e+19 0.00000000e+00
2.29805999e+19 0.00000000e+00
2.18443607e+19 0.00000000e+00
2.07643011e+19 0.00000000e+00
1.97376433e+19 0.00000000e+00
1.87617469e+19 0.00000000e+00
1.78341022e+19 0.00000000e+00
1.69523234e+19 0.00000000e+00
1.61141428e+19 0.00000000e+00
1.53174046e+19 0.00000000e+00
1.45600600e+19 0.00000000e+00
1.38401610e+19 0.00000000e+00
1.31558562e+19 0.00000000e+00
1.25053859e+19 0.00000000e+00
1.18870770e+19 0.00000000e+00
1.12993394e+19 0.00000000e+00
1.07406615e+19 0.00000000e+00
1.02096066e+19 0.00000000e+00
9.70480888e+18 0.00000000e+00
9.22497005e+18 0.00000000e+00
8.76885609e+18 0.00000000e+00
8.33529397e+18 0.00000000e+00
7.92316862e+18 0.00000000e+00
7.53142017e+18 0.00000000e+00
7.15904109e+18 0.00000000e+00
6.80507370e+18 0.00000000e+00
6.46860766e+18 0.00000000e+00
6.14877765e+18 0.00000000e+00
5.84476113e+18 0.00000000e+00
5.55577622e+18 0.00000000e+00
5.28107971e+18 0.00000000e+00
5.01996513e+18 0.00000000e+00
4.77176095e+18 0.00000000e+00
4.53582883e+18 0.00000000e+00
4.31156199e+18 0.00000000e+00
4.09838367e+18 0.00000000e+00
3.89574562e+18 0.00000000e+00
3.70312668e+18 0.00000000e+00
3.52003147e+18 0.00000000e+00
3.34598912e+18 0.00000000e+00
3.18055202e+18 0.00000000e+00
3.02329468e+18 0.00000000e+00
2.87381269e+18 0.00000000e+00
2.73172160e+18 0.00000000e+00
2.59665597e+18 0.00000000e+00
2.46826845e+18 0.00000000e+00
2.34622885e+18 0.00000000e+00
2.23022330e+18 0.00000000e+00
2.11995346e+18 0.00000000e+00
2.01513573e+18 0.00000000e+00
1.91550056e+18 0.00000000e+00
1.82079168e+18 0.00000000e+00
1.73076553e+18 0.00000000e+00
1.64519059e+18 0.00000000e+00
1.56384676e+18 0.00000000e+00
1.48652484e+18 0.00000000e+00
1.41302599e+18 0.00000000e+00
1.34316117e+18 0.00000000e+00
1.27675070e+18 0.00000000e+00
1.21362380e+18 0.00000000e+00
1.15361810e+18 0.00000000e+00
1.09657929e+18 0.00000000e+00
1.04236067e+18 0.00000000e+00
9.90822810e+17 0.00000000e+00
9.41833153e+17 0.00000000e+00
8.95265713e+17 0.00000000e+00
8.51000725e+17 0.00000000e+00
8.08924349e+17 0.00000000e+00
7.68928372e+17 0.00000000e+00
7.30909933e+17 0.00000000e+00
6.94771255e+17 0.00000000e+00
6.60419396e+17 0.00000000e+00
6.27766011e+17 0.00000000e+00
5.96727120e+17 0.00000000e+00
5.67222897e+17 0.00000000e+00
5.39177464e+17 7.38228149e-59
5.12518693e+17 3.58040031e-57
4.87178022e+17 1.44894819e-55
4.63090280e+17 4.86647550e-54
4.40193519e+17 1.22932037e-52
4.18428851e+17 2.95797520e-51
3.97740302e+17 5.47975995e-50
3.78074666e+17 9.55743092e-49
3.59381366e+17 1.40144992e-47
3.41612327e+17 1.66457273e-46
3.24721849e+17 1.97709697e-45
3.08666494e+17 1.90213765e-44
2.93404971e+17 1.66422038e-43
2.78898029e+17 1.39768107e-42
2.65108360e+17 8.87176911e-42
2.52000499e+17 6.27947345e-41
2.39540736e+17 3.69089514e-40
2.27697026e+17 1.91408249e-39
2.16438909e+17 8.63699365e-39
2.05737431e+17 4.26058743e-38
1.95565072e+17 1.67837481e-37
1.85895668e+17 7.25765780e-37
1.76704353e+17 2.46678212e-36
1.67967487e+17 8.40447655e-36
1.59662602e+17 2.85657069e-35
1.51768339e+17 9.73250986e-35
1.44264395e+17 2.60634258e-34
1.37131472e+17 7.66171887e-34
1.30351224e+17 1.79859555e-33
1.23906216e+17 4.61578686e-33
1.17779870e+17 1.03069694e-32
1.11956432e+17 2.63849153e-32
1.06420924e+17 5.21133412e-32
1.01159111e+17 1.16368157e-31
9.61574600e+16 2.29266108e-31
9.14031075e+16 4.76067652e-31
8.68838264e+16 8.44851856e-31
8.25879939e+16 1.58138472e-30
7.85045620e+16 2.52366682e-30
7.46230289e+16 4.12888870e-30
7.09334120e+16 7.53260586e-30
6.74262224e+16 1.18335998e-29
6.40924402e+16 1.69714401e-29
6.09234915e+16 2.70840229e-29
5.79112265e+16 4.43112849e-29
5.50478981e+16 6.77664064e-29
5.23261424e+16 9.73067364e-29
4.97389596e+16 1.23818963e-28
4.72796959e+16 1.77578094e-28
4.49420266e+16 2.83389641e-28
4.27199397e+16 3.58998827e-28
4.06077203e+16 4.52039639e-28
3.85999362e+16 5.59366320e-28
3.66914238e+16 8.04055766e-28
3.48772747e+16 9.67832997e-28
3.31528234e+16 1.23156052e-27
3.15136348e+16 1.43078379e-27
2.99554933e+16 1.72212655e-27
2.84743917e+16 2.12930084e-27
2.70665207e+16 2.68012996e-27
2.57282597e+16 3.39584139e-27
2.44561668e+16 3.31206103e-27
2.32469706e+16 4.17068833e-27
2.20975611e+16 5.16299669e-27
2.10049824e+16 5.03661276e-27
1.99664245e+16 6.07379623e-27
1.89792164e+16 7.07155263e-27
1.80408193e+16 7.87224687e-27
1.71488197e+16 8.80860236e-27
1.63009236e+16 9.30460032e-27
1.54949504e+16 1.03661367e-26
1.47288272e+16 1.20532624e-26
1.40005838e+16 1.17935745e-26
1.33083472e+16 1.42083391e-26
1.26503372e+16 1.39779302e-26
1.20248614e+16 1.72651785e-26
1.14303113e+16 1.69561145e-26
1.08651577e+16 1.66643663e-26
1.03279473e+16 2.10910861e-26
9.81729841e+15 2.08260800e-26
9.33189772e+15 2.03828183e-26
8.87049689e+15 2.02211604e-26
8.43190929e+15 2.56175852e-26
8.01500696e+15 2.55367137e-26
7.61871770e+15 2.51438770e-26
7.24202233e+15 2.51777993e-26
6.88395207e+15 2.53654000e-26
6.54358602e+15 3.10537487e-26
6.22004883e+15 3.10773776e-26
5.91250841e+15 3.14745509e-26
5.62017385e+15 3.17763863e-26
5.34229330e+15 3.22733529e-26
5.07815211e+15 3.87395822e-26
4.82707097e+15 3.97434238e-26
4.58840413e+15 3.91472324e-26
4.36153779e+15 4.07565830e-26
4.14588850e+15 4.12233632e-26
3.94090164e+15 4.24509817e-26
3.74605003e+15 4.28473806e-26
3.56083255e+15 4.94995748e-26
3.38477286e+15 5.23568916e-26
3.21741815e+15 5.36401733e-26
3.05833803e+15 5.36773150e-26
2.90712338e+15 5.52189497e-26
2.76338529e+15 5.82295467e-26
2.62675410e+15 6.13335151e-26
2.49687843e+15 6.09708880e-26
2.37342425e+15 5.62676817e-26
2.25607407e+15 6.92343355e-26
2.14452608e+15 7.56966122e-26
2.03849340e+15 8.06135420e-26
1.93770334e+15 7.86742246e-26
1.84189668e+15 8.36108138e-26
1.75082703e+15 8.45241995e-26
1.66426018e+15 9.68003429e-26
1.58197348e+15 9.76574475e-26
1.50375532e+15 1.00184692e-25
1.42940453e+15 1.11769850e-25
1.35872990e+15 1.12862513e-25
1.29154967e+15 1.16655263e-25
1.22769105e+15 1.23436548e-25
1.16698982e+15 1.29482537e-25
1.10928986e+15 1.35509003e-25
1.05444279e+15 1.41306861e-25
1.00230755e+15 1.36425675e-25
9.52750047e+14 1.59888235e-25
9.05642838e+14 1.62029050e-25
8.60864770e+14 1.60250531e-25
8.18300682e+14 1.74120770e-25
7.77841107e+14 1.88807634e-25
7.39381992e+14 2.08705241e-25
7.02824426e+14 2.13185318e-25
6.68074392e+14 2.18432315e-25
6.35042517e+14 2.25103644e-25
6.03643851e+14 2.41022236e-25
5.73797641e+14 2.53967265e-25
5.45427131e+14 2.59872377e-25
5.18459354e+14 2.80285265e-25
4.92824957e+14 2.93350811e-25
4.68458012e+14 3.09662583e-25
4.45295851e+14 3.33131932e-25
4.23278907e+14 3.35901543e-25
4.02350555e+14 3.56821767e-25
3.82456972e+14 3.67097594e-25
3.63546996e+14 4.01814045e-25
3.45571994e+14 4.17808576e-25
3.28485737e+14 4.39230246e-25
3.12244282e+14 4.47074382e-25
2.96805861e+14 4.96553639e-25
2.82130768e+14 4.95891020e-25
2.68181261e+14 5.24506591e-25
2.54921465e+14 5.54730912e-25
2.42317279e+14 5.89807706e-25
2.30336287e+14 6.15001584e-25
2.18947676e+14 6.54471833e-25
2.08122157e+14 6.80440540e-25
1.97831888e+14 7.25252182e-25
1.88050406e+14 7.63235401e-25
1.78752553e+14 7.94274445e-25
1.69914417e+14 8.35226416e-25
1.61513269e+14 8.81262714e-25
1.53527503e+14 9.31547844e-25
1.45936580e+14 9.66726631e-25
1.38720978e+14 1.00890978e-24
1.31862140e+14 1.08057434e-24
1.25342427e+14 1.13430703e-24
1.19145070e+14 1.20103824e-24
1.13254132e+14 1.25352375e-24
1.07654461e+14 1.31840347e-24
1.02331658e+14 1.37980034e-24
9.72720319e+13 1.45726617e-24
9.24625712e+13 1.53510737e-24
8.78909065e+13 1.60795557e-24
8.35452806e+13 1.68787568e-24
7.94145172e+13 1.77479065e-24
7.54879928e+13 1.89199466e-24
7.17556092e+13 1.96847984e-24
6.82077673e+13 2.07725006e-24
6.48353429e+13 2.16710047e-24
6.16296626e+13 2.29723760e-24
5.85824820e+13 2.41699451e-24
5.56859644e+13 2.53410426e-24
5.29326606e+13 2.67172362e-24
5.03154895e+13 2.81124280e-24
4.78277202e+13 2.96391348e-24
4.54629547e+13 3.10160039e-24
4.32151113e+13 3.26780100e-24
4.10784089e+13 3.45130738e-24
3.90473524e+13 3.61361986e-24
3.71167182e+13 3.80124477e-24
3.52815412e+13 4.00231559e-24
3.35371015e+13 4.21228937e-24
3.18789129e+13 4.43900973e-24
3.03027108e+13 4.65766067e-24
2.88044415e+13 4.90036263e-24
2.73802518e+13 5.16994580e-24
2.60264788e+13 5.41156134e-24
2.47396410e+13 5.69206427e-24
2.35164288e+13 6.00246702e-24
2.23536965e+13 6.30970846e-24
2.12484535e+13 6.63115467e-24
2.01978576e+13 6.96941105e-24
1.91992067e+13 7.34949807e-24
1.82499324e+13 7.72601807e-24
1.73475936e+13 8.11603150e-24
1.64898694e+13 8.54966826e-24
1.56745541e+13 8.99890612e-24
1.48995507e+13 9.45317035e-24
1.41628662e+13 9.95740389e-24
1.34626058e+13 1.04755208e-23
1.27969687e+13 1.10001812e-23
1.21642429e+13 1.15904686e-23
1.15628013e+13 1.21898342e-23
1.09910970e+13 1.28259648e-23
1.04476597e+13 1.34736998e-23
9.93109181e+12 1.41927788e-23
9.44006479e+12 1.49250012e-23
8.97331581e+12 1.57086026e-23
8.52964450e+12 1.65112913e-23
8.10790981e+12 1.73856463e-23
7.70702711e+12 1.82782228e-23
7.32596543e+12 1.92316148e-23
6.96374473e+12 2.02240019e-23
6.61943346e+12 2.12611127e-23
6.29214611e+12 2.23853344e-23
5.98104096e+12 2.35491851e-23
5.68531791e+12 2.47798415e-23
5.40421642e+12 2.60620826e-23
5.13701354e+12 2.74197851e-23
4.88302209e+12 2.88497196e-23
4.64158883e+12 3.03401449e-23
4.41209286e+12 3.19276880e-23
4.19394396e+12 3.35878586e-23
3.98658107e+12 3.53255959e-23
3.78947092e+12 3.71714997e-23
3.60210656e+12 3.90877935e-23
3.42400614e+12 4.11241734e-23
3.25471161e+12 4.32569416e-23
3.09378757e+12 4.55179191e-23
2.94082017e+12 4.78779866e-23
2.79541600e+12 5.03654392e-23
2.65720111e+12 5.30052585e-23
2.52582003e+12 5.57531678e-23
2.40093488e+12 5.86343542e-23
2.28222447e+12 6.16969899e-23
2.16938352e+12 6.49075370e-23
2.06212180e+12 6.82899910e-23
1.96016347e+12 7.18329740e-23
1.86324631e+12 7.55689753e-23
1.77112106e+12 7.94975327e-23
1.68355080e+12 8.36452756e-23
1.60031031e+12 8.79928709e-23
1.52118552e+12 9.25490282e-23
1.44597292e+12 9.73759788e-23
1.37447909e+12 1.02416122e-22
1.30652016e+12 1.07772277e-22
1.24192135e+12 1.13365069e-22
1.18051653e+12 1.19254409e-22
1.12214777e+12 1.25471701e-22
1.06666496e+12 1.32003755e-22
1.01392541e+12 1.38864772e-22
9.63793480e+11 1.46092672e-22
9.16140246e+11 1.53686109e-22
8.70843150e+11 1.61678055e-22
8.27785697e+11 1.70090775e-22
7.86857151e+11 1.78936362e-22
7.47952252e+11 1.88236370e-22
7.10970943e+11 1.98045203e-22
6.75818117e+11 2.08324460e-22
6.42403366e+11 2.19153435e-22
6.10640754e+11 2.30579700e-22
5.80448594e+11 2.42551500e-22
5.51749238e+11 2.55183558e-22
5.24468875e+11 2.68450942e-22
4.98537346e+11 2.82412805e-22
4.73887961e+11 2.97100645e-22
4.50457325e+11 3.12544562e-22
4.28185180e+11 3.28803441e-22
4.07014245e+11 3.45893966e-22
3.86890074e+11 3.63917245e-22
3.67760910e+11 3.82827201e-22
3.49577557e+11 4.02753408e-22
3.32293252e+11 4.23695824e-22
3.15863541e+11 4.45713972e-22
3.00246171e+11 4.68904789e-22
2.85400977e+11 4.93311134e-22
2.71289780e+11 5.18962948e-22
2.57876289e+11 5.45947456e-22
2.45126006e+11 5.74334009e-22
2.33006141e+11 6.04227724e-22
2.21485523e+11 6.35653149e-22
2.10534524e+11 6.68716530e-22
2.00124980e+11 7.03495635e-22
1.90230119e+11 7.40097616e-22
1.80824493e+11 7.78571343e-22
1.71883914e+11 8.19087367e-22
1.63385388e+11 8.61687788e-22
1.55307057e+11 9.06520703e-22
1.47628147e+11 9.53667929e-22
1.40328908e+11 1.00326884e-21
1.33390569e+11 1.05545248e-21
1.26795285e+11 1.11034053e-21
1.20526094e+11 1.16810538e-21
1.14566873e+11 1.22886998e-21
1.08902296e+11 1.29278254e-21
1.03517796e+11 1.36002083e-21
9.83995230e+10 1.43076155e-21
9.35343152e+10 1.50518084e-21
8.89096599e+10 1.58347692e-21
8.45136633e+10 1.66583110e-21
8.03350198e+10 1.75249104e-21
7.63629826e+10 1.84364534e-21
7.25873365e+10 1.93955316e-21
6.89983712e+10 2.04042591e-21
6.55868566e+10 2.14654899e-21
6.23440189e+10 2.25821881e-21
5.92615181e+10 2.37567357e-21
5.63314267e+10 2.49924145e-21
5.35462090e+10 2.62924722e-21
5.08987019e+10 2.76599805e-21
4.83820966e+10 2.90988710e-21
4.59899209e+10 3.06124752e-21
4.37160225e+10 3.22045331e-21
4.15545533e+10 3.38797161e-21
3.94999546e+10 3.56420441e-21
3.75469422e+10 3.74959755e-21
3.56904935e+10 3.94462801e-21
3.39258338e+10 4.14981373e-21
3.22484250e+10 4.36564943e-21
3.06539530e+10 4.59273810e-21
2.91383170e+10 4.83163517e-21
2.76976194e+10 5.08296097e-21
2.63281547e+10 5.34735435e-21
2.50264010e+10 5.62548925e-21
2.37890104e+10 5.91809715e-21
2.26128007e+10 6.22591136e-21
2.14947467e+10 6.54977058e-21
2.04319732e+10 6.89046523e-21
1.94217468e+10 7.24886533e-21
1.84614695e+10 7.62591608e-21
1.75486715e+10 8.02258906e-21
1.66810054e+10 8.43988777e-21
1.58562396e+10 8.87889342e-21
1.50722531e+10 9.34070815e-21
1.43270295e+10 9.82657045e-21
1.36186524e+10 1.03377147e-20
1.29452998e+10 1.08754189e-20
1.23052400e+10 1.14411078e-20
1.16968270e+10 1.20362302e-20
1.11184960e+10 1.26622796e-20
1.05687597e+10 1.33209129e-20
1.00462042e+10 1.40138238e-20
9.54948564e+09 1.47427771e-20
9.07732653e+09 1.55095745e-20
8.62851257e+09 1.63163075e-20
8.20188950e+09 1.71650212e-20
7.79636013e+09 1.80578321e-20
7.41088152e+09 1.89971100e-20
7.04446228e+09 1.99852927e-20
6.69616005e+09 2.10248132e-20
6.36507908e+09 2.21184085e-20
6.05036788e+09 2.32689234e-20
5.75121707e+09 2.44792463e-20
5.46685730e+09 2.57525163e-20
5.19655724e+09 2.70920843e-20
4.93962174e+09 2.85012803e-20
4.69539001e+09 2.99837526e-20
4.46323393e+09 3.15433537e-20
4.24255643e+09 3.31841272e-20
4.03278998e+09 3.49101904e-20
3.83339510e+09 3.67260508e-20
3.64385898e+09 3.86363565e-20
3.46369418e+09 4.06460701e-20
3.29243733e+09 4.27602763e-20
3.12964801e+09 4.49844369e-20
2.97490755e+09 4.73243138e-20
2.82781798e+09 4.97858924e-20
2.68800102e+09 5.23755372e-20
2.55509709e+09 5.50998389e-20
2.42876438e+09 5.79658905e-20
2.30867799e+09 6.09810098e-20
2.19452909e+09 6.41529166e-20
2.08602409e+09 6.74898772e-20
1.98288395e+09 7.10003521e-20
1.88484341e+09 7.46934512e-20
1.79165033e+09 7.85786679e-20
1.70306503e+09 8.26659250e-20
1.61885969e+09 8.69658378e-20
1.53881775e+09 9.14893923e-20
1.46273336e+09 9.62481917e-20
1.39041083e+09 1.01254566e-19
1.32166418e+09 1.06521365e-19
1.25631660e+09 1.12062084e-19
1.19420003e+09 1.17891018e-19
1.13515471e+09 1.24023166e-19
1.07902879e+09 1.30474245e-19
1.02567793e+09 1.37260912e-19
9.74964918e+08 1.44400547e-19
9.26759330e+08 1.51911556e-19
8.80937190e+08 1.59813252e-19
8.37380654e+08 1.68125983e-19
7.95977700e+08 1.76871110e-19
7.56621850e+08 1.86071118e-19
7.19211887e+08 1.95749645e-19
6.83651600e+08 2.05931566e-19
6.49849535e+08 2.16643152e-19
6.17718760e+08 2.27911868e-19
5.87176639e+08 2.39766776e-19
5.58144625e+08 2.52238319e-19
5.30548053e+08 2.65358523e-19
5.04315949e+08 2.79161259e-19
4.79380850e+08 2.93681830e-19
4.55678627e+08 3.08957781e-19
4.33148322e+08 3.25028285e-19
4.11731993e+08 3.41934726e-19
3.91374560e+08 3.59720504e-19
3.72023668e+08 3.78431454e-19
3.53629550e+08 3.98115620e-19
3.36144900e+08 4.18823721e-19
3.19524751e+08 4.40608894e-19
3.03726358e+08 4.63527256e-19
2.88709092e+08 4.87637740e-19
2.74434330e+08 5.13002367e-19
2.60865362e+08 5.39686274e-19
2.47967289e+08 5.67758156e-19
2.35706941e+08 5.97290251e-19
2.24052787e+08 6.28358408e-19
2.12974854e+08 6.61042626e-19
2.02444651e+08 6.95426902e-19
1.92435098e+08 7.31599658e-19
1.82920450e+08 7.69653997e-19
1.73876240e+08 8.09687711e-19
1.65279206e+08 8.51803784e-19
1.57107239e+08 8.96110565e-19
1.49339322e+08 9.42721971e-19
1.41955477e+08 9.91757824e-19
1.34936714e+08 1.04334432e-18
1.28264983e+08 1.09761409e-18
1.21923125e+08 1.15470675e-18
1.15894830e+08 1.21476906e-18
1.10164595e+08 1.27795551e-18
1.04717682e+08 1.34442866e-18
9.95400829e+07 1.41435941e-18
9.46184819e+07 1.48792765e-18
8.99402217e+07 1.56532251e-18
8.54932707e+07 1.64674311e-18
8.12661920e+07 1.73239881e-18
7.72481145e+07 1.82250991e-18
7.34287045e+07 1.91730816e-18
6.97981391e+07 2.01703736e-18
6.63470812e+07 2.12195398e-18
6.30666554e+07 2.23232789e-18
5.99484250e+07 2.34844291e-18
5.69843706e+07 2.47059769e-18
5.41668691e+07 2.59910635e-18
5.14886745e+07 2.73429947e-18
4.89428990e+07 2.87652463e-18
4.65229952e+07 3.02614766e-18
4.42227398e+07 3.18355338e-18
4.20362168e+07 3.34914665e-18
3.99578030e+07 3.52335323e-18
3.79821531e+07 3.70662121e-18
3.61041860e+07 3.89942194e-18
3.43190720e+07 4.10225118e-18
3.26222201e+07 4.31563068e-18
3.10092664e+07 4.54010916e-18
2.94760626e+07 4.77626395e-18
2.80186656e+07 5.02470234e-18
2.66333273e+07 5.28606335e-18
2.53164848e+07 5.56101911e-18
2.40647515e+07 5.85027673e-18
2.28749082e+07 6.15458013e-18
2.17438948e+07 6.47471195e-18
2.06688025e+07 6.81149556e-18
1.96468665e+07 7.16579694e-18
1.86754584e+07 7.53852749e-18
1.77520801e+07 7.93064564e-18
1.68743568e+07 8.34315989e-18
1.60400311e+07 8.77713116e-18
1.52469573e+07 9.23367559e-18
1.44930957e+07 9.71396723e-18
1.37765077e+07 1.02192414e-17
1.30953502e+07 1.07507975e-17
1.24478715e+07 1.13100025e-17
1.18324063e+07 1.18982948e-17
1.12473718e+07 1.25171872e-17
1.06912634e+07 1.31682715e-17
1.01626509e+07 1.38532220e-17
9.66017480e+06 1.45738004e-17
9.18254284e+06 1.53318599e-17
8.72852662e+06 1.61293499e-17
8.29695852e+06 1.69683216e-17
7.88672862e+06 1.78509326e-17
7.49678187e+06 1.87794528e-17
7.12611543e+06 1.97562702e-17
6.77377600e+06 2.07838970e-17
6.43885743e+06 2.18649760e-17
6.12049837e+06 2.30022876e-17
5.81788007e+06 2.41987567e-17
5.53022426e+06 2.54574604e-17
5.25679112e+06 2.67816358e-17
4.99687745e+06 2.81746886e-17
4.74981480e+06 2.96402013e-17
4.51496777e+06 3.11819430e-17
4.29173238e+06 3.28038787e-17
4.07953450e+06 3.45101798e-17
3.87782841e+06 3.63052346e-17
3.68609536e+06 3.81936595e-17
3.50384225e+06 4.01803113e-17
3.33060034e+06 4.22702993e-17
3.16592411e+06 4.44689984e-17
3.00939003e+06 4.67820634e-17
2.86059554e+06 4.92154431e-17
2.71915794e+06 5.17753956e-17
2.58471351e+06 5.44685045e-17
2.45691646e+06 5.73016962e-17
2.33543814e+06 6.02822571e-17
2.21996612e+06 6.34178525e-17
2.11020343e+06 6.67165466e-17
2.00586778e+06 7.01868232e-17
1.90669084e+06 7.38376070e-17
1.81241755e+06 7.76782873e-17
1.72280545e+06 8.17187415e-17
1.63762407e+06 8.59693609e-17
1.55665436e+06 9.04410773e-17
1.47968806e+06 9.51453912e-17
1.40652724e+06 1.00094401e-16
1.33698374e+06 1.05300835e-16
1.27087871e+06 1.10778083e-16
1.20804213e+06 1.16540232e-16
1.14831241e+06 1.22602100e-16
1.09153594e+06 1.28979278e-16
1.03756668e+06 1.35688166e-16
9.86265846e+05 1.42746019e-16
9.37501502e+05 1.50170988e-16
8.91148232e+05 1.57982169e-16
8.47086827e+05 1.66199651e-16
8.05203967e+05 1.74844567e-16
7.65391939e+05 1.83939152e-16
7.27548353e+05 1.93506793e-16
6.91575883e+05 2.03572098e-16
6.57382014e+05 2.14160953e-16
6.24878807e+05 2.25300591e-16
5.93982669e+05 2.37019660e-16
5.64614142e+05 2.49348300e-16
5.36697695e+05 2.62318218e-16
5.10161531e+05 2.75962771e-16
4.84937407e+05 2.90317049e-16
4.60960449e+05 3.05417970e-16
4.38168993e+05 3.21304370e-16
4.16504425e+05 3.38017107e-16
3.95911027e+05 3.55599162e-16
3.76335836e+05 3.74095755e-16
3.57728510e+05 3.93554454e-16
3.40041193e+05 4.14025304e-16
3.23228398e+05 4.35560954e-16
3.07246884e+05 4.58216788e-16
2.92055551e+05 4.82051075e-16
2.77615329e+05 5.07125112e-16
2.63889081e+05 5.33503384e-16
2.50841506e+05 5.61253734e-16
2.38439047e+05 5.90447530e-16
2.26649808e+05 6.21159855e-16
2.15443469e+05 6.53469694e-16
2.04791210e+05 6.87460145e-16
1.94665634e+05 7.23218626e-16
1.85040702e+05 7.60837101e-16
1.75891659e+05 8.00412321e-16
1.67194976e+05 8.42046066e-16
1.58928287e+05 8.85845413e-16
1.51070330e+05 9.31923007e-16
1.43600898e+05 9.80397353e-16
1.36500781e+05 1.03139312e-15
1.29751717e+05 1.08504146e-15
1.23336350e+05 1.14148036e-15
1.17238180e+05 1.20085496e-15
1.11441525e+05 1.26331797e-15
1.05931476e+05 1.32903004e-15
1.00693863e+05 1.39816017e-15
9.57152154e+04 1.47088616e-15
9.09827289e+04 1.54739504e-15
8.64842328e+04 1.62788359e-15
8.22081576e+04 1.71255882e-15
7.81435061e+04 1.80163851e-15
7.42798248e+04 1.89535176e-15
7.06071771e+04 1.99393959e-15
6.71161177e+04 2.09765556e-15
6.37976681e+04 2.20676642e-15
6.06432940e+04 2.32155280e-15
5.76448828e+04 2.44230992e-15
5.47947234e+04 2.56934836e-15
5.20854855e+04 2.70299485e-15
4.95102016e+04 2.84359313e-15
4.70622485e+04 2.99150481e-15
4.47353305e+04 3.14711032e-15
4.25234633e+04 3.31080987e-15
4.04209584e+04 3.48302449e-15
3.84224085e+04 3.66419712e-15
3.65226736e+04 3.85479373e-15
3.47168682e+04 4.05530454e-15
3.30003479e+04 4.26624528e-15
3.13686982e+04 4.48815848e-15
2.98177229e+04 4.72161492e-15
2.83434331e+04 4.96721507e-15
2.69420371e+04 5.22559062e-15
2.56099310e+04 5.49740615e-15
2.43436887e+04 5.78336078e-15
2.31400538e+04 6.08419003e-15
2.19959307e+04 6.40066767e-15
2.09083769e+04 6.73360773e-15
1.98745955e+04 7.08386659e-15
1.88919278e+04 7.45234518e-15
1.79578465e+04 7.83999130e-15
1.70699493e+04 8.24780206e-15
1.62259529e+04 8.67682647e-15
1.54236865e+04 9.12816808e-15
1.46610868e+04 9.60298788e-15
1.39361927e+04 1.01025073e-14
1.32471399e+04 1.06280112e-14
1.25921561e+04 1.11808514e-14
1.19695570e+04 1.17624500e-14
1.13777413e+04 1.23743032e-14
1.08151870e+04 1.30179850e-14
1.02804473e+04 1.36951512e-14
9.77214697e+03 1.44075438e-14
9.28897872e+03 1.51569956e-14
8.82969996e+03 1.59454346e-14
8.39312950e+03 1.67748892e-14
7.97814457e+03 1.76474933e-14
7.58367791e+03 1.85654919e-14
7.20871503e+03 1.95312469e-14
6.85229160e+03 2.05472429e-14
6.51349095e+03 2.16160942e-14
6.19144176e+03 2.27405507e-14
5.88531578e+03 2.39235058e-14
5.59432571e+03 2.51680032e-14
5.31772318e+03 2.64772454e-14
5.05479682e+03 2.78546011e-14
4.80487044e+03 2.93036150e-14
4.56730127e+03 3.08280156e-14
4.34147833e+03 3.24317262e-14
4.12682085e+03 3.41188738e-14
3.92277676e+03 3.58938006e-14
3.72882131e+03 3.77610749e-14
3.54445567e+03 3.97255026e-14
3.36920571e+03 4.17921400e-14
3.20262069e+03 4.39663069e-14
3.04427221e+03 4.62535999e-14
2.89375302e+03 4.86599071e-14
2.75067601e+03 5.11914235e-14
2.61467321e+03 5.38546665e-14
2.48539486e+03 5.66564933e-14
2.36250847e+03 5.96041182e-14
2.24569800e+03 6.27051314e-14
2.13466303e+03 6.59675185e-14
2.02911802e+03 6.93996815e-14
1.92879151e+03 7.30104600e-14
1.83342548e+03 7.68091546e-14
1.74277468e+03 8.08055505e-14
1.65660596e+03 8.50099432e-14
1.57469771e+03 8.94331649e-14
1.49683929e+03 9.40866128e-14
1.42283046e+03 9.89822784e-14
1.35248087e+03 1.04132779e-13
1.28560961e+03 1.09551389e-13
1.22204469e+03 1.15252077e-13
1.16162263e+03 1.21249540e-13
1.10418805e+03 1.27559242e-13
1.04959323e+03 1.34197453e-13
9.97697764e+02 1.41181296e-13
9.48368187e+02 1.48528784e-13
9.01477631e+02 1.56258875e-13
8.56905505e+02 1.64391514e-13
8.14537177e+02 1.72947690e-13
7.74263683e+02 1.81949491e-13
7.35981448e+02 1.91420157e-13
6.99592017e+02 2.01384145e-13
6.65001803e+02 2.11867191e-13
6.32121848e+02 2.22896379e-13
6.00867589e+02 2.34500210e-13
5.71158648e+02 2.46708679e-13
5.42918618e+02 2.59553351e-13
5.16074871e+02 2.73067447e-13
4.90558371e+02 2.87285928e-13
4.66303493e+02 3.02245592e-13
4.43247859e+02 3.17985165e-13
4.21332174e+02 3.34545411e-13
4.00500076e+02 3.51969232e-13
3.80697987e+02 3.70301787e-13
3.61874981e+02 3.89590610e-13
3.43982649e+02 4.09885738e-13
3.26974974e+02 4.31239844e-13
3.10808217e+02 4.53708374e-13
2.95440800e+02 4.77349703e-13
2.80833200e+02 5.02225286e-13
2.66947849e+02 5.28399826e-13
2.53749038e+02 5.55941446e-13
2.41202821e+02 5.84921878e-13
2.29276931e+02 6.15416653e-13
2.17940698e+02 6.47505312e-13
2.07164968e+02 6.81271617e-13
1.96922026e+02 7.16803787e-13
1.87185529e+02 7.54194739e-13
1.77930439e+02 7.93542343e-13
1.69132952e+02 8.34949696e-13
1.60770442e+02 8.78525412e-13
1.52821404e+02 9.24383921e-13
1.45265393e+02 9.72645799e-13
1.38082977e+02 1.02343810e-12
1.31255684e+02 1.07689474e-12
1.24765955e+02 1.13315685e-12
1.18597101e+02 1.19237321e-12
1.12733256e+02 1.25470068e-12
1.07159340e+02 1.32030464e-12
1.01861017e+02 1.38935951e-12
9.68246612e+01 1.46204925e-12
9.20373200e+01 1.53856792e-12
8.74866812e+01 1.61912028e-12
8.31610415e+01 1.70392241e-12
7.90492762e+01 1.79320239e-12
7.51408106e+01 1.88720099e-12
7.14255929e+01 1.98617252e-12
6.78940681e+01 2.09038553e-12
6.45371540e+01 2.20012382e-12
6.13462172e+01 2.31568728e-12
5.83130511e+01 2.43739298e-12
5.54298552e+01 2.56557620e-12
5.26892142e+01 2.70059166e-12
5.00840799e+01 2.84281476e-12
4.76077523e+01 2.99264293e-12
4.52538628e+01 3.15049714e-12
4.30163576e+01 3.31682349e-12
4.08894823e+01 3.49209491e-12
3.88677669e+01 3.67681307e-12
3.69460121e+01 3.87151044e-12
3.51192753e+01 4.07675246e-12
3.33828586e+01 4.29314000e-12
3.17322963e+01 4.52131204e-12
3.01633435e+01 4.76194848e-12
2.86719650e+01 5.00650824e-12
2.72543253e+01 5.27279995e-12
2.59067786e+01 5.55363571e-12
2.46258592e+01 5.84985626e-12
2.34082728e+01 6.16235670e-12
2.22508880e+01 6.49209062e-12
2.11507282e+01 6.84007475e-12
2.01049642e+01 7.20739395e-12
1.91109062e+01 7.59520675e-12
1.81659979e+01 8.00475150e-12
1.72678090e+01 8.43735298e-12
1.64140297e+01 8.89442985e-12
1.56024641e+01 9.37750278e-12
1.48310251e+01 9.88838581e-12
1.40977287e+01 1.04279914e-11
1.34006890e+01 1.09988089e-11
1.27381132e+01 1.16030102e-11
1.21082975e+01 1.22429259e-11
1.15096220e+01 1.29205092e-11
1.09405471e+01 1.36385230e-11
1.03996091e+01 1.43996734e-11
9.88541702e+00 1.52068939e-11
9.39664831e+00 1.60634363e-11
8.93204600e+00 1.69727964e-11
8.49041520e+00 1.79387930e-11
8.07062014e+00 1.89655745e-11
7.67158118e+00 2.00576637e-11
7.29227206e+00 2.12199983e-11
6.93171728e+00 2.24579699e-11
6.58898955e+00 2.37774776e-11
6.26320745e+00 2.51849804e-11
5.95353313e+00 2.66875603e-11
5.65917016e+00 2.82929894e-11
5.37936150e+00 3.00098071e-11
5.11338754e+00 3.18474044e-11
4.86056423e+00 3.38161191e-11
4.62024137e+00 3.59273413e-11
4.39180089e+00 3.81936305e-11
4.17465529e+00 4.06288467e-11
3.96824610e+00 4.32482952e-11
3.77204249e+00 4.60688889e-11
3.58553986e+00 4.91093270e-11
3.40825855e+00 5.23902948e-11
3.23974263e+00 5.59346841e-11
3.07955871e+00 5.97678387e-11
2.92729484e+00 6.39178257e-11
2.78255940e+00 6.84157361e-11
2.64498018e+00 7.32960169e-11
2.51420335e+00 7.85968393e-11
2.38989257e+00 8.43605050e-11
2.27172813e+00 9.06338942e-11
2.15940615e+00 9.73913714e-11
2.05263775e+00 1.04832304e-10
1.95114835e+00 1.12955281e-10
1.85467692e+00 1.21831035e-10
1.76297538e+00 1.31674887e-10
1.67580786e+00 1.42315183e-10
1.59295021e+00 1.53971857e-10
1.51418933e+00 1.66749566e-10
1.43932264e+00 1.80765917e-10
1.36815763e+00 1.96151012e-10
1.30051125e+00 2.13048727e-10
1.23620954e+00 2.31618111e-10
1.17508713e+00 2.52034911e-10
1.11698682e+00 2.74493247e-10
1.06175918e+00 2.99207430e-10
1.00926219e+00 3.26413951e-10
9.59360829e-01 3.56373632e-10
9.11926760e-01 3.89373976e-10
8.66837993e-01 4.25733592e-10
8.23978568e-01 4.65797715e-10
7.83238260e-01 5.09951587e-10
7.44512291e-01 5.58616900e-10
7.07701066e-01 6.12256837e-10
6.72709914e-01 6.71379695e-10
6.39448843e-01 7.36542733e-10
6.07832313e-01 8.08356237e-10
5.77779012e-01 8.87487780e-10
5.49211648e-01 9.74666664e-10
5.22056753e-01 1.07068850e-09
4.96244488e-01 1.17641988e-09
4.71708469e-01 1.29280312e-09
4.48385595e-01 1.42086090e-09
4.26215883e-01 1.56170086e-09
4.05142317e-01 1.71651983e-09
3.85110700e-01 1.88660779e-09
3.66069515e-01 2.07335113e-09
3.47969790e-01 2.27823526e-09
3.30764978e-01 2.50284610e-09
3.14410830e-01 2.74887038e-09
2.98865287e-01 3.01809429e-09
2.84088369e-01 3.31240027e-09
2.70042072e-01 3.63376141e-09
2.56690272e-01 3.98423330e-09
2.43998630e-01 4.36594260e-09
2.31934506e-01 4.78107224e-09
2.20466874e-01 5.23184257e-09
2.09566240e-01 5.72048819e-09
1.99204571e-01 6.24923008e-09
1.89355218e-01 6.82024268e-09
1.79992851e-01 7.43561568e-09
1.71093391e-01 8.09731031e-09
1.62633950e-01 8.80710990e-09
1.54592774e-01 9.56656443e-09
1.46949180e-01 1.03769286e-08
1.39683512e-01 1.12390924e-08
1.32777083e-01 1.21535035e-08
1.26212131e-01 1.31200782e-08
1.19971774e-01 1.41380999e-08
1.14039960e-01 1.52060998e-08
1.08401436e-01 1.63217184e-08
1.03041699e-01 1.74815440e-08
9.79469667e-02 1.86809274e-08
9.31041349e-02 1.99137774e-08
8.85007491e-02 2.11723428e-08
8.41249705e-02 2.24469996e-08
7.99655453e-02 2.37260644e-08
7.60117762e-02 2.49956653e-08
7.22534949e-02 2.62397242e-08
6.86810359e-02 2.74400512e-08
6.52852114e-02 2.85766435e-08
6.20572881e-02 2.96281750e-08
5.89889643e-02 3.05726995e-08
5.60723488e-02 3.13885452e-08
5.32999408e-02 3.20553484e-08
5.06646101e-02 3.25551448e-08
4.81595791e-02 3.28734180e-08
4.57784054e-02 3.29999932e-08
4.35149650e-02 3.29296809e-08
4.13634368e-02 3.26625985e-08
3.93182876e-02 3.22041415e-08
3.73742574e-02 3.15646180e-08
3.55263468e-02 3.07588952e-08
3.37698031e-02 2.98122232e-08
3.21001090e-02 2.87388396e-08
3.05129702e-02 2.75333938e-08
2.90043049e-02 2.62612567e-08
2.75702333e-02 2.49278612e-08
2.62070670e-02 2.35542940e-08
2.49113003e-02 2.21613442e-08
2.36796007e-02 2.07667811e-08
2.25088005e-02 1.93867295e-08
2.13958887e-02 1.80351084e-08
2.03380031e-02 1.61963566e-08
1.93324229e-02 1.50312539e-08
1.83765620e-02 1.42564544e-08
1.74679622e-02 1.31134804e-08
1.66042866e-02 1.20361835e-08
1.57833141e-02 1.10264668e-08
1.50029332e-02 1.00848450e-08
1.42611371e-02 9.21066619e-09
1.35560179e-02 8.40232993e-09
1.28857621e-02 7.65749305e-09
1.22486461e-02 6.97325852e-09
1.16430313e-02 6.34634337e-09
1.10673602e-02 5.77322375e-09
1.05201522e-02 5.25025656e-09
1.00000000e-02 4.77377838e-09
