1.00000000e+20 0.00000000e+00
9.50556592e+19 0.00000000e+00
9.03557835e+19 0.00000000e+00
8.58882856e+19 0.00000000e+00
8.16416760e+19 0.00000000e+00
7.76050334e+19 0.00000000e+00
7.37679760e+19 0.00000000e+00
7.01206359e+19 0.00000000e+00
6.66536327e+19 0.00000000e+00
6.33580499e+19 0.00000000e+00
6.02254120e+19 0.00000000e+00
5.72476624e+19 0.00000000e+00
5.44171429e+19 0.00000000e+00
5.17265739e+19 0.00000000e+00
4.91690358e+19 0.00000000e+00
4.67379511e+19 0.00000000e+00
4.44270675e+19 0.00000000e+00
4.22304419e+19 0.00000000e+00
4.01424249e+19 0.00000000e+00
3.81576466e+19 0.00000000e+00
3.62710025e+19 0.00000000e+00
3.44776405e+19 0.00000000e+00
3.27729485e+19 0.00000000e+00
3.11525422e+19 0.00000000e+00
2.96122544e+19 0.00000000e+00
2.81481236e+19 0.00000000e+00
2.67563844e+19 0.00000000e+00
2.54334576e+19 0.00000000e+00
2.41759408e+19 0.00000000e+00
2.29805999e+19 0.00000000e+00
2.18443607e+19 0.00000000e+00
2.07643011e+19 0.00000000e+00
1.97376433e+19 0.00000000e+00
1.87617469e+19 0.00000000e+00
1.78341022e+19 0.00000000e+00
1.69523234e+19 0.00000000e+00
1.61141428e+19 0.00000000e+00
1.53174046e+19 0.00000000e+00
1.45600600e+19 0.00000000e+00
1.38401610e+19 0.00000000e+00
1.31558562e+19 0.00000000e+00
1.25053859e+19 0.00000000e+00
1.18870770e+19 0.00000000e+00
1.12993394e+19 0.00000000e+00
1.07406615e+19 0.00000000e+00
1.02096066e+19 0.00000000e+00
9.70480888e+18 0.00000000e+00
9.22497005e+18 0.00000000e+00
8.76885609e+18 0.00000000e+00
8.33529397e+18 0.00000000e+00
7.92316862e+18 0.00000000e+00
7.53142017e+18 0.00000000e+00
7.15904109e+18 0.00000000e+00
6.80507370e+18 0.00000000e+00
6.46860766e+18 0.00000000e+00
6.14877765e+18 0.00000000e+00
5.84476113e+18 0.00000000e+00
5.55577622e+18 0.00000000e+00
5.28107971e+18 0.00000000e+00
5.01996513e+18 0.00000000e+00
4.77176095e+18 0.00000000e+00
4.53582883e+18 0.00000000e+00
4.31156199e+18 0.00000000e+00
4.09838367e+18 0.00000000e+00
3.89574562e+18 0.00000000e+00
3.70312668e+18 0.00000000e+00
3.52003147e+18 0.00000000e+00
3.34598912e+18 0.00000000e+00
3.18055202e+18 0.00000000e+00
3.02329468e+18 0.00000000e+00
2.87381269e+18 0.00000000e+00
2.73172160e+18 0.00000000e+00
2.59665597e+18 0.00000000e+00
2.46826845e+18 0.00000000e+00
2.34622885e+18 0.00000000e+00
2.23022330e+18 0.00000000e+00
2.11995346e+18 0.00000000e+00
2.01513573e+18 0.00000000e+00
1.91550056e+18 0.00000000e+00
1.82079168e+18 0.00000000e+00
1.73076553e+18 0.00000000e+00
1.64519059e+18 0.00000000e+00
1.56384676e+18 0.00000000e+00
1.48652484e+18 0.00000000e+00
1.41302599e+18 0.00000000e+00
1.34316117e+18 0.00000000e+00
1.27675070e+18 0.00000000e+00
1.21362380e+18 0.00000000e+00
1.15361810e+18 0.00000000e+00
1.09657929e+18 0.00000000e+00
1.04236067e+18 0.00000000e+00
9.90822810e+17 0.00000000e+00
9.41833153e+17 0.00000000e+00
8.95265713e+17 0.00000000e+00
8.51000725e+17 0.00000000e+00
8.08924349e+17 0.00000000e+00
7.68928372e+17 0.00000000e+00
7.30909933e+17 0.00000000e+00
6.94771255e+17 0.00000000e+00
6.60419396e+17 0.00000000e+00
6.27766011e+17 0.00000000e+00
5.96727120e+17 0.00000000e+00
5.67222897e+17 0.00000000e+00
5.39177464e+17 1.43786936e-57
5.12518693e+17 6.97365432e-56
4.87178022e+17 2.82216035e-54
4.63090280e+17 9.47858199e-53
4.40193519e+17 2.39438458e-51
4.18428851e+17 5.76133805e-50
3.97740302e+17 1.06730947e-48
3.78074666e+17 1.86152982e-47
3.59381366e+17 2.72964653e-46
3.41612327e+17 3.24213882e-45
3.24721849e+17 3.85085175e-44
3.08666494e+17 3.70485122e-43
2.93404971e+17 3.24145252e-42
2.78898029e+17 2.72230583e-41
2.65108360e+17 1.72798139e-40
2.52000499e+17 1.22307210e-39
2.39540736e+17 7.18886845e-39
2.27697026e+17 3.72811654e-38
2.16438909e+17 1.68225346e-37
2.05737431e+17 8.29847540e-37
1.95565072e+17 3.26902153e-36
1.85895668e+17 1.41359603e-35
1.76704353e+17 4.80462638e-35
1.67967487e+17 1.63696540e-34
1.59662602e+17 5.56382939e-34
1.51768339e+17 1.89563047e-33
1.44264395e+17 5.07645253e-33
1.37131472e+17 1.49229623e-32
1.30351224e+17 3.50317912e-32
1.23906216e+17 8.99030812e-32
1.17779870e+17 2.00751970e-31
1.11956432e+17 5.13907000e-31
1.06420924e+17 1.01502736e-30
1.01159111e+17 2.26653791e-30
9.61574600e+16 4.46548554e-30
9.14031075e+16 9.27251410e-30
8.68838264e+16 1.64554359e-29
8.25879939e+16 3.08011101e-29
7.85045620e+16 4.91542244e-29
7.46230289e+16 8.04196179e-29
7.09334120e+16 1.46714850e-28
6.74262224e+16 2.30486614e-28
6.40924402e+16 3.30557889e-28
6.09234915e+16 5.27523732e-28
5.79112265e+16 8.63064341e-28
5.50478981e+16 1.31990686e-27
5.23261424e+16 1.89527283e-27
4.97389596e+16 2.41165950e-27
4.72796959e+16 3.45874242e-27
4.49420266e+16 5.51966603e-27
4.27199397e+16 6.99232907e-27
4.06077203e+16 8.80451319e-27
3.85999362e+16 1.08949475e-26
3.66914238e+16 1.56608381e-26
3.48772747e+16 1.88507769e-26
3.31528234e+16 2.39874780e-26
3.15136348e+16 2.78678100e-26
2.99554933e+16 3.35423814e-26
2.84743917e+16 4.14730385e-26
2.70665207e+16 5.22017043e-26
2.57282597e+16 6.61418332e-26
2.44561668e+16 6.45100176e-26
2.32469706e+16 8.12337621e-26
2.20975611e+16 1.00561253e-25
2.10049824e+16 9.80996348e-26
1.99664245e+16 1.18301172e-25
1.89792164e+16 1.37734776e-25
1.80408193e+16 1.53330141e-25
1.71488197e+16 1.71567821e-25
1.63009236e+16 1.81228523e-25
1.54949504e+16 2.01904390e-25
1.47288272e+16 2.34765049e-25
1.40005838e+16 2.29707029e-25
1.33083472e+16 2.76740132e-25
1.26503372e+16 2.72252388e-25
1.20248614e+16 3.36279120e-25
1.14303113e+16 3.30259386e-25
1.08651577e+16 3.24576918e-25
1.03279473e+16 4.10797484e-25
9.81729841e+15 4.05635879e-25
9.33189772e+15 3.97002336e-25
8.87049689e+15 3.93853676e-25
8.43190929e+15 4.98961479e-25
8.01500696e+15 4.97386321e-25
7.61871770e+15 4.89734921e-25
7.24202233e+15 4.90395637e-25
6.88395207e+15 4.94049592e-25
6.54358602e+15 6.04843286e-25
6.22004883e+15 6.05303512e-25
5.91250841e+15 6.13039378e-25
5.62017385e+15 6.18918317e-25
5.34229330e+15 6.28597887e-25
5.07815211e+15 7.54542597e-25
4.82707097e+15 7.74094724e-25
4.58840413e+15 7.62482523e-25
4.36153779e+15 7.93828333e-25
4.14588850e+15 8.02919952e-25
3.94090164e+15 8.26830651e-25
3.74605003e+15 8.34551431e-25
3.56083255e+15 9.64118236e-25
3.38477286e+15 1.01977106e-24
3.21741815e+15 1.04476593e-24
3.05833803e+15 1.04548935e-24
2.90712338e+15 1.07551624e-24
2.76338529e+15 1.13415455e-24
2.62675410e+15 1.19461148e-24
2.49687843e+15 1.18754848e-24
2.37342425e+15 1.09594271e-24
2.25607407e+15 1.34849816e-24
2.14452608e+15 1.47436588e-24
2.03849340e+15 1.57013441e-24
1.93770334e+15 1.53236174e-24
1.84189668e+15 1.62851319e-24
1.75082703e+15 1.64630348e-24
1.66426018e+15 1.88540965e-24
1.58197348e+15 1.90210373e-24
1.50375532e+15 1.95132764e-24
1.42940453e+15 2.17697528e-24
1.35872990e+15 2.19825741e-24
1.29154967e+15 2.27212995e-24
1.22769105e+15 2.40421110e-24
1.16698982e+15 2.52197066e-24
1.10928986e+15 2.63934996e-24
1.05444279e+15 2.75227661e-24
1.00230755e+15 2.65720426e-24
9.52750047e+14 3.11419167e-24
9.05642838e+14 3.15588896e-24
8.60864770e+14 3.12124821e-24
8.18300682e+14 3.39140306e-24
7.77841107e+14 3.67746357e-24
7.39381992e+14 4.06501530e-24
7.02824426e+14 4.15227512e-24
6.68074392e+14 4.25447248e-24
6.35042517e+14 4.38441198e-24
6.03643851e+14 4.69446321e-24
5.73797641e+14 4.94659747e-24
5.45427131e+14 5.06161314e-24
5.18459354e+14 5.45920114e-24
4.92824957e+14 5.71368275e-24
4.68458012e+14 6.03139208e-24
4.45295851e+14 6.48851171e-24
4.23278907e+14 6.54245627e-24
4.02350555e+14 6.94992581e-24
3.82456972e+14 7.15007120e-24
3.63546996e+14 7.82625407e-24
3.45571994e+14 8.13778439e-24
3.28485737e+14 8.55502076e-24
3.12244282e+14 8.70780337e-24
2.96805861e+14 9.67152589e-24
2.82130768e+14 9.65861984e-24
2.68181261e+14 1.02159740e-23
2.54921465e+14 1.08046623e-23
2.42317279e+14 1.14878636e-23
2.30336287e+14 1.19785724e-23
2.18947676e+14 1.27473464e-23
2.08122157e+14 1.32531468e-23
1.97831888e+14 1.41259568e-23
1.88050406e+14 1.48657675e-23
1.78752553e+14 1.54703243e-23
1.69914417e+14 1.62679583e-23
1.61513269e+14 1.71646213e-23
1.53527503e+14 1.81440400e-23
1.45936580e+14 1.88292279e-23
1.38720978e+14 1.96508418e-23
1.31862140e+14 2.10466743e-23
1.25342427e+14 2.20932421e-23
1.19145070e+14 2.33929861e-23
1.13254132e+14 2.44152625e-23
1.07654461e+14 2.56789443e-23
1.02331658e+14 2.68747898e-23
9.72720319e+13 2.83836153e-23
9.24625712e+13 2.98997520e-23
8.78909065e+13 3.13186384e-23
8.35452806e+13 3.28752666e-23
7.94145172e+13 3.45681358e-23
7.54879928e+13 3.68509539e-23
7.17556092e+13 3.83406790e-23
6.82077673e+13 4.04592297e-23
6.48353429e+13 4.22092733e-23
6.16296626e+13 4.47439936e-23
5.85824820e+13 4.70765353e-23
5.56859644e+13 4.93575174e-23
5.29326606e+13 5.20379715e-23
5.03154895e+13 5.47554289e-23
4.78277202e+13 5.77290421e-23
4.54629547e+13 6.04108117e-23
4.32151113e+13 6.36479515e-23
4.10784089e+13 6.72221609e-23
3.90473524e+13 7.03835703e-23
3.71167182e+13 7.40379977e-23
3.52815412e+13 7.79543150e-23
3.35371015e+13 8.20440379e-23
3.18789129e+13 8.64599391e-23
3.03027108e+13 9.07186699e-23
2.88044415e+13 9.54458497e-23
2.73802518e+13 1.00696603e-22
2.60264788e+13 1.05402622e-22
2.47396410e+13 1.10866063e-22
2.35164288e+13 1.16911871e-22
2.23536965e+13 1.22896106e-22
2.12484535e+13 1.29157011e-22
2.01978576e+13 1.35745333e-22
1.91992067e+13 1.43148404e-22
1.82499324e+13 1.50481998e-22
1.73475936e+13 1.58078408e-22
1.64898694e+13 1.66524483e-22
1.56745541e+13 1.75274424e-22
1.48995507e+13 1.84122267e-22
1.41628662e+13 1.93943376e-22
1.34626058e+13 2.04034896e-22
1.27969687e+13 2.14253866e-22
1.21642429e+13 2.25751073e-22
1.15628013e+13 2.37425098e-22
1.09910970e+13 2.49815207e-22
1.04476597e+13 2.62431338e-22
9.93109181e+12 2.76437059e-22
9.44006479e+12 2.90698776e-22
8.97331581e+12 3.05961219e-22
8.52964450e+12 3.21595430e-22
8.10790981e+12 3.38625508e-22
7.70702711e+12 3.56010491e-22
7.32596543e+12 3.74579996e-22
6.96374473e+12 3.93909020e-22
6.61943346e+12 4.14109143e-22
6.29214611e+12 4.36005949e-22
5.98104096e+12 4.58674623e-22
5.68531791e+12 4.82644490e-22
5.40421642e+12 5.07619089e-22
5.13701354e+12 5.34063474e-22
4.88302209e+12 5.61914741e-22
4.64158883e+12 5.90944206e-22
4.41209286e+12 6.21865266e-22
4.19394396e+12 6.54200913e-22
3.98658107e+12 6.88047349e-22
3.78947092e+12 7.24000576e-22
3.60210656e+12 7.61324812e-22
3.42400614e+12 8.00988002e-22
3.25471161e+12 8.42528574e-22
3.09378757e+12 8.86566321e-22
2.94082017e+12 9.32534070e-22
2.79541600e+12 9.80982939e-22
2.65720111e+12 1.03239950e-21
2.52582003e+12 1.08592136e-21
2.40093488e+12 1.14203911e-21
2.28222447e+12 1.20169099e-21
2.16938352e+12 1.26422379e-21
2.06212180e+12 1.33010487e-21
1.96016347e+12 1.39911263e-21
1.86324631e+12 1.47187986e-21
1.77112106e+12 1.54839756e-21
1.68355080e+12 1.62918441e-21
1.60031031e+12 1.71386384e-21
1.52118552e+12 1.80260550e-21
1.44597292e+12 1.89662148e-21
1.37447909e+12 1.99478989e-21
1.30652016e+12 2.09911334e-21
1.24192135e+12 2.20804584e-21
1.18051653e+12 2.32275430e-21
1.12214777e+12 2.44385039e-21
1.06666496e+12 2.57107718e-21
1.01392541e+12 2.70471129e-21
9.63793480e+11 2.84549130e-21
9.16140246e+11 2.99339098e-21
8.70843150e+11 3.14905253e-21
8.27785697e+11 3.31290963e-21
7.86857151e+11 3.48519781e-21
7.47952252e+11 3.66633689e-21
7.10970943e+11 3.85738651e-21
6.75818117e+11 4.05759870e-21
6.42403366e+11 4.26851794e-21
6.10640754e+11 4.49107077e-21
5.80448594e+11 4.72424916e-21
5.51749238e+11 4.97028757e-21
5.24468875e+11 5.22870043e-21
4.98537346e+11 5.50063989e-21
4.73887961e+11 5.78671941e-21
4.50457325e+11 6.08752526e-21
4.28185180e+11 6.40420438e-21
4.07014245e+11 6.73708171e-21
3.86890074e+11 7.08812658e-21
3.67760910e+11 7.45644154e-21
3.49577557e+11 7.84455032e-21
3.32293252e+11 8.25245211e-21
3.15863541e+11 8.68130626e-21
3.00246171e+11 9.13300082e-21
2.85400977e+11 9.60837061e-21
2.71289780e+11 1.01079988e-20
2.57876289e+11 1.06335842e-20
2.45126006e+11 1.11864777e-20
2.33006141e+11 1.17687267e-20
2.21485523e+11 1.23808092e-20
2.10534524e+11 1.30247947e-20
2.00124980e+11 1.37021979e-20
1.90230119e+11 1.44151058e-20
1.80824493e+11 1.51644703e-20
1.71883914e+11 1.59536131e-20
1.63385388e+11 1.67833545e-20
1.55307057e+11 1.76565788e-20
1.47628147e+11 1.85748796e-20
1.40328908e+11 1.95409717e-20
1.33390569e+11 2.05573682e-20
1.26795285e+11 2.16264393e-20
1.20526094e+11 2.27515428e-20
1.14566873e+11 2.39350733e-20
1.08902296e+11 2.51799178e-20
1.03517796e+11 2.64895383e-20
9.83995230e+10 2.78673768e-20
9.35343152e+10 2.93168638e-20
8.89096599e+10 3.08418603e-20
8.45136633e+10 3.24458978e-20
8.03350198e+10 3.41337996e-20
7.63629826e+10 3.59092396e-20
7.25873365e+10 3.77772653e-20
6.89983712e+10 3.97419945e-20
6.55868566e+10 4.18089858e-20
6.23440189e+10 4.39840129e-20
5.92615181e+10 4.62717149e-20
5.63314267e+10 4.86784840e-20
5.35462090e+10 5.12106458e-20
5.08987019e+10 5.38741832e-20
4.83820966e+10 5.66767538e-20
4.59899209e+10 5.96248467e-20
4.37160225e+10 6.27257461e-20
4.15545533e+10 6.59885508e-20
3.94999546e+10 6.94210906e-20
3.75469422e+10 7.30320490e-20
3.56904935e+10 7.68307164e-20
3.39258338e+10 8.08271811e-20
3.22484250e+10 8.50310785e-20
3.06539530e+10 8.94541533e-20
2.91383170e+10 9.41072240e-20
2.76976194e+10 9.90023729e-20
2.63281547e+10 1.04152043e-19
2.50264010e+10 1.09569361e-19
2.37890104e+10 1.15268574e-19
2.26128007e+10 1.21263964e-19
2.14947467e+10 1.27571869e-19
2.04319732e+10 1.34207682e-19
1.94217468e+10 1.41188349e-19
1.84614695e+10 1.48532281e-19
1.75486715e+10 1.56258401e-19
1.66810054e+10 1.64386255e-19
1.58562396e+10 1.72936901e-19
1.50722531e+10 1.81931806e-19
1.43270295e+10 1.91395094e-19
1.36186524e+10 2.01350805e-19
1.29452998e+10 2.11823833e-19
1.23052400e+10 2.22841928e-19
1.16968270e+10 2.34433307e-19
1.11184960e+10 2.46627062e-19
1.05687597e+10 2.59455463e-19
1.00462042e+10 2.72951497e-19
9.54948564e+09 2.87149543e-19
9.07732653e+09 3.02084688e-19
8.62851257e+09 3.17797671e-19
8.20188950e+09 3.34328325e-19
7.79636013e+09 3.51717874e-19
7.41088152e+09 3.70012475e-19
7.04446228e+09 3.89259609e-19
6.69616005e+09 4.09506666e-19
6.36507908e+09 4.30806953e-19
6.05036788e+09 4.53215881e-19
5.75121707e+09 4.76789707e-19
5.46685730e+09 5.01589572e-19
5.19655724e+09 5.27680746e-19
4.93962174e+09 5.55128084e-19
4.69539001e+09 5.84002646e-19
4.46323393e+09 6.14379470e-19
4.24255643e+09 6.46337314e-19
4.03278998e+09 6.79956370e-19
3.83339510e+09 7.15324433e-19
3.64385898e+09 7.52532037e-19
3.46369418e+09 7.91675839e-19
3.29243733e+09 8.32854874e-19
3.12964801e+09 8.76175525e-19
2.97490755e+09 9.21750018e-19
2.82781798e+09 9.69694930e-19
2.68800102e+09 1.02013423e-18
2.55509709e+09 1.07319628e-18
2.42876438e+09 1.12901924e-18
2.30867799e+09 1.18774563e-18
2.19452909e+09 1.24952582e-18
2.08602409e+09 1.31452081e-18
1.98288395e+09 1.38289540e-18
1.88484341e+09 1.45482701e-18
1.79165033e+09 1.53050055e-18
1.70306503e+09 1.61010930e-18
1.61885969e+09 1.69386001e-18
1.53881775e+09 1.78196665e-18
1.46273336e+09 1.87465523e-18
1.39041083e+09 1.97216590e-18
1.32166418e+09 2.07474894e-18
1.25631660e+09 2.18266720e-18
1.19420003e+09 2.29619913e-18
1.13515471e+09 2.41563683e-18
1.07902879e+09 2.54128645e-18
1.02567793e+09 2.67347242e-18
9.74964918e+08 2.81253326e-18
9.26759330e+08 2.95882746e-18
8.80937190e+08 3.11273120e-18
8.37380654e+08 3.27464078e-18
7.95977700e+08 3.44497227e-18
7.56621850e+08 3.62416361e-18
7.19211887e+08 3.81267522e-18
6.83651600e+08 4.01099159e-18
6.49849535e+08 4.21962440e-18
6.17718760e+08 4.43910860e-18
5.87176639e+08 4.67001025e-18
5.58144625e+08 4.91292226e-18
5.30548053e+08 5.16846846e-18
5.04315949e+08 5.43730853e-18
4.79380850e+08 5.72013010e-18
4.55678627e+08 6.01766444e-18
4.33148322e+08 6.33067451e-18
4.11731993e+08 6.65996640e-18
3.91374560e+08 7.00638539e-18
3.72023668e+08 7.37082423e-18
3.53629550e+08 7.75421872e-18
3.36144900e+08 8.15755668e-18
3.19524751e+08 8.58187311e-18
3.03726358e+08 9.02826099e-18
2.88709092e+08 9.49786820e-18
2.74434330e+08 9.99190274e-18
2.60865362e+08 1.05116333e-17
2.47967289e+08 1.10583978e-17
2.35706941e+08 1.16336034e-17
2.24052787e+08 1.22387273e-17
2.12974854e+08 1.28753278e-17
2.02444651e+08 1.35450408e-17
1.92435098e+08 1.42495885e-17
1.82920450e+08 1.49907844e-17
1.73876240e+08 1.57705332e-17
1.65279206e+08 1.65908407e-17
1.57107239e+08 1.74538173e-17
1.49339322e+08 1.83616818e-17
1.41955477e+08 1.93167680e-17
1.34936714e+08 2.03215339e-17
1.28264983e+08 2.13785627e-17
1.21923125e+08 2.24905737e-17
1.15894830e+08 2.36604255e-17
1.10164595e+08 2.48911272e-17
1.04717682e+08 2.61858450e-17
9.95400829e+07 2.75479074e-17
9.46184819e+07 2.89808182e-17
8.99402217e+07 3.04882614e-17
8.54932707e+07 3.20741151e-17
8.12661920e+07 3.37424572e-17
7.72481145e+07 3.54975784e-17
7.34287045e+07 3.73439927e-17
6.97981391e+07 3.92864486e-17
6.63470812e+07 4.13299414e-17
6.30666554e+07 4.34797276e-17
5.99484250e+07 4.57413351e-17
5.69843706e+07 4.81205807e-17
5.41668691e+07 5.06235830e-17
5.14886745e+07 5.32567803e-17
4.89428990e+07 5.60269429e-17
4.65229952e+07 5.89411961e-17
4.42227398e+07 6.20070350e-17
4.20362168e+07 6.52323454e-17
3.99578030e+07 6.86254199e-17
3.79821531e+07 7.21949858e-17
3.61041860e+07 7.59502242e-17
3.43190720e+07 7.99007907e-17
3.26222201e+07 8.40568481e-17
3.10092664e+07 8.84290835e-17
2.94760626e+07 9.30287420e-17
2.80186656e+07 9.78676520e-17
2.66333273e+07 1.02958260e-16
2.53164848e+07 1.08313656e-16
2.40647515e+07 1.13947615e-16
2.28749082e+07 1.19874624e-16
2.17438948e+07 1.26109929e-16
2.06688025e+07 1.32669566e-16
1.96468665e+07 1.39570401e-16
1.86754584e+07 1.46830187e-16
1.77520801e+07 1.54467591e-16
1.68743568e+07 1.62502256e-16
1.60400311e+07 1.70954846e-16
1.52469573e+07 1.79847101e-16
1.44930957e+07 1.89201887e-16
1.37765077e+07 1.99043264e-16
1.30953502e+07 2.09396544e-16
1.24478715e+07 2.20288351e-16
1.18324063e+07 2.31746698e-16
1.12473718e+07 2.43801053e-16
1.06912634e+07 2.56482419e-16
1.01626509e+07 2.69823408e-16
9.66017480e+06 2.83858332e-16
9.18254284e+06 2.98623286e-16
8.72852662e+06 3.14156242e-16
8.29695852e+06 3.30497148e-16
7.88672862e+06 3.47688030e-16
7.49678187e+06 3.65773100e-16
7.12611543e+06 3.84798869e-16
6.77377600e+06 4.04814267e-16
6.43885743e+06 4.25870771e-16
6.12049837e+06 4.48022534e-16
5.81788007e+06 4.71326526e-16
5.53022426e+06 4.95842680e-16
5.25679112e+06 5.21634046e-16
4.99687745e+06 5.48766957e-16
4.74981480e+06 5.77311194e-16
4.51496777e+06 6.07340165e-16
4.29173238e+06 6.38931098e-16
4.07953450e+06 6.72165243e-16
3.87782841e+06 7.07128069e-16
3.68609536e+06 7.43909493e-16
3.50384225e+06 7.82604114e-16
3.33060034e+06 8.23311443e-16
3.16592411e+06 8.66136174e-16
3.00939003e+06 9.11188442e-16
2.86059554e+06 9.58584116e-16
2.71915794e+06 1.00844509e-15
2.58471351e+06 1.06089959e-15
2.45691646e+06 1.11608252e-15
2.33543814e+06 1.17413581e-15
2.21996612e+06 1.23520875e-15
2.11020343e+06 1.29945842e-15
2.00586778e+06 1.36705005e-15
1.90669084e+06 1.43815747e-15
1.81241755e+06 1.51296357e-15
1.72280545e+06 1.59166072e-15
1.63762407e+06 1.67445132e-15
1.55665436e+06 1.76154830e-15
1.47968806e+06 1.85317565e-15
1.40652724e+06 1.94956902e-15
1.33698374e+06 2.05097631e-15
1.27087871e+06 2.15765833e-15
1.20804213e+06 2.26988945e-15
1.14831241e+06 2.38795829e-15
1.09153594e+06 2.51216852e-15
1.03756668e+06 2.64283958e-15
9.86265846e+05 2.78030752e-15
9.37501502e+05 2.92492590e-15
8.91148232e+05 3.07706664e-15
8.47086827e+05 3.23712103e-15
8.05203967e+05 3.40550068e-15
7.65391939e+05 3.58263866e-15
7.27548353e+05 3.76899052e-15
6.91575883e+05 3.96503552e-15
6.57382014e+05 4.17127786e-15
6.24878807e+05 4.38824796e-15
5.93982669e+05 4.61650382e-15
5.64614142e+05 4.85663249e-15
5.36697695e+05 5.10925152e-15
5.10161531e+05 5.37501061e-15
4.84937407e+05 5.65459324e-15
4.60960449e+05 5.94871846e-15
4.38168993e+05 6.25814269e-15
4.16504425e+05 6.58366174e-15
3.95911027e+05 6.92611277e-15
3.76335836e+05 7.28637650e-15
3.57728510e+05 7.66537949e-15
3.40041193e+05 8.06409646e-15
3.23228398e+05 8.48355284e-15
3.07246884e+05 8.92482740e-15
2.92055551e+05 9.38905503e-15
2.77615329e+05 9.87742965e-15
2.63889081e+05 1.03912073e-14
2.50841506e+05 1.09317093e-14
2.38439047e+05 1.15003257e-14
2.26649808e+05 1.20985189e-14
2.15443469e+05 1.27278275e-14
2.04791210e+05 1.33898698e-14
1.94665634e+05 1.40863486e-14
1.85040702e+05 1.48190550e-14
1.75891659e+05 1.55898736e-14
1.67194976e+05 1.64007867e-14
1.58928287e+05 1.72538799e-14
1.51070330e+05 1.81513471e-14
1.43600898e+05 1.90954967e-14
1.36500781e+05 2.00887567e-14
1.29751717e+05 2.11336818e-14
1.23336350e+05 2.22329593e-14
1.17238180e+05 2.33894164e-14
1.11441525e+05 2.46060274e-14
1.05931476e+05 2.58859213e-14
1.00693863e+05 2.72323898e-14
9.57152154e+04 2.86488959e-14
9.09827289e+04 3.01390826e-14
8.64842328e+04 3.17067826e-14
8.22081576e+04 3.33560278e-14
7.81435061e+04 3.50910599e-14
7.42798248e+04 3.69163412e-14
7.06071771e+04 3.88365663e-14
6.71161177e+04 4.08566738e-14
6.37976681e+04 4.29818591e-14
6.06432940e+04 4.52175883e-14
5.76448828e+04 4.75696113e-14
5.47947234e+04 5.00439775e-14
5.20854855e+04 5.26470508e-14
4.95102016e+04 5.53855261e-14
4.70622485e+04 5.82664468e-14
4.47353305e+04 6.12972225e-14
4.25234633e+04 6.44856483e-14
4.04209584e+04 6.78399247e-14
3.84224085e+04 7.13686789e-14
3.65226736e+04 7.50809869e-14
3.47168682e+04 7.89863968e-14
3.30003479e+04 8.30949535e-14
3.13686982e+04 8.74172243e-14
2.98177229e+04 9.19643263e-14
2.83434331e+04 9.67479548e-14
2.69420371e+04 1.01780414e-13
2.56099310e+04 1.07074647e-13
2.43436887e+04 1.12644272e-13
2.31400538e+04 1.18503615e-13
2.19959307e+04 1.24667746e-13
2.09083769e+04 1.31152521e-13
1.98745955e+04 1.37974619e-13
1.88919278e+04 1.45151588e-13
1.79578465e+04 1.52701889e-13
1.70699493e+04 1.60644943e-13
1.62259529e+04 1.69001182e-13
1.54236865e+04 1.77792099e-13
1.46610868e+04 1.87040308e-13
1.39361927e+04 1.96769599e-13
1.32471399e+04 2.07004998e-13
1.25921561e+04 2.17772834e-13
1.19695570e+04 2.29100808e-13
1.13777413e+04 2.41018058e-13
1.08151870e+04 2.53555243e-13
1.02804473e+04 2.66744615e-13
9.77214697e+03 2.80620102e-13
9.28897872e+03 2.95217402e-13
8.82969996e+03 3.10574067e-13
8.39312950e+03 3.26729606e-13
7.97814457e+03 3.43725580e-13
7.58367791e+03 3.61605718e-13
7.20871503e+03 3.80416021e-13
6.85229160e+03 4.00204884e-13
6.51349095e+03 4.21023224e-13
6.19144176e+03 4.42924605e-13
5.88531578e+03 4.65965380e-13
5.59432571e+03 4.90204834e-13
5.31772318e+03 5.15705340e-13
5.05479682e+03 5.42532517e-13
4.80487044e+03 5.70755399e-13
4.56730127e+03 6.00446613e-13
4.34147833e+03 6.31682570e-13
4.12682085e+03 6.64543656e-13
3.92277676e+03 6.99114445e-13
3.72882131e+03 7.35483911e-13
3.54445567e+03 7.73745665e-13
3.36920571e+03 8.13998190e-13
3.20262069e+03 8.56345098e-13
3.04427221e+03 9.00895397e-13
2.89375302e+03 9.47763773e-13
2.75067601e+03 9.97070886e-13
2.61467321e+03 1.04894368e-12
2.48539486e+03 1.10351571e-12
2.36250847e+03 1.16092749e-12
2.24569800e+03 1.22132687e-12
2.13466303e+03 1.28486937e-12
2.02911802e+03 1.35171865e-12
1.92879151e+03 1.42204688e-12
1.83342548e+03 1.49603521e-12
1.74277468e+03 1.57387422e-12
1.65660596e+03 1.65576445e-12
1.57469771e+03 1.74191689e-12
1.49683929e+03 1.83255350e-12
1.42283046e+03 1.92790787e-12
1.35248087e+03 2.02822572e-12
1.28560961e+03 2.13376564e-12
1.22204469e+03 2.24479967e-12
1.16162263e+03 2.36161407e-12
1.10418805e+03 2.48451005e-12
1.04959323e+03 2.61380451e-12
9.97697764e+02 2.74983093e-12
9.48368187e+02 2.89294019e-12
9.01477631e+02 3.04350151e-12
8.56905505e+02 3.20190339e-12
8.14537177e+02 3.36855464e-12
7.74263683e+02 3.54388544e-12
7.35981448e+02 3.72834847e-12
6.99592017e+02 3.92242009e-12
6.65001803e+02 4.12660156e-12
6.32121848e+02 4.34142040e-12
6.00867589e+02 4.56743174e-12
5.71158648e+02 4.80521979e-12
5.42918618e+02 5.05539937e-12
5.16074871e+02 5.31861750e-12
4.90558371e+02 5.59555518e-12
4.66303493e+02 5.88692908e-12
4.43247859e+02 6.19349354e-12
4.21332174e+02 6.51604247e-12
4.00500076e+02 6.85541151e-12
3.80697987e+02 7.21248025e-12
3.61874981e+02 7.58817451e-12
3.43982649e+02 7.98346888e-12
3.26974974e+02 8.39938926e-12
3.10808217e+02 8.83701565e-12
2.95440800e+02 9.29748499e-12
2.80833200e+02 9.78199427e-12
2.66947849e+02 1.02918037e-11
2.53749038e+02 1.08282402e-11
2.41202821e+02 1.13927009e-11
2.29276931e+02 1.19866569e-11
2.17940698e+02 1.26116574e-11
2.07164968e+02 1.32693340e-11
1.96922026e+02 1.39614048e-11
1.87185529e+02 1.46896797e-11
1.77930439e+02 1.54560650e-11
1.69132952e+02 1.62625685e-11
1.60770442e+02 1.71113060e-11
1.52821404e+02 1.80045061e-11
1.45265393e+02 1.89445173e-11
1.38082977e+02 1.99338144e-11
1.31255684e+02 2.09750056e-11
1.24765955e+02 2.20708398e-11
1.18597101e+02 2.32242148e-11
1.12733256e+02 2.44381858e-11
1.07159340e+02 2.57159740e-11
1.01861017e+02 2.70609767e-11
9.68246612e+01 2.84767768e-11
9.20373200e+01 2.99671542e-11
8.74866812e+01 3.15360970e-11
8.31610415e+01 3.31878138e-11
7.90492762e+01 3.49267469e-11
7.51408106e+01 3.67575863e-11
7.14255929e+01 3.86852847e-11
6.78940681e+01 4.07150732e-11
6.45371540e+01 4.28524791e-11
6.13462172e+01 4.51033437e-11
5.83130511e+01 4.74738425e-11
5.54298552e+01 4.99705059e-11
5.26892142e+01 5.26002431e-11
5.00840799e+01 5.53703654e-11
4.76077523e+01 5.82886142e-11
4.52538628e+01 6.13631886e-11
4.30163576e+01 6.46027773e-11
4.08894823e+01 6.80165919e-11
3.88677669e+01 7.16144037e-11
3.69460121e+01 7.54065833e-11
3.51192753e+01 7.94041444e-11
3.33828586e+01 8.36187903e-11
3.17322963e+01 8.80629662e-11
3.01633435e+01 9.27499152e-11
2.86719650e+01 9.75132798e-11
2.72543253e+01 1.02699924e-10
2.59067786e+01 1.08169848e-10
2.46258592e+01 1.13939425e-10
2.34082728e+01 1.20026091e-10
2.22508880e+01 1.26448419e-10
2.11507282e+01 1.33226211e-10
2.01049642e+01 1.40380598e-10
1.91109062e+01 1.47934146e-10
1.81659979e+01 1.55910973e-10
1.72678090e+01 1.64336884e-10
1.64140297e+01 1.73239509e-10
1.56024641e+01 1.82648467e-10
1.48310251e+01 1.92599090e-10
1.40977287e+01 2.03109152e-10
1.34006890e+01 2.14227138e-10
1.27381132e+01 2.25995351e-10
1.21082975e+01 2.38459183e-10
1.15096220e+01 2.51656677e-10
1.09405471e+01 2.65641651e-10
1.03996091e+01 2.80466808e-10
9.88541702e+00 2.96189286e-10
9.39664831e+00 3.12872422e-10
8.93204600e+00 3.30584306e-10
8.49041520e+00 3.49399314e-10
8.07062014e+00 3.69398248e-10
7.67158118e+00 3.90669201e-10
7.29227206e+00 4.13308344e-10
6.93171728e+00 4.37420693e-10
6.58898955e+00 4.63121144e-10
6.26320745e+00 4.90535504e-10
5.95353313e+00 5.19801709e-10
5.65917016e+00 5.51071139e-10
5.37936150e+00 5.84510117e-10
5.11338754e+00 6.20301557e-10
4.86056423e+00 6.58646811e-10
4.62024137e+00 6.99767726e-10
4.39180089e+00 7.43908929e-10
4.17465529e+00 7.91340372e-10
3.96824610e+00 8.42360167e-10
3.77204249e+00 8.97297726e-10
3.58553986e+00 9.56517261e-10
3.40825855e+00 1.02042167e-09
3.23974263e+00 1.08945681e-09
3.07955871e+00 1.16411633e-09
2.92729484e+00 1.24494688e-09
2.78255940e+00 1.33255405e-09
2.64498018e+00 1.42760876e-09
2.51420335e+00 1.53085448e-09
2.38989257e+00 1.64311515e-09
2.27172813e+00 1.76530385e-09
2.15940615e+00 1.89692129e-09
2.05263775e+00 2.04185058e-09
1.95114835e+00 2.20006427e-09
1.85467692e+00 2.37294003e-09
1.76297538e+00 2.56467173e-09
1.67580786e+00 2.77191600e-09
1.59295021e+00 2.99895657e-09
1.51418933e+00 3.24783189e-09
1.43932264e+00 3.52083260e-09
1.36815763e+00 3.82049277e-09
1.30051125e+00 4.14961470e-09
1.23620954e+00 4.51129622e-09
1.17508713e+00 4.90896043e-09
1.11698682e+00 5.34638824e-09
1.06175918e+00 5.82775389e-09
1.00926219e+00 6.35766355e-09
9.59360829e-01 6.94119735e-09
9.11926760e-01 7.58395506e-09
8.66837993e-01 8.29214234e-09
8.23978568e-01 9.07248342e-09
7.83238260e-01 9.93248177e-09
7.44512291e-01 1.08803508e-08
7.07701066e-01 1.19251122e-08
6.72709914e-01 1.30766660e-08
6.39448843e-01 1.43458663e-08
6.07832313e-01 1.57445997e-08
5.77779012e-01 1.72858687e-08
5.49211648e-01 1.89838783e-08
5.22056753e-01 2.08541247e-08
4.96244488e-01 2.29134869e-08
4.71708469e-01 2.51803185e-08
4.48385595e-01 2.76745388e-08
4.26215883e-01 3.04177214e-08
4.05142317e-01 3.34331775e-08
3.85110700e-01 3.67460323e-08
3.66069515e-01 4.03832891e-08
3.47969790e-01 4.43738794e-08
3.30764978e-01 4.87486928e-08
3.14410830e-01 5.35405823e-08
2.98865287e-01 5.87843381e-08
2.84088369e-01 6.45166249e-08
2.70042072e-01 7.07758735e-08
2.56690272e-01 7.76021207e-08
2.43998630e-01 8.50367885e-08
2.31934506e-01 9.31223945e-08
2.20466874e-01 1.01902185e-07
2.09566240e-01 1.11419684e-07
1.99204571e-01 1.21718150e-07
1.89355218e-01 1.32839936e-07
1.79992851e-01 1.44825742e-07
1.71093391e-01 1.57713770e-07
1.62633950e-01 1.71538752e-07
1.54592774e-01 1.86330878e-07
1.46949180e-01 2.02114586e-07
1.39683512e-01 2.18907212e-07
1.32777083e-01 2.36717474e-07
1.26212131e-01 2.55543744e-07
1.19971774e-01 2.75372061e-07
1.14039960e-01 2.96173819e-07
1.08401436e-01 3.17903061e-07
1.03041699e-01 3.40493335e-07
9.79469667e-02 3.63854091e-07
9.31041349e-02 3.87866684e-07
8.85007491e-02 4.12380144e-07
8.41249705e-02 4.37207020e-07
7.99655453e-02 4.62119754e-07
7.60117762e-02 4.86848157e-07
7.22534949e-02 5.11079069e-07
6.86810359e-02 5.34458202e-07
6.52852114e-02 5.56595956e-07
6.20572881e-02 5.77076953e-07
5.89889643e-02 5.95473743e-07
5.60723488e-02 6.11364218e-07
5.32999408e-02 6.24351746e-07
5.06646101e-02 6.34086433e-07
4.81595791e-02 6.40285535e-07
4.57784054e-02 6.42750879e-07
4.35149650e-02 6.41381385e-07
4.13634368e-02 6.36179341e-07
3.93182876e-02 6.27249833e-07
3.73742574e-02 6.14793641e-07
3.55263468e-02 5.99100333e-07
3.37698031e-02 5.80661716e-07
3.21001090e-02 5.59755097e-07
3.05129702e-02 5.36276264e-07
2.90043049e-02 5.11498464e-07
2.75702333e-02 4.85527515e-07
2.62070670e-02 4.58774129e-07
2.49113003e-02 4.31643224e-07
2.36796007e-02 4.04480897e-07
2.25088005e-02 3.77601212e-07
2.13958887e-02 3.51275278e-07
2.03380031e-02 3.15461352e-07
1.93324229e-02 2.92768293e-07
1.83765620e-02 2.77677287e-07
1.74679622e-02 2.55415236e-07
1.66042866e-02 2.34432397e-07
1.57833141e-02 2.14765839e-07
1.50029332e-02 1.96425585e-07
1.42611371e-02 1.79398940e-07
1.35560179e-02 1.63654729e-07
1.28857621e-02 1.49147315e-07
1.22486461e-02 1.35820272e-07
1.16430313e-02 1.23609655e-07
1.10673602e-02 1.12446831e-07
1.05201522e-02 1.02260840e-07
1.00000000e-02 9.29803297e-08
