1.00000000e+20 0.00000000e+00
9.50556592e+19 0.00000000e+00
9.03557835e+19 0.00000000e+00
8.58882856e+19 0.00000000e+00
8.16416760e+19 0.00000000e+00
7.76050334e+19 0.00000000e+00
7.37679760e+19 0.00000000e+00
7.01206359e+19 0.00000000e+00
6.66536327e+19 0.00000000e+00
6.33580499e+19 0.00000000e+00
6.02254120e+19 0.00000000e+00
5.72476624e+19 0.00000000e+00
5.44171429e+19 0.00000000e+00
5.17265739e+19 0.00000000e+00
4.91690358e+19 0.00000000e+00
4.67379511e+19 0.00000000e+00
4.44270675e+19 0.00000000e+00
4.22304419e+19 0.00000000e+00
4.01424249e+19 0.00000000e+00
3.81576466e+19 0.00000000e+00
3.62710025e+19 0.00000000e+00
3.44776405e+19 0.00000000e+00
3.27729485e+19 0.00000000e+00
3.11525422e+19 0.00000000e+00
2.96122544e+19 0.00000000e+00
2.81481236e+19 0.00000000e+00
2.67563844e+19 0.00000000e+00
2.54334576e+19 0.00000000e+00
2.41759408e+19 0.00000000e+00
2.29805999e+19 0.00000000e+00
2.18443607e+19 0.00000000e+00
2.07643011e+19 0.00000000e+00
1.97376433e+19 0.00000000e+00
1.87617469e+19 0.00000000e+00
1.78341022e+19 0.00000000e+00
1.69523234e+19 0.00000000e+00
1.61141428e+19 0.00000000e+00
1.53174046e+19 0.00000000e+00
1.45600600e+19 0.00000000e+00
1.38401610e+19 0.00000000e+00
1.31558562e+19 0.00000000e+00
1.25053859e+19 0.00000000e+00
1.18870770e+19 0.00000000e+00
1.12993394e+19 0.00000000e+00
1.07406615e+19 0.00000000e+00
1.02096066e+19 0.00000000e+00
9.70480888e+18 0.00000000e+00
9.22497005e+18 0.00000000e+00
8.76885609e+18 0.00000000e+00
8.33529397e+18 0.00000000e+00
7.92316862e+18 0.00000000e+00
7.53142017e+18 0.00000000e+00
7.15904109e+18 0.00000000e+00
6.80507370e+18 0.00000000e+00
6.46860766e+18 0.00000000e+00
6.14877765e+18 0.00000000e+00
5.84476113e+18 0.00000000e+00
5.55577622e+18 0.00000000e+00
5.28107971e+18 0.00000000e+00
5.01996513e+18 0.00000000e+00
4.77176095e+18 0.00000000e+00
4.53582883e+18 0.00000000e+00
4.31156199e+18 0.00000000e+00
4.09838367e+18 0.00000000e+00
3.89574562e+18 0.00000000e+00
3.70312668e+18 0.00000000e+00
3.52003147e+18 0.00000000e+00
3.34598912e+18 0.00000000e+00
3.18055202e+18 0.00000000e+00
3.02329468e+18 0.00000000e+00
2.87381269e+18 0.00000000e+00
2.73172160e+18 0.00000000e+00
2.59665597e+18 0.00000000e+00
2.46826845e+18 0.00000000e+00
2.34622885e+18 0.00000000e+00
2.23022330e+18 0.00000000e+00
2.11995346e+18 0.00000000e+00
2.01513573e+18 0.00000000e+00
1.91550056e+18 0.00000000e+00
1.82079168e+18 0.00000000e+00
1.73076553e+18 0.00000000e+00
1.64519059e+18 0.00000000e+00
1.56384676e+18 0.00000000e+00
1.48652484e+18 0.00000000e+00
1.41302599e+18 0.00000000e+00
1.34316117e+18 0.00000000e+00
1.27675070e+18 0.00000000e+00
1.21362380e+18 0.00000000e+00
1.15361810e+18 0.00000000e+00
1.09657929e+18 0.00000000e+00
1.04236067e+18 0.00000000e+00
9.90822810e+17 0.00000000e+00
9.41833153e+17 0.00000000e+00
8.95265713e+17 0.00000000e+00
8.51000725e+17 0.00000000e+00
8.08924349e+17 0.00000000e+00
7.68928372e+17 0.00000000e+00
7.30909933e+17 0.00000000e+00
6.94771255e+17 0.00000000e+00
6.60419396e+17 0.00000000e+00
6.27766011e+17 0.00000000e+00
5.96727120e+17 0.00000000e+00
5.67222897e+17 0.00000000e+00
5.39177464e+17 0.00000000e+00
5.12518693e+17 0.00000000e+00
4.87178022e+17 0.00000000e+00
4.63090280e+17 0.00000000e+00
4.40193519e+17 0.00000000e+00
4.18428851e+17 0.00000000e+00
3.97740302e+17 0.00000000e+00
3.78074666e+17 4.00096877e-59
3.59381366e+17 3.77726798e-57
3.41612327e+17 1.53735982e-55
3.24721849e+17 4.80728848e-54
3.08666494e+17 1.30774779e-52
2.93404971e+17 3.13881690e-51
2.78898029e+17 6.25609519e-50
2.65108360e+17 1.16557337e-48
2.52000499e+17 1.65149330e-47
2.39540736e+17 2.23729899e-46
2.27697026e+17 2.65735282e-45
2.16438909e+17 2.76727549e-44
2.05737431e+17 2.75527903e-43
1.95565072e+17 2.08631416e-42
1.85895668e+17 1.47670173e-41
1.76704353e+17 1.07155000e-40
1.67967487e+17 6.12440890e-40
1.59662602e+17 3.40835070e-39
1.51768339e+17 1.86893169e-38
1.44264395e+17 8.42371286e-38
1.37131472e+17 3.62986523e-37
1.30351224e+17 1.37809248e-36
1.23906216e+17 5.42872490e-36
1.17779870e+17 1.90149045e-35
1.11956432e+17 6.28654483e-35
1.06420924e+17 1.84802027e-34
1.01159111e+17 5.63680549e-34
9.61574600e+16 1.51481740e-33
9.14031075e+16 3.89192392e-33
8.68838264e+16 1.04317466e-32
8.25879939e+16 2.41615106e-32
7.85045620e+16 5.67193684e-32
7.46230289e+16 1.17776922e-31
7.09334120e+16 2.72789252e-31
6.74262224e+16 4.96101666e-31
6.40924402e+16 1.04769704e-30
6.09234915e+16 1.91138328e-30
5.79112265e+16 3.57784085e-30
5.50478981e+16 7.04898714e-30
5.23261424e+16 1.15326172e-29
4.97389596e+16 1.76371310e-29
4.72796959e+16 2.90106114e-29
4.49420266e+16 4.74038255e-29
4.27199397e+16 7.56498163e-29
4.06077203e+16 1.23768197e-28
3.85999362e+16 1.53153069e-28
3.66914238e+16 2.20145698e-28
3.48772747e+16 3.45845424e-28
3.31528234e+16 4.96002844e-28
3.15136348e+16 6.13218869e-28
2.99554933e+16 7.71737186e-28
2.84743917e+16 1.26262635e-27
2.70665207e+16 1.56242208e-27
2.57282597e+16 1.88264391e-27
2.44561668e+16 2.49748301e-27
2.32469706e+16 3.01944020e-27
2.20975611e+16 3.99692368e-27
2.10049824e+16 4.81067540e-27
1.99664245e+16 5.94876654e-27
1.89792164e+16 7.48899698e-27
1.80408193e+16 7.30151176e-27
1.71488197e+16 9.25344205e-27
1.63009236e+16 1.16625971e-26
1.54949504e+16 1.44344302e-26
1.47288272e+16 1.41025874e-26
1.40005838e+16 1.69965549e-26
1.33083472e+16 1.98052813e-26
1.26503372e+16 2.20767226e-26
1.20248614e+16 2.33739841e-26
1.14303113e+16 2.62192665e-26
1.08651577e+16 2.91635136e-26
1.03279473e+16 3.41059140e-26
9.81729841e+15 3.34996913e-26
9.33189772e+15 4.03875343e-26
8.87049689e+15 3.97325480e-26
8.43190929e+15 3.95120499e-26
8.01500696e+15 4.88078551e-26
7.61871770e+15 4.84887255e-26
7.24202233e+15 4.80116595e-26
6.88395207e+15 6.02317306e-26
6.54358602e+15 6.01953663e-26
6.22004883e+15 6.07649641e-26
5.91250841e+15 7.70062459e-26
5.62017385e+15 7.54475970e-26
5.34229330e+15 7.66833853e-26
5.07815211e+15 7.87683580e-26
4.82707097e+15 7.74761609e-26
4.58840413e+15 9.69641691e-26
4.36153779e+15 9.87597612e-26
4.14588850e+15 1.00369122e-25
3.94090164e+15 1.02816914e-25
3.74605003e+15 1.04925870e-25
3.56083255e+15 1.08958520e-25
3.38477286e+15 1.30203847e-25
3.21741815e+15 1.30822344e-25
3.05833803e+15 1.40544847e-25
2.90712338e+15 1.39790525e-25
2.76338529e+15 1.50768014e-25
2.62675410e+15 1.53537032e-25
2.49687843e+15 1.56573886e-25
2.37342425e+15 1.91243791e-25
2.25607407e+15 1.91348172e-25
2.14452608e+15 1.78519159e-25
2.03849340e+15 1.74541975e-25
1.93770334e+15 1.70190354e-25
1.84189668e+15 2.32169521e-25
1.75082703e+15 2.33246694e-25
1.66426018e+15 2.49495324e-25
1.58197348e+15 2.57014489e-25
1.50375532e+15 2.87323745e-25
1.42940453e+15 3.55421443e-25
1.35872990e+15 3.47031914e-25
1.29154967e+15 3.45396687e-25
1.22769105e+15 3.37240483e-25
1.16698982e+15 3.83037644e-25
1.10928986e+15 3.98006863e-25
1.05444279e+15 3.99482919e-25
1.00230755e+15 4.30365675e-25
9.52750047e+14 4.33306802e-25
9.05642838e+14 4.76907328e-25
8.60864770e+14 5.34055405e-25
8.18300682e+14 5.17687111e-25
7.77841107e+14 5.68351662e-25
7.39381992e+14 5.85985820e-25
7.02824426e+14 6.19967503e-25
6.68074392e+14 6.96331849e-25
6.35042517e+14 6.79421042e-25
6.03643851e+14 7.32770248e-25
5.73797641e+14 7.43108869e-25
5.45427131e+14 7.78825394e-25
5.18459354e+14 8.35786159e-25
4.92824957e+14 9.20943638e-25
4.68458012e+14 9.51402001e-25
4.45295851e+14 9.79449315e-25
4.23278907e+14 1.03607121e-24
4.02350555e+14 1.09677068e-24
3.82456972e+14 1.12223743e-24
3.63546996e+14 1.20748119e-24
3.45571994e+14 1.27188596e-24
3.28485737e+14 1.30370067e-24
3.12244282e+14 1.44219893e-24
2.96805861e+14 1.46703083e-24
2.82130768e+14 1.49368427e-24
2.68181261e+14 1.63409898e-24
2.54921465e+14 1.66477199e-24
2.42317279e+14 1.81068353e-24
2.30336287e+14 1.89440659e-24
2.18947676e+14 1.99698893e-24
2.08122157e+14 2.11084766e-24
1.97831888e+14 2.18816423e-24
1.88050406e+14 2.32995431e-24
1.78752553e+14 2.46031368e-24
1.69914417e+14 2.55457807e-24
1.61513269e+14 2.73249514e-24
1.53527503e+14 2.87297435e-24
1.45936580e+14 2.99265940e-24
1.38720978e+14 3.21519443e-24
1.31862140e+14 3.26608295e-24
1.25342427e+14 3.44421741e-24
1.19145070e+14 3.59911024e-24
1.13254132e+14 3.84653067e-24
1.07654461e+14 4.11681106e-24
1.02331658e+14 4.29945293e-24
9.72720319e+13 4.46471876e-24
9.24625712e+13 4.69884137e-24
8.78909065e+13 5.03646702e-24
8.35452806e+13 5.25771868e-24
7.94145172e+13 5.54727866e-24
7.54879928e+13 5.80804819e-24
7.17556092e+13 6.11505264e-24
6.82077673e+13 6.45753826e-24
6.48353429e+13 6.82562669e-24
6.16296626e+13 7.10105131e-24
5.85824820e+13 7.51560573e-24
5.56859644e+13 7.86478918e-24
5.29326606e+13 8.30590966e-24
5.03154895e+13 8.66464733e-24
4.78277202e+13 9.17524821e-24
4.54629547e+13 9.70564731e-24
4.32151113e+13 1.01353065e-23
4.10784089e+13 1.06089295e-23
3.90473524e+13 1.12290246e-23
3.71167182e+13 1.18432274e-23
3.52815412e+13 1.24509597e-23
3.35371015e+13 1.31194889e-23
3.18789129e+13 1.37259200e-23
3.03027108e+13 1.44134026e-23
2.88044415e+13 1.52752662e-23
2.73802518e+13 1.60243603e-23
2.60264788e+13 1.69110977e-23
2.47396410e+13 1.76785452e-23
2.35164288e+13 1.86926779e-23
2.23536965e+13 1.96356875e-23
2.12484535e+13 2.06552557e-23
2.01978576e+13 2.17497749e-23
1.91992067e+13 2.28924858e-23
1.82499324e+13 2.39544427e-23
1.73475936e+13 2.52668821e-23
1.64898694e+13 2.66332385e-23
1.56745541e+13 2.79173585e-23
1.48995507e+13 2.93838847e-23
1.41628662e+13 3.09646707e-23
1.34626058e+13 3.25687147e-23
1.27969687e+13 3.42746512e-23
1.21642429e+13 3.60432737e-23
1.15628013e+13 3.79406576e-23
1.09910970e+13 3.98375485e-23
1.04476597e+13 4.19982973e-23
9.93109181e+12 4.41402293e-23
9.44006479e+12 4.64729048e-23
8.97331581e+12 4.88623098e-23
8.52964450e+12 5.13722417e-23
8.10790981e+12 5.40342681e-23
7.70702711e+12 5.69261235e-23
7.32596543e+12 5.98395255e-23
6.96374473e+12 6.29884761e-23
6.61943346e+12 6.63284702e-23
6.29214611e+12 6.97123741e-23
5.98104096e+12 7.33414365e-23
5.68531791e+12 7.71277194e-23
5.40421642e+12 8.11352286e-23
5.13701354e+12 8.53963590e-23
4.88302209e+12 8.98725462e-23
4.64158883e+12 9.44683383e-23
4.41209286e+12 9.94703433e-23
4.19394396e+12 1.04500256e-22
3.98658107e+12 1.10048989e-22
3.78947092e+12 1.15731626e-22
3.60210656e+12 1.21744704e-22
3.42400614e+12 1.28100219e-22
3.25471161e+12 1.34798398e-22
3.09378757e+12 1.41756464e-22
2.94082017e+12 1.49166382e-22
2.79541600e+12 1.56880618e-22
2.65720111e+12 1.65079972e-22
2.52582003e+12 1.73682658e-22
2.40093488e+12 1.82658582e-22
2.28222447e+12 1.92219328e-22
2.16938352e+12 2.02145335e-22
2.06212180e+12 2.12673259e-22
1.96016347e+12 2.23792312e-22
1.86324631e+12 2.35314017e-22
1.77112106e+12 2.47636504e-22
1.68355080e+12 2.60531002e-22
1.60031031e+12 2.74054409e-22
1.52118552e+12 2.88306391e-22
1.44597292e+12 3.03350034e-22
1.37447909e+12 3.19088045e-22
1.30652016e+12 3.35636817e-22
1.24192135e+12 3.53149583e-22
1.18051653e+12 3.71530673e-22
1.12214777e+12 3.90772604e-22
1.06666496e+12 4.11161315e-22
1.01392541e+12 4.32570007e-22
9.63793480e+11 4.55118887e-22
9.16140246e+11 4.78725370e-22
8.70843150e+11 5.03608726e-22
8.27785697e+11 5.29865951e-22
7.86857151e+11 5.57389609e-22
7.47952252e+11 5.86388057e-22
7.10970943e+11 6.16891544e-22
6.75818117e+11 6.48985312e-22
6.42403366e+11 6.82717613e-22
6.10640754e+11 7.18310350e-22
5.80448594e+11 7.55613179e-22
5.51749238e+11 7.94906722e-22
5.24468875e+11 8.36340809e-22
4.98537346e+11 8.79818350e-22
4.73887961e+11 9.25498119e-22
4.50457325e+11 9.73664511e-22
4.28185180e+11 1.02430308e-21
4.07014245e+11 1.07759640e-21
3.86890074e+11 1.13362533e-21
3.67760910e+11 1.19258318e-21
3.49577557e+11 1.25469354e-21
3.32293252e+11 1.31994408e-21
3.15863541e+11 1.38855447e-21
3.00246171e+11 1.46079937e-21
2.85400977e+11 1.53685029e-21
2.71289780e+11 1.61675067e-21
2.57876289e+11 1.70084150e-21
2.45126006e+11 1.78930229e-21
2.33006141e+11 1.88233086e-21
2.21485523e+11 1.98025381e-21
2.10534524e+11 2.08329796e-21
2.00124980e+11 2.19162757e-21
1.90230119e+11 2.30569728e-21
1.80824493e+11 2.42547940e-21
1.71883914e+11 2.55177203e-21
1.63385388e+11 2.68445230e-21
1.55307057e+11 2.82408170e-21
1.47628147e+11 2.97099199e-21
1.40328908e+11 3.12550908e-21
1.33390569e+11 3.28813810e-21
1.26795285e+11 3.45914003e-21
1.20526094e+11 3.63906367e-21
1.14566873e+11 3.82829363e-21
1.08902296e+11 4.02744590e-21
1.03517796e+11 4.23692407e-21
9.83995230e+10 4.45731862e-21
9.35343152e+10 4.68920110e-21
8.89096599e+10 4.93311943e-21
8.45136633e+10 5.18968377e-21
8.03350198e+10 5.45963187e-21
7.63629826e+10 5.74358347e-21
7.25873365e+10 6.04242341e-21
6.89983712e+10 6.35670167e-21
6.55868566e+10 6.68734282e-21
6.23440189e+10 7.03513833e-21
5.92615181e+10 7.40110962e-21
5.63314267e+10 7.78602618e-21
5.35462090e+10 8.19097464e-21
5.08987019e+10 8.61712573e-21
4.83820966e+10 9.06533191e-21
4.59899209e+10 9.53686855e-21
4.37160225e+10 1.00328949e-20
4.15545533e+10 1.05548579e-20
3.94999546e+10 1.11038346e-20
3.75469422e+10 1.16813266e-20
3.56904935e+10 1.22890562e-20
3.39258338e+10 1.29281013e-20
3.22484250e+10 1.36006645e-20
3.06539530e+10 1.43080657e-20
2.91383170e+10 1.50523102e-20
2.76976194e+10 1.58353147e-20
2.63281547e+10 1.66589020e-20
2.50264010e+10 1.75254223e-20
2.37890104e+10 1.84370504e-20
2.26128007e+10 1.93961105e-20
2.14947467e+10 2.04049337e-20
2.04319732e+10 2.14663147e-20
1.94217468e+10 2.25828591e-20
1.84614695e+10 2.37575700e-20
1.75486715e+10 2.49933364e-20
1.66810054e+10 2.62933062e-20
1.58562396e+10 2.76609835e-20
1.50722531e+10 2.90997812e-20
1.43270295e+10 3.06134584e-20
1.36186524e+10 3.22057858e-20
1.29452998e+10 3.38809198e-20
1.23052400e+10 3.56433249e-20
1.16968270e+10 3.74972775e-20
1.11184960e+10 3.94476684e-20
1.05687597e+10 4.14996134e-20
1.00462042e+10 4.36581522e-20
9.54948564e+09 4.59291828e-20
9.07732653e+09 4.83180854e-20
8.62851257e+09 5.08313389e-20
8.20188950e+09 5.34753340e-20
7.79636013e+09 5.62568924e-20
7.41088152e+09 5.91831955e-20
7.04446228e+09 6.22615249e-20
6.69616005e+09 6.55000308e-20
6.36507908e+09 6.89071571e-20
6.05036788e+09 7.24913453e-20
5.75121707e+09 7.62619232e-20
5.46685730e+09 8.02287771e-20
5.19655724e+09 8.44018601e-20
4.93962174e+09 8.87921153e-20
4.69539001e+09 9.34106293e-20
4.46323393e+09 9.82693309e-20
4.24255643e+09 1.03380916e-19
4.03278998e+09 1.08758220e-19
3.83339510e+09 1.14415282e-19
3.64385898e+09 1.20366670e-19
3.46369418e+09 1.26627583e-19
3.29243733e+09 1.33214126e-19
3.12964801e+09 1.40143312e-19
2.97490755e+09 1.47432862e-19
2.82781798e+09 1.55101577e-19
2.68800102e+09 1.63169296e-19
2.55509709e+09 1.71656470e-19
2.42876438e+09 1.80585289e-19
2.30867799e+09 1.89978572e-19
2.19452909e+09 1.99860199e-19
2.08602409e+09 2.10256024e-19
1.98288395e+09 2.21192544e-19
1.88484341e+09 2.32697990e-19
1.79165033e+09 2.44801681e-19
1.70306503e+09 2.57535213e-19
1.61885969e+09 2.70930845e-19
1.53881775e+09 2.85023430e-19
1.46273336e+09 2.99849053e-19
1.39041083e+09 3.15445680e-19
1.32166418e+09 3.31853658e-19
1.25631660e+09 3.49115140e-19
1.19420003e+09 3.67274408e-19
1.13515471e+09 3.86378332e-19
1.07902879e+09 4.06475876e-19
1.02567793e+09 4.27618790e-19
9.74964918e+08 4.49861506e-19
9.26759330e+08 4.73261141e-19
8.80937190e+08 4.97877926e-19
8.37380654e+08 5.23775203e-19
7.95977700e+08 5.51019379e-19
7.56621850e+08 5.79680890e-19
7.19211887e+08 6.09833017e-19
6.83651600e+08 6.41553611e-19
6.49849535e+08 6.74924324e-19
6.17718760e+08 7.10030684e-19
5.87176639e+08 7.46962934e-19
5.58144625e+08 7.85816374e-19
5.30548053e+08 8.26690768e-19
5.04315949e+08 8.69691252e-19
4.79380850e+08 9.14928413e-19
4.55678627e+08 9.62518657e-19
4.33148322e+08 1.01258425e-18
4.11731993e+08 1.06525405e-18
3.91374560e+08 1.12066347e-18
3.72023668e+08 1.17895499e-18
3.53629550e+08 1.24027865e-18
3.36144900e+08 1.30479191e-18
3.19524751e+08 1.37266101e-18
3.03726358e+08 1.44406027e-18
2.88709092e+08 1.51917348e-18
2.74434330e+08 1.59819351e-18
2.60865362e+08 1.68132392e-18
2.47967289e+08 1.76877833e-18
2.35706941e+08 1.86078178e-18
2.24052787e+08 1.95757078e-18
2.12974854e+08 2.05939422e-18
2.02444651e+08 2.16651414e-18
1.92435098e+08 2.27920580e-18
1.82920450e+08 2.39775917e-18
1.73876240e+08 2.52247911e-18
1.65279206e+08 2.65368630e-18
1.57107239e+08 2.79171853e-18
1.49339322e+08 2.93693030e-18
1.41955477e+08 3.08969544e-18
1.34936714e+08 3.25040648e-18
1.28264983e+08 3.41947721e-18
1.21923125e+08 3.59734209e-18
1.15894830e+08 3.78445855e-18
1.10164595e+08 3.98130794e-18
1.04717682e+08 4.18839668e-18
9.95400829e+07 4.40625706e-18
9.46184819e+07 4.63544940e-18
8.99402217e+07 4.87656328e-18
8.54932707e+07 5.13021875e-18
8.12661920e+07 5.39706828e-18
7.72481145e+07 5.67779797e-18
7.34287045e+07 5.97312993e-18
6.97981391e+07 6.28382356e-18
6.63470812e+07 6.61067800e-18
6.30666554e+07 6.95453382e-18
5.99484250e+07 7.31627535e-18
5.69843706e+07 7.69683304e-18
5.41668691e+07 8.09718552e-18
5.14886745e+07 8.51836240e-18
4.89428990e+07 8.96144688e-18
4.65229952e+07 9.42757842e-18
4.42227398e+07 9.91795604e-18
4.20362168e+07 1.04338407e-17
3.99578030e+07 1.09765592e-17
3.79821531e+07 1.15475073e-17
3.61041860e+07 1.21481535e-17
3.43190720e+07 1.27800424e-17
3.26222201e+07 1.34447988e-17
3.10092664e+07 1.41441331e-17
2.94760626e+07 1.48798432e-17
2.80186656e+07 1.56538216e-17
2.66333273e+07 1.64680586e-17
2.53164848e+07 1.73246482e-17
2.40647515e+07 1.82257935e-17
2.28749082e+07 1.91738121e-17
2.17438948e+07 2.01711422e-17
2.06688025e+07 2.12203486e-17
1.96468665e+07 2.23241297e-17
1.86754584e+07 2.34853240e-17
1.77520801e+07 2.47069185e-17
1.68743568e+07 2.59920541e-17
1.60400311e+07 2.73440366e-17
1.52469573e+07 2.87663427e-17
1.44930957e+07 3.02626303e-17
1.37765077e+07 3.18367477e-17
1.30953502e+07 3.34927431e-17
1.24478715e+07 3.52348754e-17
1.18324063e+07 3.70676252e-17
1.12473718e+07 3.89957060e-17
1.06912634e+07 4.10240761e-17
1.01626509e+07 4.31579525e-17
9.66017480e+06 4.54028229e-17
9.18254284e+06 4.77644609e-17
8.72852662e+06 5.02489397e-17
8.29695852e+06 5.28626494e-17
7.88672862e+06 5.56123118e-17
7.49678187e+06 5.85049985e-17
7.12611543e+06 6.15481489e-17
6.77377600e+06 6.47495896e-17
6.43885743e+06 6.81175538e-17
6.12049837e+06 7.16607035e-17
5.81788007e+06 7.53881508e-17
5.53022426e+06 7.93094822e-17
5.25679112e+06 8.34347827e-17
4.99687745e+06 8.77746615e-17
4.74981480e+06 9.23402800e-17
4.51496777e+06 9.71433803e-17
4.29173238e+06 1.02196315e-16
4.07953450e+06 1.07512079e-16
3.87782841e+06 1.13104344e-16
3.68609536e+06 1.18987492e-16
3.50384225e+06 1.25176653e-16
3.33060034e+06 1.31687745e-16
3.16592411e+06 1.38537513e-16
3.00939003e+06 1.45743573e-16
2.86059554e+06 1.53324458e-16
2.71915794e+06 1.61299664e-16
2.58471351e+06 1.69689703e-16
2.45691646e+06 1.78516152e-16
2.33543814e+06 1.87801710e-16
2.21996612e+06 1.97570259e-16
2.11020343e+06 2.07846921e-16
2.00586778e+06 2.18658127e-16
1.90669084e+06 2.30031680e-16
1.81241755e+06 2.41996831e-16
1.72280545e+06 2.54584353e-16
1.63762407e+06 2.67826617e-16
1.55665436e+06 2.81757681e-16
1.47968806e+06 2.96413374e-16
1.40652724e+06 3.11831385e-16
1.33698374e+06 3.28051369e-16
1.27087871e+06 3.45115039e-16
1.20804213e+06 3.63066280e-16
1.14831241e+06 3.81951259e-16
1.09153594e+06 4.01818546e-16
1.03756668e+06 4.22719235e-16
9.86265846e+05 4.44707080e-16
9.37501502e+05 4.67838627e-16
8.91148232e+05 4.92173369e-16
8.47086827e+05 5.17773889e-16
8.05203967e+05 5.44706027e-16
7.65391939e+05 5.73039048e-16
7.27548353e+05 6.02845819e-16
6.91575883e+05 6.34202998e-16
6.57382014e+05 6.67191230e-16
6.24878807e+05 7.01895355e-16
5.93982669e+05 7.38404625e-16
5.64614142e+05 7.76812936e-16
5.36697695e+05 8.17219067e-16
5.10161531e+05 8.59726936e-16
4.84937407e+05 9.04445866e-16
4.60960449e+05 9.51490865e-16
4.38168993e+05 1.00098293e-15
4.16504425e+05 1.05304933e-15
3.95911027e+05 1.10782399e-15
3.76335836e+05 1.16544777e-15
3.57728510e+05 1.22606888e-15
3.40041193e+05 1.28984321e-15
3.23228398e+05 1.35693479e-15
3.07246884e+05 1.42751616e-15
2.92055551e+05 1.50176885e-15
2.77615329e+05 1.57988382e-15
2.63889081e+05 1.66206198e-15
2.50841506e+05 1.74851467e-15
2.38439047e+05 1.83946423e-15
2.26649808e+05 1.93514457e-15
2.15443469e+05 2.03580177e-15
2.04791210e+05 2.14169470e-15
1.94665634e+05 2.25309570e-15
1.85040702e+05 2.37029128e-15
1.75891659e+05 2.49358284e-15
1.67194976e+05 2.62328748e-15
1.58928287e+05 2.75973878e-15
1.51070330e+05 2.90328766e-15
1.43600898e+05 3.05430332e-15
1.36500781e+05 3.21317415e-15
1.29751717e+05 3.38030875e-15
1.23336350e+05 3.55613695e-15
1.17238180e+05 3.74111097e-15
1.11441525e+05 3.93570654e-15
1.05931476e+05 4.14042414e-15
1.00693863e+05 4.35579026e-15
9.57152154e+04 4.58235882e-15
9.09827289e+04 4.82071251e-15
8.64842328e+04 5.07146436e-15
8.22081576e+04 5.33525928e-15
7.81435061e+04 5.61277572e-15
7.42798248e+04 5.90472742e-15
7.06071771e+04 6.21186527e-15
6.71161177e+04 6.53497919e-15
6.37976681e+04 6.87490020e-15
6.06432940e+04 7.23250256e-15
5.76448828e+04 7.60870600e-15
5.47947234e+04 8.00447809e-15
5.20854855e+04 8.42083674e-15
4.95102016e+04 8.85885279e-15
4.70622485e+04 9.31965281e-15
4.47353305e+04 9.80442197e-15
4.25234633e+04 1.03144071e-14
4.04209584e+04 1.08509198e-14
3.84224085e+04 1.14153401e-14
3.65226736e+04 1.20091196e-14
3.47168682e+04 1.26337855e-14
3.30003479e+04 1.32909445e-14
3.13686982e+04 1.39822868e-14
2.98177229e+04 1.47095906e-14
2.83434331e+04 1.54747266e-14
2.69420371e+04 1.62796627e-14
2.56099310e+04 1.71264694e-14
2.43436887e+04 1.80173246e-14
2.31400538e+04 1.89545198e-14
2.19959307e+04 1.99404656e-14
2.09083769e+04 2.09776979e-14
1.98745955e+04 2.20688848e-14
1.88919278e+04 2.32168328e-14
1.79578465e+04 2.44244949e-14
1.70699493e+04 2.56949773e-14
1.62259529e+04 2.70315482e-14
1.54236865e+04 2.84376454e-14
1.46610868e+04 2.99168859e-14
1.39361927e+04 3.14730748e-14
1.32471399e+04 3.31102151e-14
1.25921561e+04 3.48325182e-14
1.19695570e+04 3.66444146e-14
1.13777413e+04 3.85505651e-14
1.08151870e+04 4.05558735e-14
1.02804473e+04 4.26654982e-14
9.77214697e+03 4.48848664e-14
9.28897872e+03 4.72196876e-14
8.82969996e+03 4.96759684e-14
8.39312950e+03 5.22600280e-14
7.97814457e+03 5.49785144e-14
7.58367791e+03 5.78384216e-14
7.20871503e+03 6.08471075e-14
6.85229160e+03 6.40123131e-14
6.51349095e+03 6.73421822e-14
6.19144176e+03 7.08452823e-14
5.88531578e+03 7.45306270e-14
5.59432571e+03 7.84076991e-14
5.31772318e+03 8.24864749e-14
5.05479682e+03 8.67774499e-14
4.80487044e+03 9.12916662e-14
4.56730127e+03 9.60407404e-14
4.34147833e+03 1.01036894e-13
4.12682085e+03 1.06292985e-13
3.92277676e+03 1.11822541e-13
3.72882131e+03 1.17639793e-13
3.54445567e+03 1.23759714e-13
3.36920571e+03 1.30198056e-13
3.20262069e+03 1.36971392e-13
3.04427221e+03 1.44097157e-13
2.89375302e+03 1.51593696e-13
2.75067601e+03 1.59480307e-13
2.61467321e+03 1.67777295e-13
2.48539486e+03 1.76506022e-13
2.36250847e+03 1.85688964e-13
2.24569800e+03 1.95349767e-13
2.13466303e+03 2.05513309e-13
2.02911802e+03 2.16205765e-13
1.92879151e+03 2.27454673e-13
1.83342548e+03 2.39289009e-13
1.74277468e+03 2.51739256e-13
1.65660596e+03 2.64837490e-13
1.57469771e+03 2.78617455e-13
1.49683929e+03 2.93114659e-13
1.42283046e+03 3.08366459e-13
1.35248087e+03 3.24412161e-13
1.28560961e+03 3.41293123e-13
1.22204469e+03 3.59052860e-13
1.16162263e+03 3.77737157e-13
1.10418805e+03 3.97394190e-13
1.04959323e+03 4.18074650e-13
9.97697764e+02 4.39831875e-13
9.48368187e+02 4.62721987e-13
9.01477631e+02 4.86804041e-13
8.56905505e+02 5.12140178e-13
8.14537177e+02 5.38795786e-13
7.74263683e+02 5.66839670e-13
7.35981448e+02 5.96344236e-13
6.99592017e+02 6.27385674e-13
6.65001803e+02 6.60044161e-13
6.32121848e+02 6.94404072e-13
6.00867589e+02 7.30554198e-13
5.71158648e+02 7.68587981e-13
5.42918618e+02 8.08603757e-13
5.16074871e+02 8.50705020e-13
4.90558371e+02 8.95000687e-13
4.66303493e+02 9.41605392e-13
4.43247859e+02 9.90639784e-13
4.21332174e+02 1.04223085e-12
4.00500076e+02 1.09651224e-12
3.80697987e+02 1.15362465e-12
3.61874981e+02 1.21371615e-12
3.43982649e+02 1.27694262e-12
3.26974974e+02 1.34346816e-12
3.10808217e+02 1.41346550e-12
2.95440800e+02 1.48711650e-12
2.80833200e+02 1.56461259e-12
2.66947849e+02 1.64615534e-12
2.53749038e+02 1.73195699e-12
2.41202821e+02 1.82224099e-12
2.29276931e+02 1.91724265e-12
2.17940698e+02 2.01720974e-12
2.07164968e+02 2.12240322e-12
1.96922026e+02 2.23309789e-12
1.87185529e+02 2.34958323e-12
1.77930439e+02 2.47216411e-12
1.69132952e+02 2.60116172e-12
1.60770442e+02 2.73691439e-12
1.52821404e+02 2.87977860e-12
1.45265393e+02 3.03012997e-12
1.38082977e+02 3.18836431e-12
1.31255684e+02 3.35489875e-12
1.24765955e+02 3.53017296e-12
1.18597101e+02 3.71465042e-12
1.12733256e+02 3.90881974e-12
1.07159340e+02 4.11319613e-12
1.01861017e+02 4.32832291e-12
9.68246612e+01 4.55477312e-12
9.20373200e+01 4.79315130e-12
8.74866812e+01 5.04409526e-12
8.31610415e+01 5.30827810e-12
7.90492762e+01 5.58641027e-12
7.51408106e+01 5.87924186e-12
7.14255929e+01 6.18756491e-12
6.78940681e+01 6.51221606e-12
6.45371540e+01 6.85407923e-12
6.13462172e+01 7.21408862e-12
5.83130511e+01 7.59323180e-12
5.54298552e+01 7.99255318e-12
5.26892142e+01 8.41315762e-12
5.00840799e+01 8.85621440e-12
4.76077523e+01 9.32296146e-12
4.52538628e+01 9.81470999e-12
4.30163576e+01 1.03328494e-11
4.08894823e+01 1.08788528e-11
3.88677669e+01 1.14542826e-11
3.69460121e+01 1.20607973e-11
3.51192753e+01 1.27001579e-11
3.33828586e+01 1.33742358e-11
3.17322963e+01 1.40850211e-11
3.01633435e+01 1.48346313e-11
2.86719650e+01 1.55964581e-11
2.72543253e+01 1.64259791e-11
2.59067786e+01 1.73008012e-11
2.46258592e+01 1.82235426e-11
2.34082728e+01 1.91969908e-11
2.22508880e+01 2.02241150e-11
2.11507282e+01 2.13080812e-11
2.01049642e+01 2.24522674e-11
1.91109062e+01 2.36602810e-11
1.81659979e+01 2.49359773e-11
1.72678090e+01 2.62834813e-11
1.64140297e+01 2.77072095e-11
1.56024641e+01 2.92118962e-11
1.48310251e+01 3.08031887e-11
1.40977287e+01 3.24839260e-11
1.34006890e+01 3.42618580e-11
1.27381132e+01 3.61437457e-11
1.21082975e+01 3.81368428e-11
1.15096220e+01 4.02472271e-11
1.09405471e+01 4.24834983e-11
1.03996091e+01 4.48540762e-11
9.88541702e+00 4.73680890e-11
9.39664831e+00 5.00356547e-11
8.93204600e+00 5.28676491e-11
8.49041520e+00 5.58759515e-11
8.07062014e+00 5.90734663e-11
7.67158118e+00 6.24742608e-11
7.29227206e+00 6.60936904e-11
6.93171728e+00 6.99485212e-11
6.58898955e+00 7.40570943e-11
6.26320745e+00 7.84394899e-11
5.95353313e+00 8.31177208e-11
5.65917016e+00 8.81159419e-11
5.37936150e+00 9.34606879e-11
5.11338754e+00 9.91811350e-11
4.86056423e+00 1.05309394e-10
4.62024137e+00 1.11880838e-10
4.39180089e+00 1.18934462e-10
4.17465529e+00 1.26513288e-10
3.96824610e+00 1.34664812e-10
3.77204249e+00 1.43441502e-10
3.58553986e+00 1.52901353e-10
3.40825855e+00 1.63108492e-10
3.23974263e+00 1.74133864e-10
3.07955871e+00 1.86055977e-10
2.92729484e+00 1.98961738e-10
2.78255940e+00 2.12947368e-10
2.64498018e+00 2.28119415e-10
2.51420335e+00 2.44595876e-10
2.38989257e+00 2.62507430e-10
2.27172813e+00 2.81998796e-10
2.15940615e+00 3.02988275e-10
2.05263775e+00 3.26095379e-10
1.95114835e+00 3.51313234e-10
1.85467692e+00 3.78859373e-10
1.76297538e+00 4.09402093e-10
1.67580786e+00 4.42400972e-10
1.59295021e+00 4.78536871e-10
1.51418933e+00 5.18129804e-10
1.43932264e+00 5.61538849e-10
1.36815763e+00 6.09160467e-10
1.30051125e+00 6.61432153e-10
1.23620954e+00 7.18836389e-10
1.17508713e+00 7.81904927e-10
1.11698682e+00 8.51223405e-10
1.06175918e+00 9.27436314e-10
1.00926219e+00 1.01125232e-09
9.59360829e-01 1.10344997e-09
9.11926760e-01 1.20488373e-09
8.66837993e-01 1.31649633e-09
8.23978568e-01 1.43930289e-09
7.83238260e-01 1.57443062e-09
7.44512291e-01 1.72310506e-09
7.07701066e-01 1.88666276e-09
6.72709914e-01 2.06655889e-09
6.39448843e-01 2.26437490e-09
6.07832313e-01 2.48182608e-09
5.77779012e-01 2.72076877e-09
5.49211648e-01 2.98320710e-09
5.22056753e-01 3.27129899e-09
4.96244488e-01 3.58736105e-09
4.71708469e-01 3.93387211e-09
4.48385595e-01 4.31347493e-09
4.26215883e-01 4.72897567e-09
4.05142317e-01 5.18334047e-09
3.85110700e-01 5.67968881e-09
3.66069515e-01 6.22128278e-09
3.47969790e-01 6.81151173e-09
3.30764978e-01 7.45387167e-09
3.14410830e-01 8.15193855e-09
2.98865287e-01 8.90933497e-09
2.84088369e-01 9.72968947e-09
2.70042072e-01 1.06165880e-08
2.56690272e-01 1.15735172e-08
2.43998630e-01 1.26037987e-08
2.31934506e-01 1.37105141e-08
2.20466874e-01 1.48964215e-08
2.09566240e-01 1.61638609e-08
1.99204571e-01 1.75146491e-08
1.89355218e-01 1.89499620e-08
1.79992851e-01 2.04702017e-08
1.71093391e-01 2.20748446e-08
1.62633950e-01 2.37622656e-08
1.54592774e-01 2.55295331e-08
1.46949180e-01 2.73721701e-08
1.39683512e-01 2.92838758e-08
1.32777083e-01 3.12562127e-08
1.26212131e-01 3.32782626e-08
1.19971774e-01 3.53362728e-08
1.14039960e-01 3.74133212e-08
1.08401436e-01 3.94890447e-08
1.03041699e-01 4.15394829e-08
9.79469667e-02 4.35371282e-08
9.31041349e-02 4.54511869e-08
8.85007491e-02 4.72481877e-08
8.41249705e-02 4.88929121e-08
7.99655453e-02 5.03496642e-08
7.60117762e-02 5.15838254e-08
7.22534949e-02 5.25635889e-08
6.86810359e-02 5.32617288e-08
6.52852114e-02 5.36572279e-08
6.20572881e-02 5.37365919e-08
5.89889643e-02 5.34947033e-08
5.60723488e-02 5.29351263e-08
5.32999408e-02 5.20698422e-08
5.06646101e-02 5.09188581e-08
4.81595791e-02 4.95159900e-08
4.57784054e-02 4.78891986e-08
4.35149650e-02 4.60687251e-08
4.13634368e-02 4.40389750e-08
3.93182876e-02 4.19239979e-08
3.73742574e-02 3.97231807e-08
3.55263468e-02 3.74702239e-08
3.37698031e-02 3.51975334e-08
3.21001090e-02 3.29329089e-08
3.05129702e-02 3.07012140e-08
2.90043049e-02 2.76096250e-08
2.75702333e-02 2.56598037e-08
2.62070670e-02 2.37919125e-08
2.49113003e-02 2.24739744e-08
2.36796007e-02 2.06539869e-08
2.25088005e-02 1.89424481e-08
2.13958887e-02 1.73415328e-08
2.03380031e-02 1.58512962e-08
1.93324229e-02 1.44700343e-08
1.83765620e-02 1.31946317e-08
1.74679622e-02 1.20208874e-08
1.66042866e-02 1.09438087e-08
1.57833141e-02 9.95787120e-09
1.50029332e-02 9.05723954e-09
1.42611371e-02 8.23595100e-09
1.35560179e-02 7.48806279e-09
1.28857621e-02 6.80776618e-09
1.22486461e-02 6.18947119e-09
1.16430313e-02 5.62786613e-09
1.10673602e-02 5.11795591e-09
1.05201522e-02 4.65508365e-09
1.00000000e-02 4.23693891e-09
