1.00000000e+20 0.00000000e+00
9.50556592e+19 0.00000000e+00
9.03557835e+19 0.00000000e+00
8.58882856e+19 0.00000000e+00
8.16416760e+19 0.00000000e+00
7.76050334e+19 0.00000000e+00
7.37679760e+19 0.00000000e+00
7.01206359e+19 0.00000000e+00
6.66536327e+19 0.00000000e+00
6.33580499e+19 0.00000000e+00
6.02254120e+19 0.00000000e+00
5.72476624e+19 0.00000000e+00
5.44171429e+19 0.00000000e+00
5.17265739e+19 0.00000000e+00
4.91690358e+19 0.00000000e+00
4.67379511e+19 0.00000000e+00
4.44270675e+19 0.00000000e+00
4.22304419e+19 0.00000000e+00
4.01424249e+19 0.00000000e+00
3.81576466e+19 0.00000000e+00
3.62710025e+19 0.00000000e+00
3.44776405e+19 0.00000000e+00
3.27729485e+19 0.00000000e+00
3.11525422e+19 0.00000000e+00
2.96122544e+19 0.00000000e+00
2.81481236e+19 0.00000000e+00
2.67563844e+19 0.00000000e+00
2.54334576e+19 0.00000000e+00
2.41759408e+19 0.00000000e+00
2.29805999e+19 0.00000000e+00
2.18443607e+19 0.00000000e+00
2.07643011e+19 0.00000000e+00
1.97376433e+19 0.00000000e+00
1.87617469e+19 0.00000000e+00
1.78341022e+19 0.00000000e+00
1.69523234e+19 0.00000000e+00
1.61141428e+19 0.00000000e+00
1.53174046e+19 0.00000000e+00
1.45600600e+19 0.00000000e+00
1.38401610e+19 0.00000000e+00
1.31558562e+19 0.00000000e+00
1.25053859e+19 0.00000000e+00
1.18870770e+19 0.00000000e+00
1.12993394e+19 0.00000000e+00
1.07406615e+19 0.00000000e+00
1.02096066e+19 0.00000000e+00
9.70480888e+18 0.00000000e+00
9.22497005e+18 0.00000000e+00
8.76885609e+18 0.00000000e+00
8.33529397e+18 0.00000000e+00
7.92316862e+18 0.00000000e+00
7.53142017e+18 0.00000000e+00
7.15904109e+18 0.00000000e+00
6.80507370e+18 0.00000000e+00
6.46860766e+18 0.00000000e+00
6.14877765e+18 0.00000000e+00
5.84476113e+18 0.00000000e+00
5.55577622e+18 0.00000000e+00
5.28107971e+18 0.00000000e+00
5.01996513e+18 0.00000000e+00
4.77176095e+18 0.00000000e+00
4.53582883e+18 0.00000000e+00
4.31156199e+18 0.00000000e+00
4.09838367e+18 0.00000000e+00
3.89574562e+18 0.00000000e+00
3.70312668e+18 0.00000000e+00
3.52003147e+18 0.00000000e+00
3.34598912e+18 0.00000000e+00
3.18055202e+18 0.00000000e+00
3.02329468e+18 0.00000000e+00
2.87381269e+18 0.00000000e+00
2.73172160e+18 0.00000000e+00
2.59665597e+18 0.00000000e+00
2.46826845e+18 0.00000000e+00
2.34622885e+18 0.00000000e+00
2.23022330e+18 0.00000000e+00
2.11995346e+18 0.00000000e+00
2.01513573e+18 0.00000000e+00
1.91550056e+18 0.00000000e+00
1.82079168e+18 0.00000000e+00
1.73076553e+18 0.00000000e+00
1.64519059e+18 0.00000000e+00
1.56384676e+18 0.00000000e+00
1.48652484e+18 0.00000000e+00
1.41302599e+18 0.00000000e+00
1.34316117e+18 0.00000000e+00
1.27675070e+18 0.00000000e+00
1.21362380e+18 0.00000000e+00
1.15361810e+18 0.00000000e+00
1.09657929e+18 0.00000000e+00
1.04236067e+18 0.00000000e+00
9.90822810e+17 0.00000000e+00
9.41833153e+17 0.00000000e+00
8.95265713e+17 0.00000000e+00
8.51000725e+17 0.00000000e+00
8.08924349e+17 0.00000000e+00
7.68928372e+17 0.00000000e+00
7.30909933e+17 0.00000000e+00
6.94771255e+17 0.00000000e+00
6.60419396e+17 0.00000000e+00
6.27766011e+17 0.00000000e+00
5.96727120e+17 0.00000000e+00
5.67222897e+17 0.00000000e+00
5.39177464e+17 0.00000000e+00
5.12518693e+17 0.00000000e+00
4.87178022e+17 0.00000000e+00
4.63090280e+17 0.00000000e+00
4.40193519e+17 0.00000000e+00
4.18428851e+17 0.00000000e+00
3.97740302e+17 0.00000000e+00
3.78074666e+17 4.54397814e-59
3.59381366e+17 4.28991680e-57
3.41612327e+17 1.74600948e-55
3.24721849e+17 5.45973114e-54
3.08666494e+17 1.48523463e-52
2.93404971e+17 3.56481548e-51
2.78898029e+17 7.10516913e-50
2.65108360e+17 1.32376438e-48
2.52000499e+17 1.87563310e-47
2.39540736e+17 2.54094403e-46
2.27697026e+17 3.01800734e-45
2.16438909e+17 3.14284866e-44
2.05737431e+17 3.12922404e-43
1.95565072e+17 2.36946761e-42
1.85895668e+17 1.67711891e-41
1.76704353e+17 1.21698020e-40
1.67967487e+17 6.95561045e-40
1.59662602e+17 3.87093026e-39
1.51768339e+17 2.12258212e-38
1.44264395e+17 9.56697472e-38
1.37131472e+17 4.12250863e-37
1.30351224e+17 1.56512647e-36
1.23906216e+17 6.16550858e-36
1.17779870e+17 2.15955973e-35
1.11956432e+17 7.13975138e-35
1.06420924e+17 2.09883260e-34
1.01159111e+17 6.40182976e-34
9.61574600e+16 1.72040762e-33
9.14031075e+16 4.42013379e-33
8.68838264e+16 1.18475378e-32
8.25879939e+16 2.74406981e-32
7.85045620e+16 6.44172911e-32
7.46230289e+16 1.33761544e-31
7.09334120e+16 3.09812066e-31
6.74262224e+16 5.63432323e-31
6.40924402e+16 1.18988992e-30
6.09234915e+16 2.17079521e-30
5.79112265e+16 4.06342352e-30
5.50478981e+16 8.00567196e-30
5.23261424e+16 1.30978179e-29
4.97389596e+16 2.00308331e-29
4.72796959e+16 3.29479162e-29
4.49420266e+16 5.38374477e-29
4.27199397e+16 8.59169695e-29
4.06077203e+16 1.40565952e-28
3.85999362e+16 1.73938923e-28
3.66914238e+16 2.50023756e-28
3.48772747e+16 3.92783383e-28
3.31528234e+16 5.63320088e-28
3.15136348e+16 6.96444611e-28
2.99554933e+16 8.76476950e-28
2.84743917e+16 1.43398933e-27
2.70665207e+16 1.77447318e-27
2.57282597e+16 2.13815535e-27
2.44561668e+16 2.83644009e-27
2.32469706e+16 3.42923704e-27
2.20975611e+16 4.53938405e-27
2.10049824e+16 5.46357773e-27
1.99664245e+16 6.75613000e-27
1.89792164e+16 8.50539970e-27
1.80408193e+16 8.29246909e-27
1.71488197e+16 1.05093143e-26
1.63009236e+16 1.32454386e-26
1.54949504e+16 1.63934635e-26
1.47288272e+16 1.60165831e-26
1.40005838e+16 1.93033183e-26
1.33083472e+16 2.24932436e-26
1.26503372e+16 2.50729637e-26
1.20248614e+16 2.65462889e-26
1.14303113e+16 2.97777315e-26
1.08651577e+16 3.31215702e-26
1.03279473e+16 3.87347506e-26
9.81729841e+15 3.80462517e-26
9.33189772e+15 4.58689092e-26
8.87049689e+15 4.51250284e-26
8.43190929e+15 4.48746045e-26
8.01500696e+15 5.54320315e-26
7.61871770e+15 5.50695898e-26
7.24202233e+15 5.45277766e-26
6.88395207e+15 6.84063493e-26
6.54358602e+15 6.83650497e-26
6.22004883e+15 6.90119531e-26
5.91250841e+15 8.74574931e-26
5.62017385e+15 8.56873051e-26
5.34229330e+15 8.70908141e-26
5.07815211e+15 8.94587582e-26
4.82707097e+15 8.79911847e-26
4.58840413e+15 1.10124095e-25
4.36153779e+15 1.12163384e-25
4.14588850e+15 1.13991167e-25
3.94090164e+15 1.16771171e-25
3.74605003e+15 1.19166354e-25
3.56083255e+15 1.23746313e-25
3.38477286e+15 1.47875044e-25
3.21741815e+15 1.48577483e-25
3.05833803e+15 1.59619520e-25
2.90712338e+15 1.58762822e-25
2.76338529e+15 1.71230170e-25
2.62675410e+15 1.74374998e-25
2.49687843e+15 1.77824012e-25
2.37342425e+15 2.17199298e-25
2.25607407e+15 2.17317846e-25
2.14452608e+15 2.02747686e-25
2.03849340e+15 1.98230720e-25
1.93770334e+15 1.93288499e-25
1.84189668e+15 2.63679447e-25
1.75082703e+15 2.64902813e-25
1.66426018e+15 2.83356699e-25
1.58197348e+15 2.91896361e-25
1.50375532e+15 3.26319174e-25
1.42940453e+15 4.03659055e-25
1.35872990e+15 3.94130904e-25
1.29154967e+15 3.92273745e-25
1.22769105e+15 3.83010585e-25
1.16698982e+15 4.35023313e-25
1.10928986e+15 4.52024146e-25
1.05444279e+15 4.53700532e-25
1.00230755e+15 4.88774679e-25
9.52750047e+14 4.92114975e-25
9.05642838e+14 5.41632941e-25
8.60864770e+14 6.06537125e-25
8.18300682e+14 5.87947335e-25
7.77841107e+14 6.45488053e-25
7.39381992e+14 6.65515510e-25
7.02824426e+14 7.04109169e-25
6.68074392e+14 7.90837643e-25
6.35042517e+14 7.71631711e-25
6.03643851e+14 8.32221443e-25
5.73797641e+14 8.43963216e-25
5.45427131e+14 8.84527169e-25
5.18459354e+14 9.49218620e-25
4.92824957e+14 1.04593363e-24
4.68458012e+14 1.08052578e-24
4.45295851e+14 1.11237966e-24
4.23278907e+14 1.17668625e-24
4.02350555e+14 1.24562383e-24
3.82456972e+14 1.27454691e-24
3.63546996e+14 1.37135991e-24
3.45571994e+14 1.44450566e-24
3.28485737e+14 1.48063824e-24
3.12244282e+14 1.63793341e-24
2.96805861e+14 1.66613548e-24
2.82130768e+14 1.69640632e-24
2.68181261e+14 1.85587804e-24
2.54921465e+14 1.89071397e-24
2.42317279e+14 2.05642856e-24
2.30336287e+14 2.15151446e-24
2.18947676e+14 2.26801922e-24
2.08122157e+14 2.39733080e-24
1.97831888e+14 2.48514073e-24
1.88050406e+14 2.64617449e-24
1.78752553e+14 2.79422616e-24
1.69914417e+14 2.90128407e-24
1.61513269e+14 3.10334795e-24
1.53527503e+14 3.26289292e-24
1.45936580e+14 3.39882156e-24
1.38720978e+14 3.65155893e-24
1.31862140e+14 3.70935402e-24
1.25342427e+14 3.91166479e-24
1.19145070e+14 4.08757960e-24
1.13254132e+14 4.36857980e-24
1.07654461e+14 4.67554250e-24
1.02331658e+14 4.88297243e-24
9.72720319e+13 5.07066805e-24
9.24625712e+13 5.33656567e-24
8.78909065e+13 5.72001368e-24
8.35452806e+13 5.97129351e-24
7.94145172e+13 6.30015242e-24
7.54879928e+13 6.59631344e-24
7.17556092e+13 6.94498439e-24
6.82077673e+13 7.33395197e-24
6.48353429e+13 7.75199718e-24
6.16296626e+13 8.06480228e-24
5.85824820e+13 8.53561981e-24
5.56859644e+13 8.93219425e-24
5.29326606e+13 9.43318338e-24
5.03154895e+13 9.84060873e-24
4.78277202e+13 1.04205081e-23
4.54629547e+13 1.10228927e-23
4.32151113e+13 1.15108650e-23
4.10784089e+13 1.20487679e-23
3.90473524e+13 1.27530219e-23
3.71167182e+13 1.34505840e-23
3.52815412e+13 1.41407974e-23
3.35371015e+13 1.49000591e-23
3.18789129e+13 1.55887947e-23
3.03027108e+13 1.63695821e-23
2.88044415e+13 1.73484174e-23
2.73802518e+13 1.81991781e-23
2.60264788e+13 1.92062630e-23
2.47396410e+13 2.00778681e-23
2.35164288e+13 2.12296383e-23
2.23536965e+13 2.23006327e-23
2.12484535e+13 2.34585762e-23
2.01978576e+13 2.47016429e-23
1.91992067e+13 2.59994420e-23
1.82499324e+13 2.72055271e-23
1.73475936e+13 2.86960901e-23
1.64898694e+13 3.02478877e-23
1.56745541e+13 3.17062878e-23
1.48995507e+13 3.33718502e-23
1.41628662e+13 3.51671796e-23
1.34626058e+13 3.69889236e-23
1.27969687e+13 3.89263890e-23
1.21642429e+13 4.09350480e-23
1.15628013e+13 4.30899438e-23
1.09910970e+13 4.52442797e-23
1.04476597e+13 4.76982842e-23
9.93109181e+12 5.01309181e-23
9.44006479e+12 5.27801831e-23
8.97331581e+12 5.54938769e-23
8.52964450e+12 5.83444554e-23
8.10790981e+12 6.13677707e-23
7.70702711e+12 6.46521072e-23
7.32596543e+12 6.79609146e-23
6.96374473e+12 7.15372391e-23
6.61943346e+12 7.53305354e-23
6.29214611e+12 7.91737010e-23
5.98104096e+12 8.32952979e-23
5.68531791e+12 8.75954531e-23
5.40421642e+12 9.21468594e-23
5.13701354e+12 9.69863081e-23
4.88302209e+12 1.02070001e-22
4.64158883e+12 1.07289532e-22
4.41209286e+12 1.12970406e-22
4.19394396e+12 1.18682977e-22
3.98658107e+12 1.24984780e-22
3.78947092e+12 1.31438662e-22
3.60210656e+12 1.38267831e-22
3.42400614e+12 1.45485914e-22
3.25471161e+12 1.53093166e-22
3.09378757e+12 1.60995578e-22
2.94082017e+12 1.69411165e-22
2.79541600e+12 1.78172373e-22
2.65720111e+12 1.87484539e-22
2.52582003e+12 1.97254777e-22
2.40093488e+12 2.07448909e-22
2.28222447e+12 2.18307235e-22
2.16938352e+12 2.29580394e-22
2.06212180e+12 2.41537163e-22
1.96016347e+12 2.54165288e-22
1.86324631e+12 2.67250712e-22
1.77112106e+12 2.81245601e-22
1.68355080e+12 2.95890134e-22
1.60031031e+12 3.11248930e-22
1.52118552e+12 3.27435184e-22
1.44597292e+12 3.44520542e-22
1.37447909e+12 3.62394507e-22
1.30652016e+12 3.81189270e-22
1.24192135e+12 4.01078860e-22
1.18051653e+12 4.21954622e-22
1.12214777e+12 4.43808057e-22
1.06666496e+12 4.66963914e-22
1.01392541e+12 4.91278182e-22
9.63793480e+11 5.16887384e-22
9.16140246e+11 5.43697727e-22
8.70843150e+11 5.71958239e-22
8.27785697e+11 6.01779081e-22
7.86857151e+11 6.33038235e-22
7.47952252e+11 6.65972338e-22
7.10970943e+11 7.00615742e-22
6.75818117e+11 7.37065259e-22
6.42403366e+11 7.75375690e-22
6.10640754e+11 8.15799055e-22
5.80448594e+11 8.58164604e-22
5.51749238e+11 9.02791046e-22
5.24468875e+11 9.49848546e-22
4.98537346e+11 9.99226836e-22
4.73887961e+11 1.05110624e-21
4.50457325e+11 1.10580975e-21
4.28185180e+11 1.16332095e-21
4.07014245e+11 1.22384722e-21
3.86890074e+11 1.28748037e-21
3.67760910e+11 1.35443995e-21
3.49577557e+11 1.42497989e-21
3.32293252e+11 1.49908620e-21
3.15863541e+11 1.57700836e-21
3.00246171e+11 1.65905830e-21
2.85400977e+11 1.74543081e-21
2.71289780e+11 1.83617522e-21
2.57876289e+11 1.93167882e-21
2.45126006e+11 2.03214546e-21
2.33006141e+11 2.13779982e-21
2.21485523e+11 2.24901283e-21
2.10534524e+11 2.36604207e-21
2.00124980e+11 2.48907411e-21
1.90230119e+11 2.61862531e-21
1.80824493e+11 2.75466420e-21
1.71883914e+11 2.89809719e-21
1.63385388e+11 3.04878476e-21
1.55307057e+11 3.20736459e-21
1.47628147e+11 3.37421347e-21
1.40328908e+11 3.54970154e-21
1.33390569e+11 3.73440248e-21
1.26795285e+11 3.92861270e-21
1.20526094e+11 4.13295548e-21
1.14566873e+11 4.34786763e-21
1.08902296e+11 4.57404874e-21
1.03517796e+11 4.81195719e-21
9.83995230e+10 5.06226357e-21
9.35343152e+10 5.32561702e-21
8.89096599e+10 5.60263982e-21
8.45136633e+10 5.89402494e-21
8.03350198e+10 6.20061024e-21
7.63629826e+10 6.52309961e-21
7.25873365e+10 6.86249796e-21
6.89983712e+10 7.21942989e-21
6.55868566e+10 7.59494548e-21
6.23440189e+10 7.98994363e-21
5.92615181e+10 8.40558434e-21
5.63314267e+10 8.84274158e-21
5.35462090e+10 9.30264943e-21
5.08987019e+10 9.78663752e-21
4.83820966e+10 1.02956740e-20
4.59899209e+10 1.08312074e-20
4.37160225e+10 1.13945542e-20
4.15545533e+10 1.19873576e-20
3.94999546e+10 1.26108412e-20
3.75469422e+10 1.32667101e-20
3.56904935e+10 1.39569205e-20
3.39258338e+10 1.46826965e-20
3.22484250e+10 1.54465396e-20
3.06539530e+10 1.62499489e-20
2.91383170e+10 1.70952019e-20
2.76976194e+10 1.79844753e-20
2.63281547e+10 1.89198394e-20
2.50264010e+10 1.99039635e-20
2.37890104e+10 2.09393172e-20
2.26128007e+10 2.20285404e-20
2.14947467e+10 2.31742806e-20
2.04319732e+10 2.43797117e-20
1.94217468e+10 2.56477929e-20
1.84614695e+10 2.69819349e-20
1.75486715e+10 2.83854189e-20
1.66810054e+10 2.98618199e-20
1.58562396e+10 3.14151177e-20
1.50722531e+10 3.30491882e-20
1.43270295e+10 3.47683010e-20
1.36186524e+10 3.65767382e-20
1.29452998e+10 3.84792205e-20
1.23052400e+10 4.04808183e-20
1.16968270e+10 4.25863884e-20
1.11184960e+10 4.48014853e-20
1.05687597e+10 4.71319192e-20
1.00462042e+10 4.95834138e-20
9.54948564e+09 5.21626674e-20
9.07732653e+09 5.48757906e-20
8.62851257e+09 5.77301417e-20
8.20188950e+09 6.07329783e-20
7.79636013e+09 6.38920484e-20
7.41088152e+09 6.72155078e-20
7.04446228e+09 7.07116264e-20
6.69616005e+09 7.43896607e-20
6.36507908e+09 7.82592004e-20
6.05036788e+09 8.23298327e-20
5.75121707e+09 8.66121515e-20
5.46685730e+09 9.11173847e-20
5.19655724e+09 9.58568364e-20
4.93962174e+09 1.00842935e-19
4.69539001e+09 1.06088271e-19
4.46323393e+09 1.11606393e-19
4.24255643e+09 1.17411720e-19
4.03278998e+09 1.23518829e-19
3.83339510e+09 1.29943665e-19
3.64385898e+09 1.36702771e-19
3.46369418e+09 1.43813412e-19
3.29243733e+09 1.51293877e-19
3.12964801e+09 1.59163489e-19
2.97490755e+09 1.67442373e-19
2.82781798e+09 1.76151882e-19
2.68800102e+09 1.85314547e-19
2.55509709e+09 1.94953596e-19
2.42876438e+09 2.05094230e-19
2.30867799e+09 2.15762364e-19
2.19452909e+09 2.26985120e-19
2.08602409e+09 2.38791861e-19
1.98288395e+09 2.51212680e-19
1.88484341e+09 2.64279640e-19
1.79165033e+09 2.78026037e-19
1.70306503e+09 2.92487757e-19
1.61885969e+09 3.07701437e-19
1.53881775e+09 3.23706660e-19
1.46273336e+09 3.40544410e-19
1.39041083e+09 3.58257802e-19
1.32166418e+09 3.76892663e-19
1.25631660e+09 3.96496864e-19
1.19420003e+09 4.17120699e-19
1.13515471e+09 4.38817397e-19
1.07902879e+09 4.61642570e-19
1.02567793e+09 4.85654989e-19
9.74964918e+08 5.10916474e-19
9.26759330e+08 5.37491895e-19
8.80937190e+08 5.65449657e-19
8.37380654e+08 5.94861700e-19
7.95977700e+08 6.25803440e-19
7.56621850e+08 6.58354877e-19
7.19211887e+08 6.92599235e-19
6.83651600e+08 7.28624931e-19
6.49849535e+08 7.66524700e-19
6.17718760e+08 8.06395677e-19
5.87176639e+08 8.48340353e-19
5.58144625e+08 8.92466961e-19
5.30548053e+08 9.38888807e-19
5.04315949e+08 9.87725294e-19
4.79380850e+08 1.03910202e-18
4.55678627e+08 1.09315119e-18
4.33148322e+08 1.15001166e-18
4.11731993e+08 1.20982977e-18
3.91374560e+08 1.27275933e-18
3.72023668e+08 1.33896215e-18
3.53629550e+08 1.40860862e-18
3.36144900e+08 1.48187758e-18
3.19524751e+08 1.55895784e-18
3.03726358e+08 1.64004737e-18
2.88709092e+08 1.72535491e-18
2.74434330e+08 1.81509950e-18
2.60865362e+08 1.90951233e-18
2.47967289e+08 2.00883600e-18
2.35706941e+08 2.11332611e-18
2.24052787e+08 2.22325126e-18
2.12974854e+08 2.33889412e-18
2.02444651e+08 2.46055231e-18
1.92435098e+08 2.58853842e-18
1.82920450e+08 2.72318179e-18
1.73876240e+08 2.86482866e-18
1.65279206e+08 3.01384321e-18
1.57107239e+08 3.17060911e-18
1.49339322e+08 3.33552895e-18
1.41955477e+08 3.50902729e-18
1.34936714e+08 3.69154995e-18
1.28264983e+08 3.88356687e-18
1.21923125e+08 4.08557147e-18
1.15894830e+08 4.29808329e-18
1.10164595e+08 4.52164896e-18
1.04717682e+08 4.75684369e-18
9.95400829e+07 5.00427196e-18
9.46184819e+07 5.26457016e-18
8.99402217e+07 5.53840789e-18
8.54932707e+07 5.82648936e-18
8.12661920e+07 6.12955556e-18
7.72481145e+07 6.44838574e-18
7.34287045e+07 6.78380000e-18
6.97981391e+07 7.13666080e-18
6.63470812e+07 7.50787576e-18
6.30666554e+07 7.89839951e-18
5.99484250e+07 8.30923641e-18
5.69843706e+07 8.74144319e-18
5.41668691e+07 9.19613130e-18
5.14886745e+07 9.67447008e-18
4.89428990e+07 1.01776898e-17
4.65229952e+07 1.07070844e-17
4.42227398e+07 1.12640158e-17
4.20362168e+07 1.18499160e-17
3.99578030e+07 1.24662921e-17
3.79821531e+07 1.31147289e-17
3.61041860e+07 1.37968945e-17
3.43190720e+07 1.45145430e-17
3.26222201e+07 1.52695199e-17
3.10092664e+07 1.60637674e-17
2.94760626e+07 1.68993278e-17
2.80186656e+07 1.77783501e-17
2.66333273e+07 1.87030948e-17
2.53164848e+07 1.96759404e-17
2.40647515e+07 2.06993886e-17
2.28749082e+07 2.17760719e-17
2.17438948e+07 2.29087591e-17
2.06688025e+07 2.41003632e-17
1.96468665e+07 2.53539489e-17
1.86754584e+07 2.66727399e-17
1.77520801e+07 2.80601285e-17
1.68743568e+07 2.95196821e-17
1.60400311e+07 3.10551549e-17
1.52469573e+07 3.26704957e-17
1.44930957e+07 3.43698586e-17
1.37765077e+07 3.61576144e-17
1.30953502e+07 3.80383606e-17
1.24478715e+07 4.00169342e-17
1.18324063e+07 4.20984239e-17
1.12473718e+07 4.42881828e-17
1.06912634e+07 4.65918422e-17
1.01626509e+07 4.90153273e-17
9.66017480e+06 5.15648703e-17
9.18254284e+06 5.42470285e-17
8.72852662e+06 5.70686994e-17
8.29695852e+06 6.00371405e-17
7.88672862e+06 6.31599856e-17
7.49678187e+06 6.64452663e-17
7.12611543e+06 6.99014314e-17
6.77377600e+06 7.35373700e-17
6.43885743e+06 7.73624326e-17
6.12049837e+06 8.13864567e-17
5.81788007e+06 8.56197911e-17
5.53022426e+06 9.00733236e-17
5.25679112e+06 9.47585077e-17
4.99687745e+06 9.96873926e-17
4.74981480e+06 1.04872654e-16
4.51496777e+06 1.10327629e-16
4.29173238e+06 1.16066345e-16
4.07953450e+06 1.22103562e-16
3.87782841e+06 1.28454806e-16
3.68609536e+06 1.35136412e-16
3.50384225e+06 1.42165563e-16
3.33060034e+06 1.49560337e-16
3.16592411e+06 1.57339751e-16
3.00939003e+06 1.65523814e-16
2.86059554e+06 1.74133573e-16
2.71915794e+06 1.83191170e-16
2.58471351e+06 1.92719901e-16
2.45691646e+06 2.02744270e-16
2.33543814e+06 2.13290060e-16
2.21996612e+06 2.24384391e-16
2.11020343e+06 2.36055797e-16
2.00586778e+06 2.48334294e-16
1.90669084e+06 2.61251459e-16
1.81241755e+06 2.74840514e-16
1.72280545e+06 2.89136408e-16
1.63762407e+06 3.04175906e-16
1.55665436e+06 3.19997686e-16
1.47968806e+06 3.36642441e-16
1.40652724e+06 3.54152978e-16
1.33698374e+06 3.72574329e-16
1.27087871e+06 3.91953871e-16
1.20804213e+06 4.12341445e-16
1.14831241e+06 4.33789485e-16
1.09153594e+06 4.56353149e-16
1.03756668e+06 4.80090469e-16
9.86265846e+05 5.05062492e-16
9.37501502e+05 5.31333441e-16
8.91148232e+05 5.58970881e-16
8.47086827e+05 5.88045890e-16
8.05203967e+05 6.18633244e-16
7.65391939e+05 6.50811608e-16
7.27548353e+05 6.84663738e-16
6.91575883e+05 7.20276697e-16
6.57382014e+05 7.57742075e-16
6.24878807e+05 7.97156225e-16
5.93982669e+05 8.38620514e-16
5.64614142e+05 8.82241581e-16
5.36697695e+05 9.28131611e-16
5.10161531e+05 9.76408626e-16
4.84937407e+05 1.02719679e-15
4.60960449e+05 1.08062671e-15
4.38168993e+05 1.13683580e-15
4.16504425e+05 1.19596864e-15
3.95911027e+05 1.25817728e-15
3.76335836e+05 1.32362174e-15
3.57728510e+05 1.39247030e-15
3.40041193e+05 1.46490006e-15
3.23228398e+05 1.54109727e-15
3.07246884e+05 1.62125791e-15
2.92055551e+05 1.70558813e-15
2.77615329e+05 1.79430483e-15
2.63889081e+05 1.88763616e-15
2.50841506e+05 1.98582216e-15
2.38439047e+05 2.08911535e-15
2.26649808e+05 2.19778138e-15
2.15443469e+05 2.31209972e-15
2.04791210e+05 2.43236438e-15
1.94665634e+05 2.55888467e-15
1.85040702e+05 2.69198597e-15
1.75891659e+05 2.83201060e-15
1.67194976e+05 2.97931868e-15
1.58928287e+05 3.13428908e-15
1.51070330e+05 3.29732034e-15
1.43600898e+05 3.46883177e-15
1.36500781e+05 3.64926447e-15
1.29751717e+05 3.83908248e-15
1.23336350e+05 4.03877400e-15
1.17238180e+05 4.24885260e-15
1.11441525e+05 4.46985858e-15
1.05931476e+05 4.70236033e-15
1.00693863e+05 4.94695584e-15
9.57152154e+04 5.20427416e-15
9.09827289e+04 5.47497709e-15
8.64842328e+04 5.75976085e-15
8.22081576e+04 6.05935788e-15
7.81435061e+04 6.37453870e-15
7.42798248e+04 6.70611394e-15
7.06071771e+04 7.05493637e-15
6.71161177e+04 7.42190314e-15
6.37976681e+04 7.80795806e-15
6.06432940e+04 8.21409402e-15
5.76448828e+04 8.64135560e-15
5.47947234e+04 9.09084167e-15
5.20854855e+04 9.56370829e-15
4.95102016e+04 1.00611717e-14
4.70622485e+04 1.05845112e-14
4.47353305e+04 1.11350730e-14
4.25234633e+04 1.17142730e-14
4.04209584e+04 1.23236010e-14
3.84224085e+04 1.29646240e-14
3.65226736e+04 1.36389910e-14
3.47168682e+04 1.43484362e-14
3.30003479e+04 1.50947845e-14
3.13686982e+04 1.58799554e-14
2.98177229e+04 1.67059686e-14
2.83434331e+04 1.75749484e-14
2.69420371e+04 1.84891300e-14
2.56099310e+04 1.94508648e-14
2.43436887e+04 2.04626265e-14
2.31400538e+04 2.15270173e-14
2.19959307e+04 2.26467751e-14
2.09083769e+04 2.38247801e-14
1.98745955e+04 2.50640622e-14
1.88919278e+04 2.63678092e-14
1.79578465e+04 2.77393746e-14
1.70699493e+04 2.91822862e-14
1.62259529e+04 3.07002557e-14
1.54236865e+04 3.22971877e-14
1.46610868e+04 3.39771900e-14
1.39361927e+04 3.57445840e-14
1.32471399e+04 3.76039162e-14
1.25921561e+04 3.95599694e-14
1.19695570e+04 4.16177753e-14
1.13777413e+04 4.37826277e-14
1.08151870e+04 4.60600954e-14
1.02804473e+04 4.84560373e-14
9.77214697e+03 5.09766170e-14
9.28897872e+03 5.36283189e-14
8.82969996e+03 5.64179649e-14
8.39312950e+03 5.93527317e-14
7.97814457e+03 6.24401696e-14
7.58367791e+03 6.56882219e-14
7.20871503e+03 6.91052451e-14
6.85229160e+03 7.27000308e-14
6.51349095e+03 7.64818279e-14
6.19144176e+03 8.04603669e-14
5.88531578e+03 8.46458847e-14
5.59432571e+03 8.90491510e-14
5.31772318e+03 9.36814961e-14
5.05479682e+03 9.85548400e-14
4.80487044e+03 1.03681723e-13
4.56730127e+03 1.09075339e-13
4.34147833e+03 1.14749569e-13
4.12682085e+03 1.20719014e-13
3.92277676e+03 1.26999038e-13
3.72882131e+03 1.33605804e-13
3.54445567e+03 1.40556318e-13
3.36920571e+03 1.47868468e-13
3.20262069e+03 1.55561078e-13
3.04427221e+03 1.63653948e-13
2.89375302e+03 1.72167913e-13
2.75067601e+03 1.81124891e-13
2.61467321e+03 1.90547942e-13
2.48539486e+03 2.00461327e-13
2.36250847e+03 2.10890574e-13
2.24569800e+03 2.21862535e-13
2.13466303e+03 2.33405468e-13
2.02911802e+03 2.45549098e-13
1.92879151e+03 2.58324702e-13
1.83342548e+03 2.71765188e-13
1.74277468e+03 2.85905176e-13
1.65660596e+03 3.00781095e-13
1.57469771e+03 3.16431270e-13
1.49683929e+03 3.32896027e-13
1.42283046e+03 3.50217793e-13
1.35248087e+03 3.68441210e-13
1.28560961e+03 3.87613247e-13
1.22204469e+03 4.07783326e-13
1.16162263e+03 4.29003446e-13
1.10418805e+03 4.51328322e-13
1.04959323e+03 4.74815523e-13
9.97697764e+02 4.99525627e-13
9.48368187e+02 5.25522373e-13
9.01477631e+02 5.52872831e-13
8.56905505e+02 5.81647575e-13
8.14537177e+02 6.11920868e-13
7.74263683e+02 6.43770854e-13
7.35981448e+02 6.77279764e-13
6.99592017e+02 7.12534129e-13
6.65001803e+02 7.49625009e-13
6.32121848e+02 7.88648229e-13
6.00867589e+02 8.29704632e-13
5.71158648e+02 8.72900339e-13
5.42918618e+02 9.18347036e-13
5.16074871e+02 9.66162260e-13
4.90558371e+02 1.01646971e-12
4.66303493e+02 1.06939958e-12
4.43247859e+02 1.12508890e-12
4.21332174e+02 1.18368187e-12
4.00500076e+02 1.24533031e-12
3.80697987e+02 1.31019398e-12
3.61874981e+02 1.37844107e-12
3.43982649e+02 1.45024861e-12
3.26974974e+02 1.52580296e-12
3.10808217e+02 1.60530030e-12
2.95440800e+02 1.68894717e-12
2.80833200e+02 1.77696099e-12
2.66947849e+02 1.86957069e-12
2.53749038e+02 1.96701729e-12
2.41202821e+02 2.06955459e-12
2.29276931e+02 2.17744982e-12
2.17940698e+02 2.29098439e-12
2.07164968e+02 2.41045467e-12
1.96922026e+02 2.53617277e-12
1.87185529e+02 2.66846744e-12
1.77930439e+02 2.80768493e-12
1.69132952e+02 2.95419002e-12
1.60770442e+02 3.10836698e-12
1.52821404e+02 3.27062065e-12
1.45265393e+02 3.44137762e-12
1.38082977e+02 3.62108744e-12
1.31255684e+02 3.81022385e-12
1.24765955e+02 4.00928619e-12
1.18597101e+02 4.21880083e-12
1.12733256e+02 4.43932271e-12
1.07159340e+02 4.67143696e-12
1.01861017e+02 4.91576063e-12
9.68246612e+01 5.17294455e-12
9.20373200e+01 5.44367529e-12
8.74866812e+01 5.72867723e-12
8.31610415e+01 6.02871482e-12
7.90492762e+01 6.34459495e-12
7.51408106e+01 6.67716949e-12
7.14255929e+01 7.02733798e-12
6.78940681e+01 7.39605061e-12
6.45371540e+01 7.78431128e-12
6.13462172e+01 8.19318095e-12
5.83130511e+01 8.62378124e-12
5.54298552e+01 9.07729831e-12
5.26892142e+01 9.55498697e-12
5.00840799e+01 1.00581752e-11
4.76077523e+01 1.05882689e-11
4.52538628e+01 1.11467573e-11
4.30163576e+01 1.17352183e-11
4.08894823e+01 1.23553250e-11
3.88677669e+01 1.30088518e-11
3.69460121e+01 1.36976824e-11
3.51192753e+01 1.44238166e-11
3.33828586e+01 1.51893801e-11
3.17322963e+01 1.59966328e-11
3.01633435e+01 1.68479796e-11
2.86719650e+01 1.77132012e-11
2.72543253e+01 1.86553043e-11
2.59067786e+01 1.96488569e-11
2.46258592e+01 2.06968323e-11
2.34082728e+01 2.18023963e-11
2.22508880e+01 2.29689213e-11
2.11507282e+01 2.42000029e-11
2.01049642e+01 2.54994774e-11
1.91109062e+01 2.68714419e-11
1.81659979e+01 2.83202751e-11
1.72678090e+01 2.98506616e-11
1.64140297e+01 3.14676175e-11
1.56024641e+01 3.31765195e-11
1.48310251e+01 3.49837814e-11
1.40977287e+01 3.68926274e-11
1.34006890e+01 3.89118594e-11
1.27381132e+01 4.10491560e-11
1.21082975e+01 4.33127552e-11
1.15096220e+01 4.57095597e-11
1.09405471e+01 4.82493364e-11
1.03996091e+01 5.09416480e-11
9.88541702e+00 5.37968613e-11
9.39664831e+00 5.68264676e-11
8.93204600e+00 6.00428187e-11
8.49041520e+00 6.34594064e-11
8.07062014e+00 6.70908862e-11
7.67158118e+00 7.09532347e-11
7.29227206e+00 7.50638914e-11
6.93171728e+00 7.94418979e-11
6.58898955e+00 8.41080844e-11
6.26320745e+00 8.90852565e-11
5.95353313e+00 9.43984144e-11
5.65917016e+00 1.00074991e-10
5.37936150e+00 1.06145124e-10
5.11338754e+00 1.12641947e-10
4.86056423e+00 1.19601930e-10
4.62024137e+00 1.27065247e-10
4.39180089e+00 1.35076185e-10
4.17465529e+00 1.43683605e-10
3.96824610e+00 1.52941449e-10
3.77204249e+00 1.62909308e-10
3.58553986e+00 1.73653044e-10
3.40825855e+00 1.85245491e-10
3.23974263e+00 1.97767221e-10
3.07955871e+00 2.11307397e-10
2.92729484e+00 2.25964721e-10
2.78255940e+00 2.41848473e-10
2.64498018e+00 2.59079662e-10
2.51420335e+00 2.77792300e-10
2.38989257e+00 2.98134801e-10
2.27172813e+00 3.20271525e-10
2.15940615e+00 3.44109685e-10
2.05263775e+00 3.70352873e-10
1.95114835e+00 3.98993282e-10
1.85467692e+00 4.30277969e-10
1.76297538e+00 4.64965931e-10
1.67580786e+00 5.02443400e-10
1.59295021e+00 5.43483644e-10
1.51418933e+00 5.88450110e-10
1.43932264e+00 6.37750608e-10
1.36815763e+00 6.91835407e-10
1.30051125e+00 7.51201379e-10
1.23620954e+00 8.16396487e-10
1.17508713e+00 8.88024655e-10
1.11698682e+00 9.66751001e-10
1.06175918e+00 1.05330749e-09
1.00926219e+00 1.14849896e-09
9.59360829e-01 1.25320963e-09
9.11926760e-01 1.36840992e-09
8.66837993e-01 1.49517052e-09
8.23978568e-01 1.63464432e-09
7.83238260e-01 1.78811152e-09
7.44512291e-01 1.95696398e-09
7.07701066e-01 2.14271965e-09
6.72709914e-01 2.34703118e-09
6.39448843e-01 2.57169468e-09
6.07832313e-01 2.81865822e-09
5.77779012e-01 3.09003008e-09
5.49211648e-01 3.38808641e-09
5.22056753e-01 3.71527798e-09
4.96244488e-01 4.07423581e-09
4.71708469e-01 4.46777517e-09
4.48385595e-01 4.89889749e-09
4.26215883e-01 5.37078977e-09
4.05142317e-01 5.88682073e-09
3.85110700e-01 6.45053321e-09
3.66069515e-01 7.06563202e-09
3.47969790e-01 7.73596654e-09
3.30764978e-01 8.46550723e-09
3.14410830e-01 9.25831539e-09
2.98865287e-01 1.01185053e-08
2.84088369e-01 1.10501978e-08
2.70042072e-01 1.20574658e-08
2.56690272e-01 1.31442690e-08
2.43998630e-01 1.43143796e-08
2.31934506e-01 1.55712979e-08
2.20466874e-01 1.69181560e-08
2.09566240e-01 1.83576116e-08
1.99204571e-01 1.98917281e-08
1.89355218e-01 2.15218409e-08
1.79992851e-01 2.32484068e-08
1.71093391e-01 2.50708310e-08
1.62633950e-01 2.69872678e-08
1.54592774e-01 2.89943880e-08
1.46949180e-01 3.10871066e-08
1.39683512e-01 3.32582681e-08
1.32777083e-01 3.54982896e-08
1.26212131e-01 3.77947710e-08
1.19971774e-01 4.01320933e-08
1.14039960e-01 4.24910376e-08
1.08401436e-01 4.48484772e-08
1.03041699e-01 4.71771998e-08
9.79469667e-02 4.94459645e-08
9.31041349e-02 5.16197982e-08
8.85007491e-02 5.36606871e-08
8.41249705e-02 5.55286325e-08
7.99655453e-02 5.71830943e-08
7.60117762e-02 5.85847552e-08
7.22534949e-02 5.96974917e-08
6.86810359e-02 6.04903827e-08
6.52852114e-02 6.09395588e-08
6.20572881e-02 6.10296940e-08
5.89889643e-02 6.07549764e-08
5.60723488e-02 6.01194539e-08
5.32999408e-02 5.91367339e-08
5.06646101e-02 5.78295388e-08
4.81595791e-02 5.62362742e-08
4.57784054e-02 5.43886956e-08
4.35149650e-02 5.23211483e-08
4.13634368e-02 5.00159217e-08
3.93182876e-02 4.76139009e-08
3.73742574e-02 4.51143900e-08
3.55263468e-02 4.25556631e-08
3.37698031e-02 3.99745242e-08
3.21001090e-02 3.74025461e-08
3.05129702e-02 3.48679667e-08
2.90043049e-02 3.13567888e-08
2.75702333e-02 2.91423388e-08
2.62070670e-02 2.70209384e-08
2.49113003e-02 2.55241304e-08
2.36796007e-02 2.34571352e-08
2.25088005e-02 2.15133072e-08
2.13958887e-02 1.96951165e-08
2.03380031e-02 1.80026258e-08
1.93324229e-02 1.64338998e-08
1.83765620e-02 1.49854003e-08
1.74679622e-02 1.36523559e-08
1.66042866e-02 1.24290967e-08
1.57833141e-02 1.13093483e-08
1.50029332e-02 1.02864833e-08
1.42611371e-02 9.35372996e-09
1.35560179e-02 8.50433876e-09
1.28857621e-02 7.73171264e-09
1.22486461e-02 7.02950298e-09
1.16430313e-02 6.39167717e-09
1.10673602e-02 5.81256221e-09
1.05201522e-02 5.28686917e-09
1.00000000e-02 4.81197404e-09
