1.00000000e-02	2.20636797e-08
1.10684849e-02	2.57943308e-08
1.22511358e-02	3.00467254e-08
1.35601511e-02	3.47245743e-08
1.50090328e-02	4.02749069e-08
1.66127252e-02	4.65492886e-08
1.83877698e-02	5.36429080e-08
2.03524752e-02	6.11839748e-08
2.25271064e-02	6.96751463e-08
2.49340937e-02	7.96973908e-08
2.75982639e-02	9.05666981e-08
3.05470967e-02	1.00654736e-07
3.38110078e-02	1.13541889e-07
3.74236629e-02	1.26481946e-07
4.14223247e-02	1.37729251e-07
4.58482375e-02	1.51748594e-07
5.07470524e-02	1.61192748e-07
5.61692982e-02	1.73451583e-07
6.21709029e-02	1.80881501e-07
6.88137699e-02	1.86887959e-07
7.61664172e-02	1.90177162e-07
8.43046837e-02	1.90049988e-07
9.33125118e-02	1.86302930e-07
1.03282813e-01	1.82178422e-07
1.14318425e-01	1.80051240e-07
1.26533176e-01	1.75298832e-07
1.40053055e-01	1.70113235e-07
1.55017512e-01	1.65077091e-07
1.71580899e-01	1.59574854e-07
1.89914058e-01	1.53405125e-07
2.10206088e-01	1.46229334e-07
2.32666291e-01	1.37925608e-07
2.57526333e-01	1.28553237e-07
2.85042632e-01	1.18347200e-07
3.15499006e-01	1.07652468e-07
3.49209598e-01	9.68425727e-08
3.86522116e-01	8.62549008e-08
4.27821420e-01	7.61554444e-08
4.73533492e-01	6.67297425e-08
5.24129830e-01	5.80905134e-08
5.80132310e-01	5.02915171e-08
6.42118571e-01	4.33417729e-08
7.10727970e-01	3.72176877e-08
7.86668179e-01	3.18729387e-08
8.70722485e-01	2.72464097e-08
9.63757866e-01	2.32693629e-08
1.06673394e+00	1.98696159e-08
1.18071285e+00	1.69761425e-08
1.30687023e+00	1.45215694e-08
1.44650734e+00	1.24438720e-08
1.60106446e+00	1.06872758e-08
1.77213578e+00	9.19251432e-09
1.96148581e+00	7.93928506e-09
2.17106760e+00	6.87815871e-09
2.40304289e+00	5.98169310e-09
2.65980440e+00	5.21438490e-09
2.94400048e+00	4.55982135e-09
3.25856248e+00	3.99960564e-09
3.60673495e+00	3.51845228e-09
3.99210913e+00	3.10369114e-09
4.41865996e+00	2.74483368e-09
4.89078709e+00	2.43320041e-09
5.41336030e+00	2.16160285e-09
5.99176967e+00	1.92408103e-09
6.63198120e+00	1.71568537e-09
7.34059837e+00	1.53227941e-09
8.12493021e+00	1.37041400e-09
8.99306672e+00	1.22719006e-09
9.95396231e+00	1.10016279e-09
1.10175281e+01	9.87263602e-10
1.21947344e+01	8.86739840e-10
1.34977233e+01	7.97080885e-10
1.49399346e+01	7.17015872e-10
1.65362441e+01	6.45328470e-10
1.83031168e+01	5.81141987e-10
2.02587771e+01	5.23601516e-10
2.24233968e+01	4.71971552e-10
2.48193029e+01	4.25607859e-10
2.74712079e+01	3.83943757e-10
3.04064649e+01	3.47049915e-10
3.36553498e+01	3.13196190e-10
3.72513730e+01	2.82747252e-10
4.12316259e+01	2.55344737e-10
4.56371628e+01	2.30673487e-10
5.05134247e+01	2.08451316e-10
5.59107078e+01	1.88427917e-10
6.18846824e+01	1.70379998e-10
6.84969672e+01	1.54108177e-10
7.58157646e+01	1.39434135e-10
8.39165644e+01	1.26198192e-10
9.28829225e+01	1.14257208e-10
1.02807322e+02	1.03482669e-10
1.13792129e+02	9.37591511e-11
1.25950646e+02	8.49833855e-11
1.39408283e+02	7.70619327e-11
1.54303847e+02	6.99109285e-11
1.70790980e+02	6.34548811e-11
1.89039738e+02	5.76258072e-11
2.09238348e+02	5.23624617e-11
2.31595149e+02	4.76096533e-11
2.56340741e+02	4.33176304e-11
2.83730362e+02	3.94415352e-11
3.14046522e+02	3.59409127e-11
3.47601918e+02	3.27792712e-11
3.84742658e+02	2.99236891e-11
4.25851829e+02	2.73444605e-11
4.71353453e+02	2.50147778e-11
5.21716858e+02	2.29104327e-11
5.77461515e+02	2.10096117e-11
6.39162405e+02	1.92925867e-11
7.07455942e+02	1.77415586e-11
7.83046540e+02	1.63404574e-11
8.66713880e+02	1.50747729e-11
9.59320948e+02	1.39313615e-11
1.06182294e+03	1.28984731e-11
1.17527712e+03	1.19653814e-11
1.30085370e+03	1.11224363e-11
1.43984795e+03	1.03609225e-11
1.59369353e+03	9.67296814e-12
1.76397728e+03	9.05146353e-12
1.95245558e+03	8.48998682e-12
2.16107251e+03	7.98273744e-12
2.39197984e+03	7.52447588e-12
2.64755927e+03	7.11046924e-12
2.93044698e+03	6.73644231e-12
3.24356081e+03	6.39853306e-12
3.59013038e+03	6.09324842e-12
3.97373038e+03	5.81744569e-12
4.39831747e+03	5.56827345e-12
4.86827104e+03	5.34315986e-12
5.38843844e+03	5.13977995e-12
5.96418495e+03	4.95603786e-12
6.60144909e+03	4.79003588e-12
7.30680395e+03	4.64004715e-12
8.08752491e+03	4.50455170e-12
8.95166472e+03	4.38213765e-12
9.90813657e+03	4.27154195e-12
1.09668060e+04	4.17161859e-12
1.21385926e+04	4.08134645e-12
1.34355829e+04	3.99978874e-12
1.48711546e+04	3.92610517e-12
1.64601150e+04	3.85953501e-12
1.82188534e+04	3.79939148e-12
2.01655104e+04	3.74505413e-12
2.23201647e+04	3.69596243e-12
2.47050406e+04	3.65160995e-12
2.73447368e+04	3.61153741e-12
3.02664806e+04	3.57533494e-12
3.35004083e+04	3.54262733e-12
3.70798763e+04	3.51307721e-12
4.10418050e+04	3.48637973e-12
4.54270599e+04	3.46225954e-12
5.02808725e+04	3.44046781e-12
5.56533078e+04	3.42077976e-12
6.15997796e+04	3.40299232e-12
6.81816229e+04	3.38692199e-12
7.54667263e+04	3.37240300e-12
8.35302320e+04	3.35928561e-12
9.24553110e+04	3.34743451e-12
1.02334021e+05	3.33672747e-12
1.13268257e+05	3.32705402e-12
1.25370799e+05	3.31831438e-12
1.38766479e+05	3.31041844e-12
1.53593468e+05	3.30328472e-12
1.70004698e+05	3.29683966e-12
1.88169442e+05	3.29101676e-12
2.08275063e+05	3.28575598e-12
2.30528939e+05	3.28100305e-12
2.55160607e+05	3.27670893e-12
2.82424133e+05	3.27282935e-12
3.12600724e+05	3.26932426e-12
3.46001639e+05	3.26615755e-12
3.82971391e+05	3.26329652e-12
4.23891306e+05	3.26071170e-12
4.69183451e+05	3.25837640e-12
5.19314994e+05	3.25626653e-12
5.74803016e+05	3.25436033e-12
6.36219849e+05	3.25263815e-12
7.04198979e+05	3.25108222e-12
7.79441575e+05	3.24967648e-12
8.62723729e+05	3.24840645e-12
9.54904456e+05	3.24725902e-12
1.05693455e+06	3.24622236e-12
1.16986641e+06	3.24528576e-12
1.29486487e+06	3.24443958e-12
1.43321923e+06	3.24367509e-12
1.58635653e+06	3.24298439e-12
1.75585633e+06	3.24236038e-12
1.94346693e+06	3.24179660e-12
2.15112343e+06	3.24128725e-12
2.38096772e+06	3.24082706e-12
2.63537052e+06	3.24041130e-12
2.91695588e+06	3.24003568e-12
3.22862820e+06	3.23969632e-12
3.57360225e+06	3.23938971e-12
3.95543624e+06	3.23911269e-12
4.37806863e+06	3.23886244e-12
4.84585864e+06	3.23863633e-12
5.36363132e+06	3.23843205e-12
5.93672722e+06	3.23824748e-12
6.57105755e+06	3.23808074e-12
7.27316511e+06	3.23793010e-12
8.05029181e+06	3.23779399e-12
8.91045332e+06	3.23767102e-12
9.86252179e+06	3.23755992e-12
1.09163173e+07	3.23745956e-12
1.20827094e+07	3.23736888e-12
1.33737286e+07	3.23728693e-12
1.48026913e+07	3.23721291e-12
1.63843365e+07	3.23714606e-12
1.81349780e+07	3.23708565e-12
2.00726730e+07	3.23703106e-12
2.22174078e+07	3.23698175e-12
2.45913043e+07	3.23693717e-12
2.72188479e+07	3.23689693e-12
3.01271407e+07	3.23686056e-12
3.33461802e+07	3.23682770e-12
3.69091691e+07	3.23679801e-12
4.08528580e+07	3.23677122e-12
4.52179242e+07	3.23674695e-12
5.00493910e+07	3.23672508e-12
5.53970928e+07	3.23670529e-12
6.13161884e+07	3.23668741e-12
6.78677305e+07	3.23667134e-12
7.51192949e+07	3.23665666e-12
8.31456781e+07	3.23664353e-12
9.20296681e+07	3.23663166e-12
1.01862899e+08	3.23662088e-12
1.12746796e+08	3.23661117e-12
1.24793621e+08	3.23660237e-12
1.38127630e+08	3.23659433e-12
1.52886359e+08	3.23658722e-12
1.69222035e+08	3.23658083e-12
1.87303154e+08	3.23657499e-12
2.07316213e+08	3.23656978e-12
2.29467637e+08	3.23656489e-12
2.53985907e+08	3.23656062e-12
2.81123917e+08	3.23655659e-12
3.11161583e+08	3.23655311e-12
3.44408728e+08	3.23655004e-12
3.81208280e+08	3.23654695e-12
4.21939808e+08	3.23654441e-12
4.67023439e+08	3.23654214e-12
5.16924187e+08	3.23653997e-12
5.72156756e+08	3.23653792e-12
6.33290840e+08	3.23653671e-12
7.00957009e+08	3.23653453e-12
7.75853206e+08	3.23653364e-12
8.58751948e+08	3.23653274e-12
9.50508296e+08	3.23653162e-12
1.05206867e+09	3.23653051e-12
1.16448062e+09	3.23652993e-12
1.28890361e+09	3.23652803e-12
1.42662102e+09	3.23652814e-12
1.57905331e+09	3.23652761e-12
1.74777277e+09	3.23652627e-12
1.93451965e+09	3.23652678e-12
2.14122015e+09	3.23652600e-12
2.37000629e+09	3.23652377e-12
2.62323788e+09	3.23652366e-12
2.90352688e+09	3.23652407e-12
3.21376434e+09	3.23652349e-12
3.55715021e+09	3.23652448e-12
3.93722633e+09	3.23652397e-12
4.35791301e+09	3.23652470e-12
4.82354943e+09	3.23652304e-12
5.33893840e+09	3.23652166e-12
5.90939590e+09	3.23652204e-12
6.54080591e+09	3.23652453e-12
7.23968114e+09	3.23652402e-12
8.01323013e+09	3.23652108e-12
8.86943166e+09	3.23652943e-12
9.81711702e+09	3.23653004e-12
1.08660611e+10	3.23652337e-12
1.20270833e+10	3.23652346e-12
1.33121590e+10	3.23652555e-12
1.47345431e+10	3.23652333e-12
1.63089068e+10	3.23652294e-12
1.80514888e+10	3.23652591e-12
1.99802631e+10	3.23652490e-12
2.21151240e+10	3.23652871e-12
2.44780916e+10	3.23652948e-12
2.70935387e+10	3.23652441e-12
2.99884423e+10	3.23652880e-12
3.31926620e+10	3.23652850e-12
3.67392478e+10	3.23652075e-12
4.06647809e+10	3.23652584e-12
4.50097513e+10	3.23652580e-12
4.98189752e+10	3.23653740e-12
5.51420574e+10	3.23653039e-12
6.10339029e+10	3.23653028e-12
6.75552832e+10	3.23653635e-12
7.47734631e+10	3.23654013e-12
8.27628946e+10	3.23654057e-12
9.16059848e+10	3.23655038e-12
1.01393946e+11	3.23654950e-12
1.12227736e+11	3.23653888e-12
1.24219100e+11	3.23656056e-12
1.37491723e+11	3.23653724e-12
1.52182505e+11	3.23654720e-12
1.68442976e+11	3.23655913e-12
1.86440853e+11	3.23657931e-12
2.06361777e+11	3.23657836e-12
2.28411221e+11	3.23653829e-12
2.52816614e+11	3.23654420e-12
2.79829688e+11	3.23658315e-12
3.09729067e+11	3.23660267e-12
3.42823149e+11	3.23662441e-12
3.79453285e+11	3.23656136e-12
4.19997295e+11	3.23662558e-12
4.64873371e+11	3.23660440e-12
5.14544388e+11	3.23666676e-12
5.69522678e+11	3.23661910e-12
6.30375315e+11	3.23665495e-12
6.97729965e+11	3.23675955e-12
7.72281357e+11	3.23666411e-12
8.54798453e+11	3.23662150e-12
9.46132376e+11	3.23686346e-12
1.04722519e+12	3.23673511e-12
1.15911962e+12	3.23694766e-12
1.28296980e+12	3.23677054e-12
1.42005318e+12	3.23694350e-12
1.57178372e+12	3.23693509e-12
1.73972643e+12	3.23686996e-12
1.92561357e+12	3.23715701e-12
2.13136247e+12	3.23706997e-12
2.35909533e+12	3.23720082e-12
2.61116110e+12	3.23702608e-12
2.89015972e+12	3.23767044e-12
3.19896892e+12	3.23704801e-12
3.54077391e+12	3.23726634e-12
3.91910025e+12	3.23757903e-12
4.33785019e+12	3.23662737e-12
4.80134292e+12	3.23788943e-12
5.31435916e+12	3.23764573e-12
5.88219040e+12	3.23792972e-12
6.51069356e+12	3.23751315e-12
7.20635132e+12	3.23819447e-12
7.97633907e+12	3.23990162e-12
8.82859884e+12	3.23737157e-12
9.77192128e+12	3.23839410e-12
1.08160363e+13	3.24064950e-12
1.19717134e+13	3.23992789e-12
1.32508729e+13	3.23868895e-12
1.46667087e+13	3.24067550e-12
1.62338243e+13	3.24248209e-12
1.79683839e+13	3.24140205e-12
1.98882786e+13	3.24272151e-12
2.20133111e+13	3.24015463e-12
2.43654001e+13	3.24544639e-12
2.69688063e+13	3.23630826e-12
2.98503825e+13	3.24063176e-12
3.30398507e+13	3.24100738e-12
3.65701088e+13	3.23727728e-12
4.04775697e+13	3.25126226e-12
4.48025368e+13	3.24731573e-12
4.95896201e+13	3.25703188e-12
5.48881961e+13	3.24762110e-12
6.07529169e+13	3.24984833e-12
6.72442742e+13	3.25666817e-12
7.44292233e+13	3.24243092e-12
8.23818733e+13	3.24639416e-12
9.11842520e+13	3.24155667e-12
1.00927151e+14	3.26357380e-12
1.11711065e+14	3.24750068e-12
1.23647224e+14	3.27314266e-12
1.36858742e+14	3.27297704e-12
1.51481892e+14	3.25914999e-12
1.67667503e+14	3.24869677e-12
1.85582523e+14	3.30550856e-12
2.05411735e+14	3.23837171e-12
2.27359668e+14	3.29472448e-12
2.51652705e+14	3.33285544e-12
2.78541416e+14	3.41058010e-12
3.08303146e+14	3.33081100e-12
3.41244871e+14	3.25615044e-12
3.77706369e+14	3.30645895e-12
4.18063724e+14	3.32270197e-12
4.62733201e+14	3.30862957e-12
5.12175544e+14	3.20723675e-12
5.66900727e+14	3.19429264e-12
6.27473213e+14	3.41279860e-12
6.94517777e+14	3.53628113e-12
7.68725952e+14	3.61061421e-12
8.50863158e+14	3.21643821e-12
9.41776601e+14	3.30725682e-12
1.04240401e+15	3.34935468e-12
1.15378330e+15	3.36321178e-12
1.27706330e+15	3.44424911e-12
1.41351558e+15	3.51970970e-12
1.56454759e+15	3.69564300e-12
1.73171713e+15	3.24295394e-12
1.91674849e+15	3.16759199e-12
2.12155017e+15	3.26477175e-12
2.34823460e+15	3.35399385e-12
2.59913992e+15	2.92592696e-12
2.87685409e+15	3.01630065e-12
3.18424160e+15	3.00966311e-12
3.52447300e+15	3.11089459e-12
3.90105762e+15	2.62870405e-12
4.31787973e+15	2.73303463e-12
4.77923865e+15	2.77853379e-12
5.28989308e+15	2.84496260e-12
5.85511016e+15	2.34129320e-12
6.48071983e+15	2.41425753e-12
7.17317494e+15	2.48779348e-12
7.93961785e+15	2.02931297e-12
8.78795401e+15	2.08883796e-12
9.72693362e+15	1.69008668e-12
1.07662418e+16	1.75467831e-12
1.19165984e+16	1.42618525e-12
1.31898690e+16	1.17594946e-12
1.45991865e+16	1.23172899e-12
1.61590875e+16	8.78763789e-13
1.78856616e+16	8.09803939e-13
1.97967175e+16	6.86315472e-13
2.19119669e+16	5.30231451e-13
2.42532274e+16	3.55441714e-13
2.68446481e+16	2.89429165e-13
2.97129582e+16	2.34328620e-13
3.28877429e+16	1.50594769e-13
3.64017485e+16	9.45319421e-14
4.02912203e+16	5.89485887e-14
4.45962763e+16	3.06134028e-14
4.93613210e+16	1.92031389e-14
5.46355035e+16	9.50620050e-15
6.04732245e+16	4.79653498e-15
6.69346971e+16	1.83555753e-15
7.40865683e+16	8.16392752e-16
8.20026062e+16	2.79706694e-16
9.07644607e+16	9.40610057e-17
1.00462506e+17	2.54129354e-17
1.11196773e+17	6.73911835e-18
1.23077980e+17	1.37665119e-18
1.36228676e+17	2.57518146e-19
1.50784505e+17	3.48840417e-20
1.66895601e+17	4.56636709e-21
1.84728144e+17	4.38917110e-22
2.04466067e+17	3.30894790e-23
2.26312957e+17	1.94025285e-24
2.50494154e+17	6.36565314e-26
2.77259076e+17	2.00390834e-27
3.06883789e+17	3.89692934e-29
3.39673858e+17	4.63560453e-31
3.75967497e+17	4.17066893e-33
4.16139055e+17	1.80366794e-35
4.60602884e+17	4.86959147e-38
5.09817606e+17	7.43975731e-41
5.64290847e+17	4.23954494e-44
6.24584471e+17	0.00000000e+00
6.91320378e+17	0.00000000e+00
7.65186915e+17	0.00000000e+00
8.46945981e+17	0.00000000e+00
9.37440879e+17	0.00000000e+00
1.03760502e+18	0.00000000e+00
1.14847155e+18	0.00000000e+00
1.27118400e+18	0.00000000e+00
1.40700809e+18	0.00000000e+00
1.55734477e+18	0.00000000e+00
1.72374471e+18	0.00000000e+00
1.90792422e+18	0.00000000e+00
2.11178304e+18	0.00000000e+00
2.33742387e+18	0.00000000e+00
2.58717408e+18	0.00000000e+00
2.86360972e+18	0.00000000e+00
3.16958209e+18	0.00000000e+00
3.50824714e+18	0.00000000e+00
3.88309805e+18	0.00000000e+00
4.29800121e+18	0.00000000e+00
4.75723614e+18	0.00000000e+00
5.26553963e+18	0.00000000e+00
5.82815458e+18	0.00000000e+00
6.45088409e+18	0.00000000e+00
7.14015130e+18	0.00000000e+00
7.90306568e+18	0.00000000e+00
8.74749630e+18	0.00000000e+00
9.68215306e+18	0.00000000e+00
1.07166765e+19	0.00000000e+00
1.18617372e+19	0.00000000e+00
1.31291459e+19	0.00000000e+00
1.45319752e+19	0.00000000e+00
1.60846948e+19	0.00000000e+00
1.78033202e+19	0.00000000e+00
1.97055780e+19	0.00000000e+00
2.18110892e+19	0.00000000e+00
2.41415712e+19	0.00000000e+00
2.67210616e+19	0.00000000e+00
2.95761666e+19	0.00000000e+00
3.27363353e+19	0.00000000e+00
3.62341632e+19	0.00000000e+00
4.01057288e+19	0.00000000e+00
4.43909653e+19	0.00000000e+00
4.91340729e+19	0.00000000e+00
5.43839743e+19	0.00000000e+00
6.01948197e+19	0.00000000e+00
6.66265452e+19	0.00000000e+00
7.37454909e+19	0.00000000e+00
8.16250851e+19	0.00000000e+00
9.03466021e+19	0.00000000e+00
1.00000000e+20	0.00000000e+00
