1.00000000e+20 0.00000000e+00
9.50556592e+19 0.00000000e+00
9.03557835e+19 0.00000000e+00
8.58882856e+19 0.00000000e+00
8.16416760e+19 0.00000000e+00
7.76050334e+19 0.00000000e+00
7.37679760e+19 0.00000000e+00
7.01206359e+19 0.00000000e+00
6.66536327e+19 0.00000000e+00
6.33580499e+19 0.00000000e+00
6.02254120e+19 0.00000000e+00
5.72476624e+19 0.00000000e+00
5.44171429e+19 0.00000000e+00
5.17265739e+19 0.00000000e+00
4.91690358e+19 0.00000000e+00
4.67379511e+19 0.00000000e+00
4.44270675e+19 0.00000000e+00
4.22304419e+19 0.00000000e+00
4.01424249e+19 0.00000000e+00
3.81576466e+19 0.00000000e+00
3.62710025e+19 0.00000000e+00
3.44776405e+19 0.00000000e+00
3.27729485e+19 0.00000000e+00
3.11525422e+19 0.00000000e+00
2.96122544e+19 0.00000000e+00
2.81481236e+19 0.00000000e+00
2.67563844e+19 0.00000000e+00
2.54334576e+19 0.00000000e+00
2.41759408e+19 0.00000000e+00
2.29805999e+19 0.00000000e+00
2.18443607e+19 0.00000000e+00
2.07643011e+19 0.00000000e+00
1.97376433e+19 0.00000000e+00
1.87617469e+19 0.00000000e+00
1.78341022e+19 0.00000000e+00
1.69523234e+19 0.00000000e+00
1.61141428e+19 0.00000000e+00
1.53174046e+19 0.00000000e+00
1.45600600e+19 0.00000000e+00
1.38401610e+19 0.00000000e+00
1.31558562e+19 0.00000000e+00
1.25053859e+19 0.00000000e+00
1.18870770e+19 0.00000000e+00
1.12993394e+19 0.00000000e+00
1.07406615e+19 0.00000000e+00
1.02096066e+19 0.00000000e+00
9.70480888e+18 0.00000000e+00
9.22497005e+18 0.00000000e+00
8.76885609e+18 0.00000000e+00
8.33529397e+18 0.00000000e+00
7.92316862e+18 0.00000000e+00
7.53142017e+18 0.00000000e+00
7.15904109e+18 0.00000000e+00
6.80507370e+18 0.00000000e+00
6.46860766e+18 0.00000000e+00
6.14877765e+18 0.00000000e+00
5.84476113e+18 0.00000000e+00
5.55577622e+18 0.00000000e+00
5.28107971e+18 0.00000000e+00
5.01996513e+18 0.00000000e+00
4.77176095e+18 0.00000000e+00
4.53582883e+18 0.00000000e+00
4.31156199e+18 0.00000000e+00
4.09838367e+18 0.00000000e+00
3.89574562e+18 0.00000000e+00
3.70312668e+18 0.00000000e+00
3.52003147e+18 0.00000000e+00
3.34598912e+18 0.00000000e+00
3.18055202e+18 0.00000000e+00
3.02329468e+18 0.00000000e+00
2.87381269e+18 0.00000000e+00
2.73172160e+18 0.00000000e+00
2.59665597e+18 0.00000000e+00
2.46826845e+18 0.00000000e+00
2.34622885e+18 0.00000000e+00
2.23022330e+18 0.00000000e+00
2.11995346e+18 0.00000000e+00
2.01513573e+18 0.00000000e+00
1.91550056e+18 0.00000000e+00
1.82079168e+18 0.00000000e+00
1.73076553e+18 0.00000000e+00
1.64519059e+18 0.00000000e+00
1.56384676e+18 0.00000000e+00
1.48652484e+18 0.00000000e+00
1.41302599e+18 0.00000000e+00
1.34316117e+18 0.00000000e+00
1.27675070e+18 0.00000000e+00
1.21362380e+18 0.00000000e+00
1.15361810e+18 0.00000000e+00
1.09657929e+18 0.00000000e+00
1.04236067e+18 0.00000000e+00
9.90822810e+17 0.00000000e+00
9.41833153e+17 0.00000000e+00
8.95265713e+17 0.00000000e+00
8.51000725e+17 0.00000000e+00
8.08924349e+17 0.00000000e+00
7.68928372e+17 0.00000000e+00
7.30909933e+17 0.00000000e+00
6.94771255e+17 0.00000000e+00
6.60419396e+17 0.00000000e+00
6.27766011e+17 3.96537697e-59
5.96727120e+17 2.69627215e-57
5.67222897e+17 1.01322499e-55
5.39177464e+17 3.77957486e-54
5.12518693e+17 1.06405873e-52
4.87178022e+17 2.06869445e-51
4.63090280e+17 5.23312819e-50
4.40193519e+17 7.68192361e-49
4.18428851e+17 1.24144990e-47
3.97740302e+17 1.64269340e-46
3.78074666e+17 1.89576739e-45
3.59381366e+17 1.82382331e-44
3.41612327e+17 1.81591683e-43
3.24721849e+17 1.37502334e-42
3.08666494e+17 9.73247172e-42
2.93404971e+17 7.06224545e-41
2.78898029e+17 4.03640324e-40
2.65108360e+17 2.24633561e-39
2.52000499e+17 1.23175347e-38
2.39540736e+17 5.55180139e-38
2.27697026e+17 2.39232879e-37
2.16438909e+17 9.08256952e-37
2.05737431e+17 3.57790002e-36
1.95565072e+17 1.25321191e-35
1.85895668e+17 4.14326187e-35
1.76704353e+17 1.21797142e-34
1.67967487e+17 3.71503933e-34
1.59662602e+17 1.11222531e-33
1.51768339e+17 2.56504335e-33
1.44264395e+17 6.87523261e-33
1.37131472e+17 1.59240837e-32
1.30351224e+17 3.73819328e-32
1.23906216e+17 7.76230258e-32
1.17779870e+17 1.79786725e-31
1.11956432e+17 3.26964839e-31
1.06420924e+17 6.90503814e-31
1.01159111e+17 1.25973196e-30
9.61574600e+16 2.35804118e-30
9.14031075e+16 4.64576336e-30
8.68838264e+16 7.60078140e-30
8.25879939e+16 1.16240724e-29
7.85045620e+16 1.91199717e-29
7.46230289e+16 3.12423545e-29
7.09334120e+16 4.98583887e-29
6.74262224e+16 8.15716806e-29
6.40924402e+16 1.00938316e-28
6.09234915e+16 1.65486479e-28
5.79112265e+16 2.27935635e-28
5.50478981e+16 3.26899445e-28
5.23261424e+16 4.04152576e-28
4.97389596e+16 5.08625892e-28
4.72796959e+16 8.32149878e-28
4.49420266e+16 1.02972514e-27
4.27199397e+16 1.24077361e-27
4.06077203e+16 1.64596541e-27
3.85999362e+16 1.98988854e-27
3.66914238e+16 2.63389574e-27
3.48772747e+16 3.17022238e-27
3.31528234e+16 3.91977613e-27
3.15136348e+16 4.93377541e-27
2.99554933e+16 4.81025936e-27
2.84743917e+16 6.09480123e-27
2.70665207e+16 7.67765321e-27
2.57282597e+16 9.50132720e-27
2.44561668e+16 9.27160542e-27
2.32469706e+16 1.11738548e-26
2.20975611e+16 1.30071355e-26
2.10049824e+16 1.44799178e-26
1.99664245e+16 1.57485362e-26
1.89792164e+16 1.71272984e-26
1.80408193e+16 1.90366951e-26
1.71488197e+16 2.21834167e-26
1.63009236e+16 2.17072767e-26
1.54949504e+16 2.61480184e-26
1.47288272e+16 2.56051194e-26
1.40005838e+16 2.52035170e-26
1.33083472e+16 3.11567323e-26
1.26503372e+16 3.06681257e-26
1.20248614e+16 3.01546367e-26
1.14303113e+16 3.78863101e-26
1.08651577e+16 3.74287379e-26
1.03279473e+16 3.72090715e-26
9.81729841e+15 4.71526166e-26
9.33189772e+15 4.61856959e-26
8.87049689e+15 4.60848915e-26
8.43190929e+15 4.63673662e-26
8.01500696e+15 4.55964203e-26
7.61871770e+15 5.72852654e-26
7.24202233e+15 5.73657681e-26
6.88395207e+15 5.74998764e-26
6.54358602e+15 5.80115356e-26
6.22004883e+15 5.86883102e-26
5.91250841e+15 6.00016174e-26
5.62017385e+15 7.21707867e-26
5.34229330e+15 7.25384180e-26
5.07815211e+15 7.60434051e-26
4.82707097e+15 7.55008980e-26
4.58840413e+15 7.89771988e-26
4.36153779e+15 8.07765304e-26
4.14588850e+15 8.22419448e-26
3.94090164e+15 9.96667200e-26
3.74605003e+15 9.95308449e-26
3.56083255e+15 1.01679036e-25
3.38477286e+15 1.05988217e-25
3.21741815e+15 1.10598512e-25
3.05833803e+15 1.17048774e-25
2.90712338e+15 1.18166716e-25
2.76338529e+15 1.26666648e-25
2.62675410e+15 1.29874740e-25
2.49687843e+15 1.29682181e-25
2.37342425e+15 1.55209636e-25
2.25607407e+15 1.58544308e-25
2.14452608e+15 1.63617104e-25
2.03849340e+15 1.88811556e-25
1.93770334e+15 1.84359045e-25
1.84189668e+15 1.94989905e-25
1.75082703e+15 1.99865344e-25
1.66426018e+15 1.91688546e-25
1.58197348e+15 1.88537096e-25
1.50375532e+15 2.33296391e-25
1.42940453e+15 2.55029206e-25
1.35872990e+15 2.57037457e-25
1.29154967e+15 2.77884805e-25
1.22769105e+15 2.85452831e-25
1.16698982e+15 3.02607136e-25
1.10928986e+15 3.20247831e-25
1.05444279e+15 3.42279521e-25
1.00230755e+15 3.55290489e-25
9.52750047e+14 3.64201258e-25
9.05642838e+14 3.81532964e-25
8.60864770e+14 3.78703195e-25
8.18300682e+14 4.50535866e-25
7.77841107e+14 4.57055016e-25
7.39381992e+14 4.81166152e-25
7.02824426e+14 4.97316998e-25
6.68074392e+14 5.18822201e-25
6.35042517e+14 5.60405330e-25
6.03643851e+14 6.09133924e-25
5.73797641e+14 6.13773998e-25
5.45427131e+14 6.60717367e-25
5.18459354e+14 7.03118156e-25
4.92824957e+14 7.21331813e-25
4.68458012e+14 7.41364619e-25
4.45295851e+14 8.01089110e-25
4.23278907e+14 8.44178038e-25
4.02350555e+14 8.72397682e-25
3.82456972e+14 9.29130632e-25
3.63546996e+14 9.57496905e-25
3.45571994e+14 1.02352688e-24
3.28485737e+14 1.07371285e-24
3.12244282e+14 1.13261369e-24
2.96805861e+14 1.21774098e-24
2.82130768e+14 1.22657497e-24
2.68181261e+14 1.32033528e-24
2.54921465e+14 1.40800372e-24
2.42317279e+14 1.46996914e-24
2.30336287e+14 1.59207293e-24
2.18947676e+14 1.61225758e-24
2.08122157e+14 1.69746546e-24
1.97831888e+14 1.76462538e-24
1.88050406e+14 1.87607209e-24
1.78752553e+14 2.01161698e-24
1.69914417e+14 2.10258450e-24
1.61513269e+14 2.21979801e-24
1.53527503e+14 2.30972793e-24
1.45936580e+14 2.47061691e-24
1.38720978e+14 2.56759225e-24
1.31862140e+14 2.73256048e-24
1.25342427e+14 2.84107462e-24
1.19145070e+14 3.01206987e-24
1.13254132e+14 3.17089558e-24
1.07654461e+14 3.33889944e-24
1.02331658e+14 3.51183814e-24
9.72720319e+13 3.68671783e-24
9.24625712e+13 3.86360457e-24
8.78909065e+13 4.06949444e-24
8.35452806e+13 4.29177732e-24
7.94145172e+13 4.51828922e-24
7.54879928e+13 4.76029136e-24
7.17556092e+13 4.98781532e-24
6.82077673e+13 5.24711891e-24
6.48353429e+13 5.49716595e-24
6.16296626e+13 5.81342079e-24
5.85824820e+13 6.12307584e-24
5.56859644e+13 6.46198400e-24
5.29326606e+13 6.75153648e-24
5.03154895e+13 7.12276670e-24
4.78277202e+13 7.51588252e-24
4.54629547e+13 7.88251041e-24
4.32151113e+13 8.32572182e-24
4.10784089e+13 8.77402974e-24
3.90473524e+13 9.17317877e-24
3.71167182e+13 9.66541024e-24
3.52815412e+13 1.01806093e-23
3.35371015e+13 1.06837396e-23
3.18789129e+13 1.12484714e-23
3.03027108e+13 1.18546246e-23
2.88044415e+13 1.24814902e-23
2.73802518e+13 1.31259746e-23
2.60264788e+13 1.38026786e-23
2.47396410e+13 1.44862178e-23
2.35164288e+13 1.52411555e-23
2.23536965e+13 1.60381526e-23
2.12484535e+13 1.68532305e-23
2.01978576e+13 1.77515280e-23
1.91992067e+13 1.86958287e-23
1.82499324e+13 1.96745110e-23
1.73475936e+13 2.06819888e-23
1.64898694e+13 2.17295251e-23
1.56745541e+13 2.28786770e-23
1.48995507e+13 2.40996160e-23
1.41628662e+13 2.53625789e-23
1.34626058e+13 2.66493668e-23
1.27969687e+13 2.80319977e-23
1.21642429e+13 2.95388416e-23
1.15628013e+13 3.10573630e-23
1.09910970e+13 3.26567303e-23
1.04476597e+13 3.43417944e-23
9.93109181e+12 3.61495364e-23
9.44006479e+12 3.80344974e-23
8.97331581e+12 3.99983574e-23
8.52964450e+12 4.21204015e-23
8.10790981e+12 4.42803723e-23
7.70702711e+12 4.65711885e-23
7.32596543e+12 4.90212971e-23
6.96374473e+12 5.15451479e-23
6.61943346e+12 5.42349059e-23
6.29214611e+12 5.70206916e-23
5.98104096e+12 6.00258105e-23
5.68531791e+12 6.31619685e-23
5.40421642e+12 6.64448594e-23
5.13701354e+12 6.98642763e-23
4.88302209e+12 7.35263643e-23
4.64158883e+12 7.73606198e-23
4.41209286e+12 8.13485564e-23
4.19394396e+12 8.56047458e-23
3.98658107e+12 9.00262116e-23
3.78947092e+12 9.47251790e-23
3.60210656e+12 9.97099554e-23
3.42400614e+12 1.04825799e-22
3.25471161e+12 1.10328142e-22
3.09378757e+12 1.16042077e-22
2.94082017e+12 1.22080897e-22
2.79541600e+12 1.28436716e-22
2.65720111e+12 1.35097483e-22
2.52582003e+12 1.42167647e-22
2.40093488e+12 1.49545904e-22
2.28222447e+12 1.57339384e-22
2.16938352e+12 1.65499155e-22
2.06212180e+12 1.74106738e-22
1.96016347e+12 1.83184585e-22
1.86324631e+12 1.92676539e-22
1.77112106e+12 2.02716923e-22
1.68355080e+12 2.13243317e-22
1.60031031e+12 2.24345949e-22
1.52118552e+12 2.36047636e-22
1.44597292e+12 2.48300397e-22
1.37447909e+12 2.61230995e-22
1.30652016e+12 2.74819868e-22
1.24192135e+12 2.89077756e-22
1.18051653e+12 3.04193099e-22
1.12214777e+12 3.19971772e-22
1.06666496e+12 3.36615639e-22
1.01392541e+12 3.54106758e-22
9.63793480e+11 3.72557910e-22
9.16140246e+11 3.91908582e-22
8.70843150e+11 4.12277938e-22
8.27785697e+11 4.33768173e-22
7.86857151e+11 4.56320524e-22
7.47952252e+11 4.80083661e-22
7.10970943e+11 5.05006349e-22
6.75818117e+11 5.31294802e-22
6.42403366e+11 5.58935297e-22
6.10640754e+11 5.88011551e-22
5.80448594e+11 6.18571204e-22
5.51749238e+11 6.50748733e-22
5.24468875e+11 6.84618995e-22
4.98537346e+11 7.20201727e-22
4.73887961e+11 7.57698804e-22
4.50457325e+11 7.97101141e-22
4.28185180e+11 8.38551305e-22
4.07014245e+11 8.82185167e-22
3.86890074e+11 9.28066622e-22
3.67760910e+11 9.76326590e-22
3.49577557e+11 1.02714485e-21
3.32293252e+11 1.08053977e-21
3.15863541e+11 1.13679265e-21
3.00246171e+11 1.19588056e-21
2.85400977e+11 1.25813048e-21
2.71289780e+11 1.32353257e-21
2.57876289e+11 1.39235659e-21
2.45126006e+11 1.46479011e-21
2.33006141e+11 1.54099962e-21
2.21485523e+11 1.62111955e-21
2.10534524e+11 1.70547845e-21
2.00124980e+11 1.79419802e-21
1.90230119e+11 1.88751214e-21
1.80824493e+11 1.98570578e-21
1.71883914e+11 2.08896160e-21
1.63385388e+11 2.19764824e-21
1.55307057e+11 2.31195306e-21
1.47628147e+11 2.43217933e-21
1.40328908e+11 2.55873770e-21
1.33390569e+11 2.69181461e-21
1.26795285e+11 2.83180514e-21
1.20526094e+11 2.97915649e-21
1.14566873e+11 3.13410579e-21
1.08902296e+11 3.29714216e-21
1.03517796e+11 3.46862492e-21
9.83995230e+10 3.64905940e-21
9.35343152e+10 3.83882513e-21
8.89096599e+10 4.03852230e-21
8.45136633e+10 4.24857313e-21
8.03350198e+10 4.46960823e-21
7.63629826e+10 4.70211182e-21
7.25873365e+10 4.94667403e-21
6.89983712e+10 5.20393650e-21
6.55868566e+10 5.47465422e-21
6.23440189e+10 5.75940814e-21
5.92615181e+10 6.05897373e-21
5.63314267e+10 6.37414043e-21
5.35462090e+10 6.70566190e-21
5.08987019e+10 7.05447437e-21
4.83820966e+10 7.42144054e-21
4.59899209e+10 7.80748235e-21
4.37160225e+10 8.21357590e-21
4.15545533e+10 8.64080376e-21
3.94999546e+10 9.09023568e-21
3.75469422e+10 9.56309442e-21
3.56904935e+10 1.00605031e-20
3.39258338e+10 1.05837802e-20
3.22484250e+10 1.11343267e-20
3.06539530e+10 1.17134686e-20
2.91383170e+10 1.23227711e-20
2.76976194e+10 1.29637087e-20
2.63281547e+10 1.36380519e-20
2.50264010e+10 1.43474288e-20
2.37890104e+10 1.50936669e-20
2.26128007e+10 1.58788128e-20
2.14947467e+10 1.67047669e-20
2.04319732e+10 1.75736744e-20
1.94217468e+10 1.84877840e-20
1.84614695e+10 1.94494040e-20
1.75486715e+10 2.04610488e-20
1.66810054e+10 2.15253267e-20
1.58562396e+10 2.26449768e-20
1.50722531e+10 2.38228621e-20
1.43270295e+10 2.50620019e-20
1.36186524e+10 2.63656444e-20
1.29452998e+10 2.77370581e-20
1.23052400e+10 2.91798133e-20
1.16968270e+10 3.06975910e-20
1.11184960e+10 3.22943437e-20
1.05687597e+10 3.39741855e-20
1.00462042e+10 3.57413183e-20
9.54948564e+09 3.76005008e-20
9.07732653e+09 3.95561786e-20
8.62851257e+09 4.16137058e-20
8.20188950e+09 4.37782819e-20
7.79636013e+09 4.60553820e-20
7.41088152e+09 4.84509495e-20
7.04446228e+09 5.09711848e-20
6.69616005e+09 5.36225101e-20
6.36507908e+09 5.64115917e-20
6.05036788e+09 5.93459046e-20
5.75121707e+09 6.24327824e-20
5.46685730e+09 6.56801997e-20
5.19655724e+09 6.90966827e-20
4.93962174e+09 7.26907213e-20
4.69539001e+09 7.64717723e-20
4.46323393e+09 8.04493692e-20
4.24255643e+09 8.46339824e-20
4.03278998e+09 8.90362723e-20
3.83339510e+09 9.36675642e-20
3.64385898e+09 9.85396411e-20
3.46369418e+09 1.03665152e-19
3.29243733e+09 1.09057435e-19
3.12964801e+09 1.14730104e-19
2.97490755e+09 1.20697705e-19
2.82781798e+09 1.26975933e-19
2.68800102e+09 1.33580586e-19
2.55509709e+09 1.40528824e-19
2.42876438e+09 1.47838462e-19
2.30867799e+09 1.55528336e-19
2.19452909e+09 1.63618028e-19
2.08602409e+09 1.72128715e-19
1.98288395e+09 1.81081958e-19
1.88484341e+09 1.90501059e-19
1.79165033e+09 2.00409990e-19
1.70306503e+09 2.10834352e-19
1.61885969e+09 2.21800963e-19
1.53881775e+09 2.33337973e-19
1.46273336e+09 2.45475082e-19
1.39041083e+09 2.58243587e-19
1.32166418e+09 2.71676224e-19
1.25631660e+09 2.85807421e-19
1.19420003e+09 3.00673835e-19
1.13515471e+09 3.16313358e-19
1.07902879e+09 3.32766424e-19
1.02567793e+09 3.50075397e-19
9.74964918e+08 3.68284729e-19
9.26759330e+08 3.87441062e-19
8.80937190e+08 4.07593893e-19
8.37380654e+08 4.28794983e-19
7.95977700e+08 4.51098797e-19
7.56621850e+08 4.74562788e-19
7.19211887e+08 4.99247296e-19
6.83651600e+08 5.25215771e-19
6.49849535e+08 5.52534986e-19
6.17718760e+08 5.81275315e-19
5.87176639e+08 6.11510467e-19
5.58144625e+08 6.43318190e-19
5.30548053e+08 6.76780635e-19
5.04315949e+08 7.11983440e-19
4.79380850e+08 7.49017425e-19
4.55678627e+08 7.87977743e-19
4.33148322e+08 8.28964542e-19
4.11731993e+08 8.72083371e-19
3.91374560e+08 9.17445052e-19
3.72023668e+08 9.65166118e-19
3.53629550e+08 1.01536937e-18
3.36144900e+08 1.06818413e-18
3.19524751e+08 1.12374597e-18
3.03726358e+08 1.18219785e-18
2.88709092e+08 1.24369006e-18
2.74434330e+08 1.30838096e-18
2.60865362e+08 1.37643660e-18
2.47967289e+08 1.44803226e-18
2.35706941e+08 1.52335197e-18
2.24052787e+08 1.60258936e-18
2.12974854e+08 1.68594843e-18
2.02444651e+08 1.77364341e-18
1.92435098e+08 1.86589990e-18
1.82920450e+08 1.96295510e-18
1.73876240e+08 2.06505863e-18
1.65279206e+08 2.17247313e-18
1.57107239e+08 2.28547468e-18
1.49339322e+08 2.40435423e-18
1.41955477e+08 2.52941729e-18
1.34936714e+08 2.66098547e-18
1.28264983e+08 2.79939719e-18
1.21923125e+08 2.94500844e-18
1.15894830e+08 3.09819371e-18
1.10164595e+08 3.25934689e-18
1.04717682e+08 3.42888259e-18
9.95400829e+07 3.60723665e-18
9.46184819e+07 3.79486786e-18
8.99402217e+07 3.99225873e-18
8.54932707e+07 4.19991694e-18
8.12661920e+07 4.41837654e-18
7.72481145e+07 4.64819927e-18
7.34287045e+07 4.88997643e-18
6.97981391e+07 5.14432952e-18
6.63470812e+07 5.41191303e-18
6.30666554e+07 5.69341488e-18
5.99484250e+07 5.98955912e-18
5.69843706e+07 6.30110728e-18
5.41668691e+07 6.62886077e-18
5.14886745e+07 6.97366239e-18
4.89428990e+07 7.33639894e-18
4.65229952e+07 7.71800339e-18
4.42227398e+07 8.11945701e-18
4.20362168e+07 8.54179232e-18
3.99578030e+07 8.98609550e-18
3.79821531e+07 9.45350923e-18
3.61041860e+07 9.94523555e-18
3.43190720e+07 1.04625392e-17
3.26222201e+07 1.10067505e-17
3.10092664e+07 1.15792690e-17
2.94760626e+07 1.21815672e-17
2.80186656e+07 1.28151941e-17
2.66333273e+07 1.34817792e-17
2.53164848e+07 1.41830369e-17
2.40647515e+07 1.49207706e-17
2.28749082e+07 1.56968777e-17
2.17438948e+07 1.65133543e-17
2.06688025e+07 1.73723001e-17
1.96468665e+07 1.82759241e-17
1.86754584e+07 1.92265504e-17
1.77520801e+07 2.02266234e-17
1.68743568e+07 2.12787159e-17
1.60400311e+07 2.23855329e-17
1.52469573e+07 2.35499213e-17
1.44930957e+07 2.47748755e-17
1.37765077e+07 2.60635462e-17
1.30953502e+07 2.74192472e-17
1.24478715e+07 2.88454654e-17
1.18324063e+07 3.03458687e-17
1.12473718e+07 3.19243156e-17
1.06912634e+07 3.35848659e-17
1.01626509e+07 3.53317902e-17
9.66017480e+06 3.71695810e-17
9.18254284e+06 3.91029650e-17
8.72852662e+06 4.11369144e-17
8.29695852e+06 4.32766600e-17
7.88672862e+06 4.55277050e-17
7.49678187e+06 4.78958387e-17
7.12611543e+06 5.03871513e-17
6.77377600e+06 5.30080502e-17
6.43885743e+06 5.57652756e-17
6.12049837e+06 5.86659189e-17
5.81788007e+06 6.17174396e-17
5.53022426e+06 6.49276859e-17
5.25679112e+06 6.83049140e-17
4.99687745e+06 7.18578093e-17
4.74981480e+06 7.55955093e-17
4.51496777e+06 7.95276266e-17
4.29173238e+06 8.36642738e-17
4.07953450e+06 8.80160898e-17
3.87782841e+06 9.25942665e-17
3.68609536e+06 9.74105780e-17
3.50384225e+06 1.02477411e-16
3.33060034e+06 1.07807797e-16
3.16592411e+06 1.13415444e-16
3.00939003e+06 1.19314774e-16
2.86059554e+06 1.25520959e-16
2.71915794e+06 1.32049960e-16
2.58471351e+06 1.38918568e-16
2.45691646e+06 1.46144450e-16
2.33543814e+06 1.53746187e-16
2.21996612e+06 1.61743330e-16
2.11020343e+06 1.70156446e-16
2.00586778e+06 1.79007173e-16
1.90669084e+06 1.88318273e-16
1.81241755e+06 1.98113691e-16
1.72280545e+06 2.08418621e-16
1.63762407e+06 2.19259564e-16
1.55665436e+06 2.30664402e-16
1.47968806e+06 2.42662465e-16
1.40652724e+06 2.55284610e-16
1.33698374e+06 2.68563300e-16
1.27087871e+06 2.82532684e-16
1.20804213e+06 2.97228689e-16
1.14831241e+06 3.12689110e-16
1.09153594e+06 3.28953710e-16
1.03756668e+06 3.46064317e-16
9.86265846e+05 3.64064937e-16
9.37501502e+05 3.83001864e-16
8.91148232e+05 4.02923800e-16
8.47086827e+05 4.23881982e-16
8.05203967e+05 4.45930309e-16
7.65391939e+05 4.69125486e-16
7.27548353e+05 4.93527167e-16
6.91575883e+05 5.19198109e-16
6.57382014e+05 5.46204332e-16
6.24878807e+05 5.74615292e-16
5.93982669e+05 6.04504057e-16
5.64614142e+05 6.35947495e-16
5.36697695e+05 6.69026473e-16
5.10161531e+05 7.03826064e-16
4.84937407e+05 7.40435768e-16
4.60960449e+05 7.78949737e-16
4.38168993e+05 8.19467024e-16
4.16504425e+05 8.62091830e-16
3.95911027e+05 9.06933781e-16
3.76335836e+05 9.54108201e-16
3.57728510e+05 1.00373642e-15
3.40041193e+05 1.05594606e-15
3.23228398e+05 1.11087141e-15
3.07246884e+05 1.16865372e-15
2.92055551e+05 1.22944160e-15
2.77615329e+05 1.29339139e-15
2.63889081e+05 1.36066755e-15
2.50841506e+05 1.43144311e-15
2.38439047e+05 1.50590009e-15
2.26649808e+05 1.58422999e-15
2.15443469e+05 1.66663425e-15
2.04791210e+05 1.75332480e-15
1.94665634e+05 1.84452461e-15
1.85040702e+05 1.94046821e-15
1.75891659e+05 2.04140238e-15
1.67194976e+05 2.14758668e-15
1.58928287e+05 2.25929422e-15
1.51070330e+05 2.37681229e-15
1.43600898e+05 2.50044313e-15
1.36500781e+05 2.63050470e-15
1.29751717e+05 2.76733150e-15
1.23336350e+05 2.91127544e-15
1.17238180e+05 3.06270671e-15
1.11441525e+05 3.22201478e-15
1.05931476e+05 3.38960937e-15
1.00693863e+05 3.56592151e-15
9.57152154e+04 3.75140466e-15
9.09827289e+04 3.94653586e-15
8.64842328e+04 4.15181697e-15
8.22081576e+04 4.36777595e-15
7.81435061e+04 4.59496822e-15
7.42798248e+04 4.83397809e-15
7.06071771e+04 5.08542030e-15
6.71161177e+04 5.34994151e-15
6.37976681e+04 5.62822206e-15
6.06432940e+04 5.92097767e-15
5.76448828e+04 6.22896128e-15
5.47947234e+04 6.55296501e-15
5.20854855e+04 6.89382218e-15
4.95102016e+04 7.25240946e-15
4.70622485e+04 7.62964912e-15
4.47353305e+04 8.02651141e-15
4.25234633e+04 8.44401705e-15
4.04209584e+04 8.88323987e-15
3.84224085e+04 9.34530953e-15
3.65226736e+04 9.83141449e-15
3.47168682e+04 1.03428050e-14
3.30003479e+04 1.08807964e-14
3.13686982e+04 1.14467724e-14
2.98177229e+04 1.20421888e-14
2.83434331e+04 1.26685769e-14
2.69420371e+04 1.33275479e-14
2.56099310e+04 1.40207967e-14
2.43436887e+04 1.47501065e-14
2.31400538e+04 1.55173530e-14
2.19959307e+04 1.63245099e-14
2.09083769e+04 1.71736531e-14
1.98745955e+04 1.80669669e-14
1.88919278e+04 1.90067490e-14
1.79578465e+04 1.99954167e-14
1.70699493e+04 2.10355131e-14
1.62259529e+04 2.21297136e-14
1.54236865e+04 2.32808328e-14
1.46610868e+04 2.44918316e-14
1.39361927e+04 2.57658253e-14
1.32471399e+04 2.71060909e-14
1.25921561e+04 2.85160761e-14
1.19695570e+04 2.99994080e-14
1.13777413e+04 3.15599023e-14
1.08151870e+04 3.32015734e-14
1.02804473e+04 3.49286445e-14
9.77214697e+03 3.67455585e-14
9.28897872e+03 3.86569896e-14
8.82969996e+03 4.06678553e-14
8.39312950e+03 4.27833287e-14
7.97814457e+03 4.50088524e-14
7.58367791e+03 4.73501522e-14
7.20871503e+03 4.98132516e-14
6.85229160e+03 5.24044880e-14
6.51349095e+03 5.51305283e-14
6.19144176e+03 5.79983866e-14
5.88531578e+03 6.10154419e-14
5.59432571e+03 6.41894574e-14
5.31772318e+03 6.75286004e-14
5.05479682e+03 7.10414633e-14
4.80487044e+03 7.47370857e-14
4.56730127e+03 7.86249779e-14
4.34147833e+03 8.27151452e-14
4.12682085e+03 8.70181139e-14
3.92277676e+03 9.15449583e-14
3.72882131e+03 9.63073294e-14
3.54445567e+03 1.01317485e-13
3.36920571e+03 1.06588320e-13
3.20262069e+03 1.12133403e-13
3.04427221e+03 1.17967008e-13
2.89375302e+03 1.24104151e-13
2.75067601e+03 1.30560634e-13
2.61467321e+03 1.37353077e-13
2.48539486e+03 1.44498971e-13
2.36250847e+03 1.52016715e-13
2.24569800e+03 1.59925667e-13
2.13466303e+03 1.68246194e-13
2.02911802e+03 1.76999724e-13
1.92879151e+03 1.86208804e-13
1.83342548e+03 1.95897154e-13
1.74277468e+03 2.06089730e-13
1.65660596e+03 2.16812790e-13
1.57469771e+03 2.28093962e-13
1.49683929e+03 2.39962314e-13
1.42283046e+03 2.52448429e-13
1.35248087e+03 2.65584486e-13
1.28560961e+03 2.79404344e-13
1.22204469e+03 2.93943627e-13
1.16162263e+03 3.09239819e-13
1.10418805e+03 3.25332360e-13
1.04959323e+03 3.42262749e-13
9.97697764e+02 3.60074653e-13
9.48368187e+02 3.78814017e-13
9.01477631e+02 3.98529190e-13
8.56905505e+02 4.19271044e-13
8.14537177e+02 4.41093112e-13
7.74263683e+02 4.64051722e-13
7.35981448e+02 4.88206152e-13
6.99592017e+02 5.13618778e-13
6.65001803e+02 5.40355239e-13
6.32121848e+02 5.68484613e-13
6.00867589e+02 5.98079589e-13
5.71158648e+02 6.29216670e-13
5.42918618e+02 6.61976361e-13
5.16074871e+02 6.96443392e-13
4.90558371e+02 7.32706933e-13
4.66303493e+02 7.70860833e-13
4.43247859e+02 8.11003867e-13
4.21332174e+02 8.53239998e-13
4.00500076e+02 8.97678651e-13
3.80697987e+02 9.44435003e-13
3.61874981e+02 9.93630290e-13
3.43982649e+02 1.04539213e-12
3.26974974e+02 1.09985487e-12
3.10808217e+02 1.15715992e-12
2.95440800e+02 1.21745617e-12
2.80833200e+02 1.28090037e-12
2.66947849e+02 1.34765753e-12
2.53749038e+02 1.41790142e-12
2.41202821e+02 1.49181497e-12
2.29276931e+02 1.56959085e-12
2.17940698e+02 1.65143192e-12
2.07164968e+02 1.73755182e-12
1.96922026e+02 1.82817556e-12
1.87185529e+02 1.92354013e-12
1.77930439e+02 2.02389516e-12
1.69132952e+02 2.12950360e-12
1.60770442e+02 2.24064248e-12
1.52821404e+02 2.35760367e-12
1.45265393e+02 2.48069471e-12
1.38082977e+02 2.61023968e-12
1.31255684e+02 2.74658011e-12
1.24765955e+02 2.89007601e-12
1.18597101e+02 3.04110685e-12
1.12733256e+02 3.20007272e-12
1.07159340e+02 3.36739547e-12
1.01861017e+02 3.54351997e-12
9.68246612e+01 3.72891545e-12
9.20373200e+01 3.92407692e-12
8.74866812e+01 4.12952664e-12
8.31610415e+01 4.34581578e-12
7.90492762e+01 4.57352610e-12
7.51408106e+01 4.81327180e-12
7.14255929e+01 5.06570151e-12
6.78940681e+01 5.33150030e-12
6.45371540e+01 5.61139206e-12
6.13462172e+01 5.90614178e-12
5.83130511e+01 6.21655824e-12
5.54298552e+01 6.54349676e-12
5.26892142e+01 6.88786216e-12
5.00840799e+01 7.25061206e-12
4.76077523e+01 7.63276034e-12
4.52538628e+01 8.03538087e-12
4.30163576e+01 8.45961164e-12
4.08894823e+01 8.90665917e-12
3.88677669e+01 9.37780328e-12
3.69460121e+01 9.87440233e-12
3.51192753e+01 1.03978989e-11
3.33828586e+01 1.09498260e-11
3.17322963e+01 1.15318137e-11
3.01633435e+01 1.21455968e-11
2.86719650e+01 1.27693912e-11
2.72543253e+01 1.34486197e-11
2.59067786e+01 1.41649496e-11
2.46258592e+01 1.49205264e-11
2.34082728e+01 1.57176339e-11
2.22508880e+01 1.65587056e-11
2.11507282e+01 1.74463357e-11
2.01049642e+01 1.83832927e-11
1.91109062e+01 1.93725333e-11
1.81659979e+01 2.04172176e-11
1.72678090e+01 2.15207267e-11
1.64140297e+01 2.26866814e-11
1.56024641e+01 2.39189630e-11
1.48310251e+01 2.52222015e-11
1.40977287e+01 2.65987276e-11
1.34006890e+01 2.80548945e-11
1.27381132e+01 2.95962468e-11
1.21082975e+01 3.12287339e-11
1.15096220e+01 3.29573436e-11
1.09405471e+01 3.47891307e-11
1.03996091e+01 3.67310048e-11
9.88541702e+00 3.87904574e-11
9.39664831e+00 4.09757937e-11
8.93204600e+00 4.32959426e-11
8.49041520e+00 4.57606585e-11
8.07062014e+00 4.83805393e-11
7.67158118e+00 5.11671407e-11
7.29227206e+00 5.41330792e-11
6.93171728e+00 5.72921338e-11
6.58898955e+00 6.06593813e-11
6.26320745e+00 6.42513331e-11
5.95353313e+00 6.80860948e-11
5.65917016e+00 7.21835403e-11
5.37936150e+00 7.65655091e-11
5.11338754e+00 8.12560236e-11
4.86056423e+00 8.62815336e-11
4.62024137e+00 9.16711874e-11
4.39180089e+00 9.74571344e-11
4.17465529e+00 1.03674862e-10
3.96824610e+00 1.10363569e-10
3.77204249e+00 1.17566587e-10
3.58553986e+00 1.25331839e-10
3.40825855e+00 1.33712358e-10
3.23974263e+00 1.42766859e-10
3.07955871e+00 1.52560375e-10
2.92729484e+00 1.63164960e-10
2.78255940e+00 1.74660478e-10
2.64498018e+00 1.87135464e-10
2.51420335e+00 2.00688088e-10
2.38989257e+00 2.15427221e-10
2.27172813e+00 2.31473611e-10
2.15940615e+00 2.48763508e-10
2.05263775e+00 2.67806803e-10
1.95114835e+00 2.88602113e-10
1.85467692e+00 3.11332361e-10
1.76297538e+00 3.36548962e-10
1.67580786e+00 3.63819165e-10
1.59295021e+00 3.93707779e-10
1.51418933e+00 4.26487154e-10
1.43932264e+00 4.62463822e-10
1.36815763e+00 5.01977598e-10
1.30051125e+00 5.45405146e-10
1.23620954e+00 5.93163914e-10
1.17508713e+00 6.45716496e-10
1.11698682e+00 7.03575446e-10
1.06175918e+00 7.67308598e-10
1.00926219e+00 8.37544957e-10
9.59360829e-01 9.14981207e-10
9.11926760e-01 1.00038890e-09
8.66837993e-01 1.09462723e-09
8.23978568e-01 1.19863348e-09
7.83238260e-01 1.31345925e-09
7.44512291e-01 1.44026409e-09
7.07701066e-01 1.58033162e-09
6.72709914e-01 1.73508263e-09
6.39448843e-01 1.90608973e-09
6.07832313e-01 2.09509336e-09
5.77779012e-01 2.30401969e-09
5.49211648e-01 2.53500027e-09
5.22056753e-01 2.79039382e-09
4.96244488e-01 3.07281036e-09
4.71708469e-01 3.38513780e-09
4.48385595e-01 3.73057142e-09
4.26215883e-01 4.11264642e-09
4.05142317e-01 4.53527388e-09
3.85110700e-01 5.00278060e-09
3.66069515e-01 5.51995294e-09
3.47969790e-01 6.09208547e-09
3.30764978e-01 6.72503455e-09
3.14410830e-01 7.42527754e-09
2.98865287e-01 8.19997822e-09
2.84088369e-01 9.05705895e-09
2.70042072e-01 1.00052803e-08
2.56690272e-01 1.10543288e-08
2.43998630e-01 1.22149141e-08
2.31934506e-01 1.34988753e-08
2.20466874e-01 1.49192989e-08
2.09566240e-01 1.64906483e-08
1.99204571e-01 1.82289062e-08
1.89355218e-01 2.01517315e-08
1.79992851e-01 2.22786314e-08
1.71093391e-01 2.46311512e-08
1.62633950e-01 2.72330815e-08
1.54592774e-01 3.01106859e-08
1.46949180e-01 3.32929507e-08
1.39683512e-01 3.68118575e-08
1.32777083e-01 4.07026810e-08
1.26212131e-01 4.50043143e-08
1.19971774e-01 4.97596226e-08
1.14039960e-01 5.50158280e-08
1.08401436e-01 6.08249268e-08
1.03041699e-01 6.72441407e-08
9.79469667e-02 7.43364044e-08
9.31041349e-02 8.21708891e-08
8.85007491e-02 9.08235650e-08
8.41249705e-02 1.00377800e-07
7.99655453e-02 1.10925000e-07
7.60117762e-02 1.22565277e-07
7.22534949e-02 1.35408164e-07
6.86810359e-02 1.49573347e-07
6.52852114e-02 1.65191431e-07
6.20572881e-02 1.82404718e-07
5.89889643e-02 2.01367996e-07
5.60723488e-02 2.22249315e-07
5.32999408e-02 2.45230751e-07
5.06646101e-02 2.70509119e-07
4.81595791e-02 2.98296621e-07
4.57784054e-02 3.28821396e-07
4.35149650e-02 3.62327939e-07
4.13634368e-02 3.99077343e-07
3.93182876e-02 4.39347320e-07
3.73742574e-02 4.83431942e-07
3.55263468e-02 5.31641047e-07
3.37698031e-02 5.84299244e-07
3.21001090e-02 6.41744429e-07
3.05129702e-02 7.04325762e-07
2.90043049e-02 7.72401007e-07
2.75702333e-02 8.46333156e-07
2.62070670e-02 9.26486267e-07
2.49113003e-02 1.01322043e-06
2.36796007e-02 1.10688577e-06
2.25088005e-02 1.20781539e-06
2.13958887e-02 1.31631714e-06
2.03380031e-02 1.43266408e-06
1.93324229e-02 1.55708327e-06
1.83765620e-02 1.68974279e-06
1.74679622e-02 1.83073635e-06
1.66042866e-02 1.98006514e-06
1.57833141e-02 2.13761623e-06
1.50029332e-02 2.30313715e-06
1.42611371e-02 2.47620619e-06
1.35560179e-02 2.65619873e-06
1.28857621e-02 2.84225023e-06
1.22486461e-02 3.03321787e-06
1.16430313e-02 3.22764368e-06
1.10673602e-02 3.42372369e-06
1.05201522e-02 3.61928848e-06
1.00000000e-02 3.81180115e-06
