1.00000000e+20 0.00000000e+00
9.50556592e+19 0.00000000e+00
9.03557835e+19 0.00000000e+00
8.58882856e+19 0.00000000e+00
8.16416760e+19 0.00000000e+00
7.76050334e+19 0.00000000e+00
7.37679760e+19 0.00000000e+00
7.01206359e+19 0.00000000e+00
6.66536327e+19 0.00000000e+00
6.33580499e+19 0.00000000e+00
6.02254120e+19 0.00000000e+00
5.72476624e+19 0.00000000e+00
5.44171429e+19 0.00000000e+00
5.17265739e+19 0.00000000e+00
4.91690358e+19 0.00000000e+00
4.67379511e+19 0.00000000e+00
4.44270675e+19 0.00000000e+00
4.22304419e+19 0.00000000e+00
4.01424249e+19 0.00000000e+00
3.81576466e+19 0.00000000e+00
3.62710025e+19 0.00000000e+00
3.44776405e+19 0.00000000e+00
3.27729485e+19 0.00000000e+00
3.11525422e+19 0.00000000e+00
2.96122544e+19 0.00000000e+00
2.81481236e+19 0.00000000e+00
2.67563844e+19 0.00000000e+00
2.54334576e+19 0.00000000e+00
2.41759408e+19 0.00000000e+00
2.29805999e+19 0.00000000e+00
2.18443607e+19 0.00000000e+00
2.07643011e+19 0.00000000e+00
1.97376433e+19 0.00000000e+00
1.87617469e+19 0.00000000e+00
1.78341022e+19 0.00000000e+00
1.69523234e+19 0.00000000e+00
1.61141428e+19 0.00000000e+00
1.53174046e+19 0.00000000e+00
1.45600600e+19 0.00000000e+00
1.38401610e+19 0.00000000e+00
1.31558562e+19 0.00000000e+00
1.25053859e+19 0.00000000e+00
1.18870770e+19 0.00000000e+00
1.12993394e+19 0.00000000e+00
1.07406615e+19 0.00000000e+00
1.02096066e+19 0.00000000e+00
9.70480888e+18 0.00000000e+00
9.22497005e+18 0.00000000e+00
8.76885609e+18 0.00000000e+00
8.33529397e+18 0.00000000e+00
7.92316862e+18 0.00000000e+00
7.53142017e+18 0.00000000e+00
7.15904109e+18 0.00000000e+00
6.80507370e+18 0.00000000e+00
6.46860766e+18 0.00000000e+00
6.14877765e+18 0.00000000e+00
5.84476113e+18 0.00000000e+00
5.55577622e+18 0.00000000e+00
5.28107971e+18 0.00000000e+00
5.01996513e+18 0.00000000e+00
4.77176095e+18 0.00000000e+00
4.53582883e+18 0.00000000e+00
4.31156199e+18 0.00000000e+00
4.09838367e+18 0.00000000e+00
3.89574562e+18 0.00000000e+00
3.70312668e+18 0.00000000e+00
3.52003147e+18 0.00000000e+00
3.34598912e+18 0.00000000e+00
3.18055202e+18 0.00000000e+00
3.02329468e+18 0.00000000e+00
2.87381269e+18 0.00000000e+00
2.73172160e+18 0.00000000e+00
2.59665597e+18 0.00000000e+00
2.46826845e+18 0.00000000e+00
2.34622885e+18 0.00000000e+00
2.23022330e+18 0.00000000e+00
2.11995346e+18 0.00000000e+00
2.01513573e+18 0.00000000e+00
1.91550056e+18 0.00000000e+00
1.82079168e+18 0.00000000e+00
1.73076553e+18 0.00000000e+00
1.64519059e+18 0.00000000e+00
1.56384676e+18 0.00000000e+00
1.48652484e+18 0.00000000e+00
1.41302599e+18 0.00000000e+00
1.34316117e+18 0.00000000e+00
1.27675070e+18 0.00000000e+00
1.21362380e+18 0.00000000e+00
1.15361810e+18 0.00000000e+00
1.09657929e+18 0.00000000e+00
1.04236067e+18 0.00000000e+00
9.90822810e+17 0.00000000e+00
9.41833153e+17 0.00000000e+00
8.95265713e+17 0.00000000e+00
8.51000725e+17 0.00000000e+00
8.08924349e+17 0.00000000e+00
7.68928372e+17 0.00000000e+00
7.30909933e+17 0.00000000e+00
6.94771255e+17 0.00000000e+00
6.60419396e+17 0.00000000e+00
6.27766011e+17 2.19292809e-58
5.96727120e+17 1.49108924e-56
5.67222897e+17 5.60332488e-55
5.39177464e+17 2.09017603e-53
5.12518693e+17 5.88444502e-52
4.87178022e+17 1.14402696e-50
4.63090280e+17 2.89401838e-49
4.40193519e+17 4.24824833e-48
4.18428851e+17 6.86545161e-47
3.97740302e+17 9.08440369e-46
3.78074666e+17 1.04839505e-44
3.59381366e+17 1.00860862e-43
3.41612327e+17 1.00423618e-42
3.24721849e+17 7.60413788e-42
3.08666494e+17 5.38224003e-41
2.93404971e+17 3.90555465e-40
2.78898029e+17 2.23220696e-39
2.65108360e+17 1.24226587e-38
2.52000499e+17 6.81182852e-38
2.39540736e+17 3.07025065e-37
2.27697026e+17 1.32300285e-36
2.16438909e+17 5.02283188e-36
2.05737431e+17 1.97864605e-35
1.95565072e+17 6.93049774e-35
1.85895668e+17 2.29130179e-34
1.76704353e+17 6.73561115e-34
1.67967487e+17 2.05448667e-33
1.59662602e+17 6.15081527e-33
1.51768339e+17 1.41851725e-32
1.44264395e+17 3.80213303e-32
1.37131472e+17 8.80631796e-32
1.30351224e+17 2.06729124e-31
1.23906216e+17 4.29269942e-31
1.17779870e+17 9.94254428e-31
1.11956432e+17 1.80817710e-30
1.06420924e+17 3.81861604e-30
1.01159111e+17 6.96655485e-30
9.61574600e+16 1.30404115e-29
9.14031075e+16 2.56919457e-29
8.68838264e+16 4.20337516e-29
8.25879939e+16 6.42833081e-29
7.85045620e+16 1.05737042e-28
7.46230289e+16 1.72776101e-28
7.09334120e+16 2.75726273e-28
6.74262224e+16 4.51106746e-28
6.40924402e+16 5.58207882e-28
6.09234915e+16 9.15171372e-28
5.79112265e+16 1.26052696e-27
5.50478981e+16 1.80781546e-27
5.23261424e+16 2.23503981e-27
4.97389596e+16 2.81279691e-27
4.72796959e+16 4.60194544e-27
4.49420266e+16 5.69457382e-27
4.27199397e+16 6.86171159e-27
4.06077203e+16 9.10249847e-27
3.85999362e+16 1.10044581e-26
3.66914238e+16 1.45659392e-26
3.48772747e+16 1.75319264e-26
3.31528234e+16 2.16770997e-26
3.15136348e+16 2.72847066e-26
2.99554933e+16 2.66016396e-26
2.84743917e+16 3.37053979e-26
2.70665207e+16 4.24588672e-26
2.57282597e+16 5.25441276e-26
2.44561668e+16 5.12737229e-26
2.32469706e+16 6.17935202e-26
2.20975611e+16 7.19319075e-26
2.10049824e+16 8.00766705e-26
1.99664245e+16 8.70923690e-26
1.89792164e+16 9.47171836e-26
1.80408193e+16 1.05276507e-25
1.71488197e+16 1.22678469e-25
1.63009236e+16 1.20045326e-25
1.54949504e+16 1.44603463e-25
1.47288272e+16 1.41601129e-25
1.40005838e+16 1.39380192e-25
1.33083472e+16 1.72302593e-25
1.26503372e+16 1.69600507e-25
1.20248614e+16 1.66760816e-25
1.14303113e+16 2.09518425e-25
1.08651577e+16 2.06987965e-25
1.03279473e+16 2.05773168e-25
9.81729841e+15 2.60762844e-25
9.33189772e+15 2.55415591e-25
8.87049689e+15 2.54858123e-25
8.43190929e+15 2.56420261e-25
8.01500696e+15 2.52156785e-25
7.61871770e+15 3.16798298e-25
7.24202233e+15 3.17243493e-25
6.88395207e+15 3.17985138e-25
6.54358602e+15 3.20814709e-25
6.22004883e+15 3.24557400e-25
5.91250841e+15 3.31820236e-25
5.62017385e+15 3.99118033e-25
5.34229330e+15 4.01151103e-25
5.07815211e+15 4.20534341e-25
4.82707097e+15 4.17534174e-25
4.58840413e+15 4.36758772e-25
4.36153779e+15 4.46709415e-25
4.14588850e+15 4.54813432e-25
3.94090164e+15 5.51175718e-25
3.74605003e+15 5.50424303e-25
3.56083255e+15 5.62304201e-25
3.38477286e+15 5.86134784e-25
3.21741815e+15 6.11630586e-25
3.05833803e+15 6.47301747e-25
2.90712338e+15 6.53484175e-25
2.76338529e+15 7.00490399e-25
2.62675410e+15 7.18231750e-25
2.49687843e+15 7.17166865e-25
2.37342425e+15 8.58338497e-25
2.25607407e+15 8.76779862e-25
2.14452608e+15 9.04833377e-25
2.03849340e+15 1.04416344e-24
1.93770334e+15 1.01954021e-24
1.84189668e+15 1.07833087e-24
1.75082703e+15 1.10529296e-24
1.66426018e+15 1.06007373e-24
1.58197348e+15 1.04264562e-24
1.50375532e+15 1.29017294e-24
1.42940453e+15 1.41035950e-24
1.35872990e+15 1.42146551e-24
1.29154967e+15 1.53675527e-24
1.22769105e+15 1.57860787e-24
1.16698982e+15 1.67347441e-24
1.10928986e+15 1.77103077e-24
1.05444279e+15 1.89287016e-24
1.00230755e+15 1.96482326e-24
9.52750047e+14 2.01410149e-24
9.05642838e+14 2.10994909e-24
8.60864770e+14 2.09429993e-24
8.18300682e+14 2.49154812e-24
7.77841107e+14 2.52760025e-24
7.39381992e+14 2.66093937e-24
7.02824426e+14 2.75025659e-24
6.68074392e+14 2.86918441e-24
6.35042517e+14 3.09914694e-24
6.03643851e+14 3.36862523e-24
5.73797641e+14 3.39428571e-24
5.45427131e+14 3.65389138e-24
5.18459354e+14 3.88837572e-24
4.92824957e+14 3.98910067e-24
4.68458012e+14 4.09988586e-24
4.45295851e+14 4.43017354e-24
4.23278907e+14 4.66846341e-24
4.02350555e+14 4.82452335e-24
3.82456972e+14 5.13826724e-24
3.63546996e+14 5.29513807e-24
3.45571994e+14 5.66029628e-24
3.28485737e+14 5.93783413e-24
3.12244282e+14 6.26356686e-24
2.96805861e+14 6.73433676e-24
2.82130768e+14 6.78319041e-24
2.68181261e+14 7.30170256e-24
2.54921465e+14 7.78652553e-24
2.42317279e+14 8.12920597e-24
2.30336287e+14 8.80446293e-24
2.18947676e+14 8.91608782e-24
2.08122157e+14 9.38730344e-24
1.97831888e+14 9.75871045e-24
1.88050406e+14 1.03750317e-23
1.78752553e+14 1.11246204e-23
1.69914417e+14 1.16276880e-23
1.61513269e+14 1.22759007e-23
1.53527503e+14 1.27732301e-23
1.45936580e+14 1.36629764e-23
1.38720978e+14 1.41992683e-23
1.31862140e+14 1.51115737e-23
1.25342427e+14 1.57116773e-23
1.19145070e+14 1.66573132e-23
1.13254132e+14 1.75356493e-23
1.07654461e+14 1.84647422e-23
1.02331658e+14 1.94211258e-23
9.72720319e+13 2.03882434e-23
9.24625712e+13 2.13664604e-23
8.78909065e+13 2.25050700e-23
8.35452806e+13 2.37343362e-23
7.94145172e+13 2.49869897e-23
7.54879928e+13 2.63253070e-23
7.17556092e+13 2.75835574e-23
6.82077673e+13 2.90175550e-23
6.48353429e+13 3.04003622e-23
6.16296626e+13 3.21493110e-23
5.85824820e+13 3.38617617e-23
5.56859644e+13 3.57359876e-23
5.29326606e+13 3.73372673e-23
5.03154895e+13 3.93902403e-23
4.78277202e+13 4.15642447e-23
4.54629547e+13 4.35917659e-23
4.32151113e+13 4.60428085e-23
4.10784089e+13 4.85220356e-23
3.90473524e+13 5.07294048e-23
3.71167182e+13 5.34515375e-23
3.52815412e+13 5.63006853e-23
3.35371015e+13 5.90830905e-23
3.18789129e+13 6.22061634e-23
3.03027108e+13 6.55583047e-23
2.88044415e+13 6.90249895e-23
2.73802518e+13 7.25891098e-23
2.60264788e+13 7.63314104e-23
2.47396410e+13 8.01115107e-23
2.35164288e+13 8.42864582e-23
2.23536965e+13 8.86940020e-23
2.12484535e+13 9.32015359e-23
2.01978576e+13 9.81692906e-23
1.91992067e+13 1.03391451e-22
1.82499324e+13 1.08803748e-22
1.73475936e+13 1.14375290e-22
1.64898694e+13 1.20168363e-22
1.56745541e+13 1.26523389e-22
1.48995507e+13 1.33275411e-22
1.41628662e+13 1.40259834e-22
1.34626058e+13 1.47376014e-22
1.27969687e+13 1.55022223e-22
1.21642429e+13 1.63355353e-22
1.15628013e+13 1.71753062e-22
1.09910970e+13 1.80597864e-22
1.04476597e+13 1.89916586e-22
9.93109181e+12 1.99913739e-22
9.44006479e+12 2.10337928e-22
8.97331581e+12 2.21198443e-22
8.52964450e+12 2.32933747e-22
8.10790981e+12 2.44878792e-22
7.70702711e+12 2.57547436e-22
7.32596543e+12 2.71096998e-22
6.96374473e+12 2.85054368e-22
6.61943346e+12 2.99929236e-22
6.29214611e+12 3.15335155e-22
5.98104096e+12 3.31954028e-22
5.68531791e+12 3.49297572e-22
5.40421642e+12 3.67452577e-22
5.13701354e+12 3.86362595e-22
4.88302209e+12 4.06614631e-22
4.64158883e+12 4.27818786e-22
4.41209286e+12 4.49872825e-22
4.19394396e+12 4.73410354e-22
3.98658107e+12 4.97861892e-22
3.78947092e+12 5.23848066e-22
3.60210656e+12 5.51414817e-22
3.42400614e+12 5.79706397e-22
3.25471161e+12 6.10135386e-22
3.09378757e+12 6.41734525e-22
2.94082017e+12 6.75130333e-22
2.79541600e+12 7.10279208e-22
2.65720111e+12 7.47114503e-22
2.52582003e+12 7.86213843e-22
2.40093488e+12 8.27016993e-22
2.28222447e+12 8.70116401e-22
2.16938352e+12 9.15241469e-22
2.06212180e+12 9.62843023e-22
1.96016347e+12 1.01304523e-21
1.86324631e+12 1.06553752e-21
1.77112106e+12 1.12106273e-21
1.68355080e+12 1.17927567e-21
1.60031031e+12 1.24067532e-21
1.52118552e+12 1.30538785e-21
1.44597292e+12 1.37314792e-21
1.37447909e+12 1.44465656e-21
1.30652016e+12 1.51980559e-21
1.24192135e+12 1.59865439e-21
1.18051653e+12 1.68224508e-21
1.12214777e+12 1.76950412e-21
1.06666496e+12 1.86154783e-21
1.01392541e+12 1.95827701e-21
9.63793480e+11 2.06031535e-21
9.16140246e+11 2.16732821e-21
8.70843150e+11 2.27997458e-21
8.27785697e+11 2.39881962e-21
7.86857151e+11 2.52353837e-21
7.47952252e+11 2.65495299e-21
7.10970943e+11 2.79278015e-21
6.75818117e+11 2.93816023e-21
6.42403366e+11 3.09101737e-21
6.10640754e+11 3.25181453e-21
5.80448594e+11 3.42081517e-21
5.51749238e+11 3.59876295e-21
5.24468875e+11 3.78607188e-21
4.98537346e+11 3.98285108e-21
4.73887961e+11 4.19021698e-21
4.50457325e+11 4.40811931e-21
4.28185180e+11 4.63734652e-21
4.07014245e+11 4.87864998e-21
3.86890074e+11 5.13238307e-21
3.67760910e+11 5.39926977e-21
3.49577557e+11 5.68030430e-21
3.32293252e+11 5.97558827e-21
3.15863541e+11 6.28667728e-21
3.00246171e+11 6.61344452e-21
2.85400977e+11 6.95769830e-21
2.71289780e+11 7.31938419e-21
2.57876289e+11 7.69999398e-21
2.45126006e+11 8.10056494e-21
2.33006141e+11 8.52201791e-21
2.21485523e+11 8.96509618e-21
2.10534524e+11 9.43161680e-21
2.00124980e+11 9.92225267e-21
1.90230119e+11 1.04382973e-20
1.80824493e+11 1.09813266e-20
1.71883914e+11 1.15523508e-20
1.63385388e+11 1.21534083e-20
1.55307057e+11 1.27855355e-20
1.47628147e+11 1.34504094e-20
1.40328908e+11 1.41503010e-20
1.33390569e+11 1.48862414e-20
1.26795285e+11 1.56604153e-20
1.20526094e+11 1.64752960e-20
1.14566873e+11 1.73321948e-20
1.08902296e+11 1.82338166e-20
1.03517796e+11 1.91821485e-20
9.83995230e+10 2.01799852e-20
9.35343152e+10 2.12294254e-20
8.89096599e+10 2.23337883e-20
8.45136633e+10 2.34954089e-20
8.03350198e+10 2.47177746e-20
7.63629826e+10 2.60035633e-20
7.25873365e+10 2.73560383e-20
6.89983712e+10 2.87787481e-20
6.55868566e+10 3.02758681e-20
6.23440189e+10 3.18506109e-20
5.92615181e+10 3.35072650e-20
5.63314267e+10 3.52501961e-20
5.35462090e+10 3.70835722e-20
5.08987019e+10 3.90125708e-20
4.83820966e+10 4.10419628e-20
4.59899209e+10 4.31768466e-20
4.37160225e+10 4.54226204e-20
4.15545533e+10 4.77852709e-20
3.94999546e+10 5.02707139e-20
3.75469422e+10 5.28857118e-20
3.56904935e+10 5.56364754e-20
3.39258338e+10 5.85302961e-20
3.22484250e+10 6.15749221e-20
3.06539530e+10 6.47776858e-20
2.91383170e+10 6.81472433e-20
2.76976194e+10 7.16917486e-20
2.63281547e+10 7.54209937e-20
2.50264010e+10 7.93439811e-20
2.37890104e+10 8.34708181e-20
2.26128007e+10 8.78128231e-20
2.14947467e+10 9.23805044e-20
2.04319732e+10 9.71857263e-20
1.94217468e+10 1.02240924e-19
1.84614695e+10 1.07558864e-19
1.75486715e+10 1.13153450e-19
1.66810054e+10 1.19039108e-19
1.58562396e+10 1.25230983e-19
1.50722531e+10 1.31744910e-19
1.43270295e+10 1.38597587e-19
1.36186524e+10 1.45806975e-19
1.29452998e+10 1.53391151e-19
1.23052400e+10 1.61369859e-19
1.16968270e+10 1.69763455e-19
1.11184960e+10 1.78593798e-19
1.05687597e+10 1.87883639e-19
1.00462042e+10 1.97656216e-19
9.54948564e+09 2.07937845e-19
9.07732653e+09 2.18753111e-19
8.62851257e+09 2.30131624e-19
8.20188950e+09 2.42102137e-19
7.79636013e+09 2.54694929e-19
7.41088152e+09 2.67942868e-19
7.04446228e+09 2.81880244e-19
6.69616005e+09 2.96542572e-19
6.36507908e+09 3.11966718e-19
6.05036788e+09 3.28194021e-19
5.75121707e+09 3.45265035e-19
5.46685730e+09 3.63223864e-19
5.19655724e+09 3.82117658e-19
4.93962174e+09 4.01993368e-19
4.69539001e+09 4.22903291e-19
4.46323393e+09 4.44900151e-19
4.24255643e+09 4.68041849e-19
4.03278998e+09 4.92387341e-19
3.83339510e+09 5.17999257e-19
3.64385898e+09 5.44942759e-19
3.46369418e+09 5.73287798e-19
3.29243733e+09 6.03108136e-19
3.12964801e+09 6.34479067e-19
2.97490755e+09 6.67481020e-19
2.82781798e+09 7.02200804e-19
2.68800102e+09 7.38725781e-19
2.55509709e+09 7.77150840e-19
2.42876438e+09 8.17574516e-19
2.30867799e+09 8.60100965e-19
2.19452909e+09 9.04838487e-19
2.08602409e+09 9.51904187e-19
1.98288395e+09 1.00141731e-18
1.88484341e+09 1.05350671e-18
1.79165033e+09 1.10830496e-18
1.70306503e+09 1.16595364e-18
1.61885969e+09 1.22660106e-18
1.53881775e+09 1.29040290e-18
1.46273336e+09 1.35752340e-18
1.39041083e+09 1.42813563e-18
1.32166418e+09 1.50242065e-18
1.25631660e+09 1.58056882e-18
1.19420003e+09 1.66278289e-18
1.13515471e+09 1.74927240e-18
1.07902879e+09 1.84026095e-18
1.02567793e+09 1.93598283e-18
9.74964918e+08 2.03668385e-18
9.26759330e+08 2.14262198e-18
8.80937190e+08 2.25407093e-18
8.37380654e+08 2.37131695e-18
7.95977700e+08 2.49466124e-18
7.56621850e+08 2.62442153e-18
7.19211887e+08 2.76093150e-18
6.83651600e+08 2.90454205e-18
6.49849535e+08 3.05562245e-18
6.17718760e+08 3.21456188e-18
5.87176639e+08 3.38176796e-18
5.58144625e+08 3.55767065e-18
5.30548053e+08 3.74272427e-18
5.04315949e+08 3.93740241e-18
4.79380850e+08 4.14220732e-18
4.55678627e+08 4.35766521e-18
4.33148322e+08 4.58432992e-18
4.11731993e+08 4.82278516e-18
3.91374560e+08 5.07364379e-18
3.72023668e+08 5.33755026e-18
3.53629550e+08 5.61518370e-18
3.36144900e+08 5.90725924e-18
3.19524751e+08 6.21452668e-18
3.03726358e+08 6.53777657e-18
2.88709092e+08 6.87784009e-18
2.74434330e+08 7.23559295e-18
2.60865362e+08 7.61195340e-18
2.47967289e+08 8.00789088e-18
2.35706941e+08 8.42442309e-18
2.24052787e+08 8.86262076e-18
2.12974854e+08 9.32361208e-18
2.02444651e+08 9.80858184e-18
1.92435098e+08 1.03187776e-17
1.82920450e+08 1.08555111e-17
1.73876240e+08 1.14201628e-17
1.65279206e+08 1.20141852e-17
1.57107239e+08 1.26391051e-17
1.49339322e+08 1.32965313e-17
1.41955477e+08 1.39881536e-17
1.34936714e+08 1.47157504e-17
1.28264983e+08 1.54811932e-17
1.21923125e+08 1.62864509e-17
1.15894830e+08 1.71335942e-17
1.10164595e+08 1.80248016e-17
1.04717682e+08 1.89623660e-17
9.95400829e+07 1.99486975e-17
9.46184819e+07 2.09863334e-17
8.99402217e+07 2.20779421e-17
8.54932707e+07 2.32263310e-17
8.12661920e+07 2.44344537e-17
7.72481145e+07 2.57054167e-17
7.34287045e+07 2.70424899e-17
6.97981391e+07 2.84491103e-17
6.63470812e+07 2.99288975e-17
6.30666554e+07 3.14856557e-17
5.99484250e+07 3.31233891e-17
5.69843706e+07 3.48463090e-17
5.41668691e+07 3.66588475e-17
5.14886745e+07 3.85656653e-17
4.89428990e+07 4.05716667e-17
4.65229952e+07 4.26820112e-17
4.42227398e+07 4.49021252e-17
4.20362168e+07 4.72377190e-17
3.99578030e+07 4.96947992e-17
3.79821531e+07 5.22796851e-17
3.61041860e+07 5.49990241e-17
3.43190720e+07 5.78598104e-17
3.26222201e+07 6.08694015e-17
3.10092664e+07 6.40355364e-17
2.94760626e+07 6.73663592e-17
2.80186656e+07 7.08704351e-17
2.66333273e+07 7.45567758e-17
2.53164848e+07 7.84348633e-17
2.40647515e+07 8.25146693e-17
2.28749082e+07 8.68066879e-17
2.17438948e+07 9.13219571e-17
2.06688025e+07 9.60720887e-17
1.96468665e+07 1.01069300e-16
1.86754584e+07 1.06326442e-16
1.77520801e+07 1.11857034e-16
1.68743568e+07 1.17675303e-16
1.60400311e+07 1.23796209e-16
1.52469573e+07 1.30235496e-16
1.44930957e+07 1.37009724e-16
1.37765077e+07 1.44136315e-16
1.30953502e+07 1.51633597e-16
1.24478715e+07 1.59520852e-16
1.18324063e+07 1.67818364e-16
1.12473718e+07 1.76547473e-16
1.06912634e+07 1.85730629e-16
1.01626509e+07 1.95391448e-16
9.66017480e+06 2.05554778e-16
9.18254284e+06 2.16246755e-16
8.72852662e+06 2.27494878e-16
8.29695852e+06 2.39328074e-16
7.88672862e+06 2.51776776e-16
7.49678187e+06 2.64873001e-16
7.12611543e+06 2.78650429e-16
6.77377600e+06 2.93144493e-16
6.43885743e+06 3.08392468e-16
6.12049837e+06 3.24433571e-16
5.81788007e+06 3.41309055e-16
5.53022426e+06 3.59062321e-16
5.25679112e+06 3.77739028e-16
4.99687745e+06 3.97387208e-16
4.74981480e+06 4.18057392e-16
4.51496777e+06 4.39802741e-16
4.29173238e+06 4.62679178e-16
4.07953450e+06 4.86745540e-16
3.87782841e+06 5.12063718e-16
3.68609536e+06 5.38698828e-16
3.50384225e+06 5.66719368e-16
3.33060034e+06 5.96197404e-16
3.16592411e+06 6.27208747e-16
3.00939003e+06 6.59833151e-16
2.86059554e+06 6.94154522e-16
2.71915794e+06 7.30261128e-16
2.58471351e+06 7.68245826e-16
2.45691646e+06 8.08206309e-16
2.33543814e+06 8.50245344e-16
2.21996612e+06 8.94471051e-16
2.11020343e+06 9.40997168e-16
2.00586778e+06 9.89943353e-16
1.90669084e+06 1.04143549e-15
1.81241755e+06 1.09560599e-15
1.72280545e+06 1.15259420e-15
1.63762407e+06 1.21254665e-15
1.55665436e+06 1.27561755e-15
1.47968806e+06 1.34196910e-15
1.40652724e+06 1.41177194e-15
1.33698374e+06 1.48520559e-15
1.27087871e+06 1.56245891e-15
1.20804213e+06 1.64373058e-15
1.14831241e+06 1.72922962e-15
1.09153594e+06 1.81917592e-15
1.03756668e+06 1.91380080e-15
9.86265846e+05 2.01334761e-15
9.37501502e+05 2.11807238e-15
8.91148232e+05 2.22824444e-15
8.47086827e+05 2.34414713e-15
8.05203967e+05 2.46607853e-15
7.65391939e+05 2.59435222e-15
7.27548353e+05 2.72929811e-15
6.91575883e+05 2.87126325e-15
6.57382014e+05 3.02061274e-15
6.24878807e+05 3.17773070e-15
5.93982669e+05 3.34302119e-15
5.64614142e+05 3.51690932e-15
5.36697695e+05 3.69984229e-15
5.10161531e+05 3.89229058e-15
4.84937407e+05 4.09474914e-15
4.60960449e+05 4.30773863e-15
4.38168993e+05 4.53180685e-15
4.16504425e+05 4.76753005e-15
3.95911027e+05 5.01551448e-15
3.76335836e+05 5.27639790e-15
3.57728510e+05 5.55085127e-15
3.40041193e+05 5.83958043e-15
3.23228398e+05 6.14332795e-15
3.07246884e+05 6.46287501e-15
2.92055551e+05 6.79904343e-15
2.77615329e+05 7.15269779e-15
2.63889081e+05 7.52474763e-15
2.50841506e+05 7.91614979e-15
2.38439047e+05 8.32791091e-15
2.26649808e+05 8.76108997e-15
2.15443469e+05 9.21680102e-15
2.04791210e+05 9.69621610e-15
1.94665634e+05 1.02005682e-14
1.85040702e+05 1.07311544e-14
1.75891659e+05 1.12893393e-14
1.67194976e+05 1.18765585e-14
1.58928287e+05 1.24943222e-14
1.51070330e+05 1.31442193e-14
1.43600898e+05 1.38279211e-14
1.36500781e+05 1.45471860e-14
1.29751717e+05 1.53038640e-14
1.23336350e+05 1.60999010e-14
1.17238180e+05 1.69373444e-14
1.11441525e+05 1.78183480e-14
1.05931476e+05 1.87451777e-14
1.00693863e+05 1.97202170e-14
9.57152154e+04 2.07459737e-14
9.09827289e+04 2.18250860e-14
8.64842328e+04 2.29603292e-14
8.22081576e+04 2.41546229e-14
7.81435061e+04 2.54110389e-14
7.42798248e+04 2.67328085e-14
7.06071771e+04 2.81233312e-14
6.71161177e+04 2.95861833e-14
6.37976681e+04 3.11251271e-14
6.06432940e+04 3.27441207e-14
5.76448828e+04 3.44473281e-14
5.47947234e+04 3.62391297e-14
5.20854855e+04 3.81241340e-14
4.95102016e+04 4.01071891e-14
4.70622485e+04 4.21933954e-14
4.47353305e+04 4.43881186e-14
4.25234633e+04 4.66970033e-14
4.04209584e+04 4.91259882e-14
3.84224085e+04 5.16813204e-14
3.65226736e+04 5.43695723e-14
3.47168682e+04 5.71976581e-14
3.30003479e+04 6.01728518e-14
3.13686982e+04 6.33028056e-14
2.98177229e+04 6.65955700e-14
2.83434331e+04 7.00596142e-14
2.69420371e+04 7.37038478e-14
2.56099310e+04 7.75376443e-14
2.43436887e+04 8.15708646e-14
2.31400538e+04 8.58138825e-14
2.19959307e+04 9.02776117e-14
2.09083769e+04 9.49735336e-14
1.98745955e+04 9.99137268e-14
1.88919278e+04 1.05110899e-13
1.79578465e+04 1.10578417e-13
1.70699493e+04 1.16330346e-13
1.62259529e+04 1.22381481e-13
1.54236865e+04 1.28747386e-13
1.46610868e+04 1.35444438e-13
1.39361927e+04 1.42489863e-13
1.32471399e+04 1.49901784e-13
1.25921561e+04 1.57699267e-13
1.19695570e+04 1.65902371e-13
1.13777413e+04 1.74532199e-13
1.08151870e+04 1.83610949e-13
1.02804473e+04 1.93161977e-13
9.77214697e+03 2.03209853e-13
9.28897872e+03 2.13780427e-13
8.82969996e+03 2.24900893e-13
8.39312950e+03 2.36599859e-13
7.97814457e+03 2.48907424e-13
7.58367791e+03 2.61855252e-13
7.20871503e+03 2.75476656e-13
6.85229160e+03 2.89806680e-13
6.51349095e+03 3.04882196e-13
6.19144176e+03 3.20741992e-13
5.88531578e+03 3.37426876e-13
5.59432571e+03 3.54979779e-13
5.31772318e+03 3.73445868e-13
5.05479682e+03 3.92872661e-13
4.80487044e+03 4.13310148e-13
4.56730127e+03 4.34810924e-13
4.34147833e+03 4.57430318e-13
4.12682085e+03 4.81226545e-13
3.92277676e+03 5.06260847e-13
3.72882131e+03 5.32597655e-13
3.54445567e+03 5.60304757e-13
3.36920571e+03 5.89453469e-13
3.20262069e+03 6.20118821e-13
3.04427221e+03 6.52379752e-13
2.89375302e+03 6.86319311e-13
2.75067601e+03 7.22024874e-13
2.61467321e+03 7.59588366e-13
2.48539486e+03 7.99106504e-13
2.36250847e+03 8.40681040e-13
2.24569800e+03 8.84419032e-13
2.13466303e+03 9.30433112e-13
2.02911802e+03 9.78841785e-13
1.92879151e+03 1.02976973e-12
1.83342548e+03 1.08334813e-12
1.74277468e+03 1.13971499e-12
1.65660596e+03 1.19901553e-12
1.57469771e+03 1.26140254e-12
1.49683929e+03 1.32703675e-12
1.42283046e+03 1.39608732e-12
1.35248087e+03 1.46873219e-12
1.28560961e+03 1.54515860e-12
1.22204469e+03 1.62556357e-12
1.16162263e+03 1.71015439e-12
1.10418805e+03 1.79914917e-12
1.04959323e+03 1.89277741e-12
9.97697764e+02 1.99128059e-12
9.48368187e+02 2.09491280e-12
9.01477631e+02 2.20394142e-12
8.56905505e+02 2.31864778e-12
8.14537177e+02 2.43932791e-12
7.74263683e+02 2.56629335e-12
7.35981448e+02 2.69987189e-12
6.99592017e+02 2.84040850e-12
6.65001803e+02 2.98826616e-12
6.32121848e+02 3.14382689e-12
6.00867589e+02 3.30749268e-12
5.71158648e+02 3.47968659e-12
5.42918618e+02 3.66085385e-12
5.16074871e+02 3.85146302e-12
4.90558371e+02 4.05200722e-12
4.66303493e+02 4.26300547e-12
4.43247859e+02 4.48500400e-12
4.21332174e+02 4.71857776e-12
4.00500076e+02 4.96433187e-12
3.80697987e+02 5.22290329e-12
3.61874981e+02 5.49496249e-12
3.43982649e+02 5.78121522e-12
3.26974974e+02 6.08240440e-12
3.10808217e+02 6.39931213e-12
2.95440800e+02 6.73276175e-12
2.80833200e+02 7.08362009e-12
2.66947849e+02 7.45279976e-12
2.53749038e+02 7.84126165e-12
2.41202821e+02 8.25001753e-12
2.29276931e+02 8.68013277e-12
2.17940698e+02 9.13272927e-12
2.07164968e+02 9.60898854e-12
1.96922026e+02 1.01101549e-11
1.87185529e+02 1.06375389e-11
1.77930439e+02 1.11925211e-11
1.69132952e+02 1.17765557e-11
1.60770442e+02 1.23911746e-11
1.52821404e+02 1.30379920e-11
1.45265393e+02 1.37187086e-11
1.38082977e+02 1.44351166e-11
1.31255684e+02 1.51891049e-11
1.24765955e+02 1.59826642e-11
1.18597101e+02 1.68178932e-11
1.12733256e+02 1.76970043e-11
1.07159340e+02 1.86223306e-11
1.01861017e+02 1.95963323e-11
9.68246612e+01 2.06216042e-11
9.20373200e+01 2.17008838e-11
8.74866812e+01 2.28370594e-11
8.31610415e+01 2.40331791e-11
7.90492762e+01 2.52924600e-11
7.51408106e+01 2.66182989e-11
7.14255929e+01 2.80142826e-11
6.78940681e+01 2.94842000e-11
6.45371540e+01 3.10320541e-11
6.13462172e+01 3.26620755e-11
5.83130511e+01 3.43787370e-11
5.54298552e+01 3.61867684e-11
5.26892142e+01 3.80911739e-11
5.00840799e+01 4.00972492e-11
4.76077523e+01 4.22106010e-11
4.52538628e+01 4.44371683e-11
4.30163576e+01 4.67832443e-11
4.08894823e+01 4.92555013e-11
3.88677669e+01 5.18610169e-11
3.69460121e+01 5.46073031e-11
3.51192753e+01 5.75023377e-11
3.33828586e+01 6.05545983e-11
3.17322963e+01 6.37730999e-11
3.01633435e+01 6.71674358e-11
2.86719650e+01 7.06171366e-11
2.72543253e+01 7.43733976e-11
2.59067786e+01 7.83348371e-11
2.46258592e+01 8.25133189e-11
2.34082728e+01 8.69214735e-11
2.22508880e+01 9.15727578e-11
2.11507282e+01 9.64815194e-11
2.01049642e+01 1.01663068e-10
1.91109062e+01 1.07133755e-10
1.81659979e+01 1.12911055e-10
1.72678090e+01 1.19013668e-10
1.64140297e+01 1.25461617e-10
1.56024641e+01 1.32276366e-10
1.48310251e+01 1.39483521e-10
1.40977287e+01 1.47095969e-10
1.34006890e+01 1.55148846e-10
1.27381132e+01 1.63672814e-10
1.21082975e+01 1.72700775e-10
1.15096220e+01 1.82260312e-10
1.09405471e+01 1.92390440e-10
1.03996091e+01 2.03129369e-10
9.88541702e+00 2.14518529e-10
9.39664831e+00 2.26603850e-10
8.93204600e+00 2.39434710e-10
8.49041520e+00 2.53065053e-10
8.07062014e+00 2.67553487e-10
7.67158118e+00 2.82963917e-10
7.29227206e+00 2.99366115e-10
6.93171728e+00 3.16836281e-10
6.58898955e+00 3.35457794e-10
6.26320745e+00 3.55321963e-10
5.95353313e+00 3.76528917e-10
5.65917016e+00 3.99188562e-10
5.37936150e+00 4.23421674e-10
5.11338754e+00 4.49361101e-10
4.86056423e+00 4.77153118e-10
4.62024137e+00 5.06958917e-10
4.39180089e+00 5.38956293e-10
4.17465529e+00 5.73341495e-10
3.96824610e+00 6.10331308e-10
3.77204249e+00 6.50165353e-10
3.58553986e+00 6.93108658e-10
3.40825855e+00 7.39454505e-10
3.23974263e+00 7.89527599e-10
3.07955871e+00 8.43687581e-10
2.92729484e+00 9.02332936e-10
2.78255940e+00 9.65905314e-10
2.64498018e+00 1.03489433e-09
2.51420335e+00 1.10984289e-09
2.38989257e+00 1.19135307e-09
2.27172813e+00 1.28009263e-09
2.15940615e+00 1.37570901e-09
2.05263775e+00 1.48102202e-09
1.95114835e+00 1.59602400e-09
1.85467692e+00 1.72172654e-09
1.76297538e+00 1.86117909e-09
1.67580786e+00 2.01198845e-09
1.59295021e+00 2.17727811e-09
1.51418933e+00 2.35855422e-09
1.43932264e+00 2.55751196e-09
1.36815763e+00 2.77603058e-09
1.30051125e+00 3.01619309e-09
1.23620954e+00 3.28030807e-09
1.17508713e+00 3.57093374e-09
1.11698682e+00 3.89090462e-09
1.06175918e+00 4.24336094e-09
1.00926219e+00 4.63178123e-09
9.59360829e-01 5.06001826e-09
9.11926760e-01 5.53233889e-09
8.66837993e-01 6.05349459e-09
8.23978568e-01 6.62866873e-09
7.83238260e-01 7.26367682e-09
7.44512291e-01 7.96493146e-09
7.07701066e-01 8.73953123e-09
6.72709914e-01 9.59533348e-09
6.39448843e-01 1.05410349e-08
6.07832313e-01 1.15862606e-08
5.77779012e-01 1.27416625e-08
5.49211648e-01 1.40190285e-08
5.22056753e-01 1.54314029e-08
4.96244488e-01 1.69932196e-08
4.71708469e-01 1.87204491e-08
4.48385595e-01 2.06307620e-08
4.26215883e-01 2.27437086e-08
4.05142317e-01 2.50809181e-08
3.85110700e-01 2.76663181e-08
3.66069515e-01 3.05263785e-08
3.47969790e-01 3.36903791e-08
3.30764978e-01 3.71907066e-08
3.14410830e-01 4.10631821e-08
2.98865287e-01 4.53474227e-08
2.84088369e-01 5.00872404e-08
2.70042072e-01 5.53310827e-08
2.56690272e-01 6.11325185e-08
2.43998630e-01 6.75507735e-08
2.31934506e-01 7.46513205e-08
2.20466874e-01 8.25065306e-08
2.09566240e-01 9.11963885e-08
1.99204571e-01 1.00809282e-07
1.89355218e-01 1.11442867e-07
1.79992851e-01 1.23205024e-07
1.71093391e-01 1.36214902e-07
1.62633950e-01 1.50604065e-07
1.54592774e-01 1.66517759e-07
1.46949180e-01 1.84116283e-07
1.39683512e-01 2.03576499e-07
1.32777083e-01 2.25093486e-07
1.26212131e-01 2.48882327e-07
1.19971774e-01 2.75180077e-07
1.14039960e-01 3.04247882e-07
1.08401436e-01 3.36373291e-07
1.03041699e-01 3.71872752e-07
9.79469667e-02 4.11094305e-07
9.31041349e-02 4.54420480e-07
8.85007491e-02 5.02271406e-07
8.41249705e-02 5.55108126e-07
7.99655453e-02 6.13436122e-07
7.60117762e-02 6.77809046e-07
7.22534949e-02 7.48832626e-07
6.86810359e-02 8.27168754e-07
6.52852114e-02 9.13539698e-07
6.20572881e-02 1.00873242e-06
5.89889643e-02 1.11360291e-06
5.60723488e-02 1.22908054e-06
5.32999408e-02 1.35617220e-06
5.06646101e-02 1.49596634e-06
4.81595791e-02 1.64963645e-06
4.57784054e-02 1.81844420e-06
4.35149650e-02 2.00374169e-06
4.13634368e-02 2.20697281e-06
3.93182876e-02 2.42967336e-06
3.73742574e-02 2.67346961e-06
3.55263468e-02 2.94007504e-06
3.37698031e-02 3.23128477e-06
3.21001090e-02 3.54896746e-06
3.05129702e-02 3.89505401e-06
2.90043049e-02 4.27152292e-06
2.75702333e-02 4.68038162e-06
2.62070670e-02 5.12364341e-06
2.49113003e-02 5.60329966e-06
2.36796007e-02 6.12128661e-06
2.25088005e-02 6.67944639e-06
2.13958887e-02 7.27948152e-06
2.03380031e-02 7.92290197e-06
1.93324229e-02 8.61096351e-06
1.83765620e-02 9.34459561e-06
1.74679622e-02 1.01243165e-05
1.66042866e-02 1.09501328e-05
1.57833141e-02 1.18214200e-05
1.50029332e-02 1.27367819e-05
1.42611371e-02 1.36938862e-05
1.35560179e-02 1.46892788e-05
1.28857621e-02 1.57181786e-05
1.22486461e-02 1.67742656e-05
1.16430313e-02 1.78494770e-05
1.10673602e-02 1.89338363e-05
1.05201522e-02 2.00153464e-05
1.00000000e-02 2.10799777e-05
