1.00000000e+20 0.00000000e+00
9.50556592e+19 0.00000000e+00
9.03557835e+19 0.00000000e+00
8.58882856e+19 0.00000000e+00
8.16416760e+19 0.00000000e+00
7.76050334e+19 0.00000000e+00
7.37679760e+19 0.00000000e+00
7.01206359e+19 0.00000000e+00
6.66536327e+19 0.00000000e+00
6.33580499e+19 0.00000000e+00
6.02254120e+19 0.00000000e+00
5.72476624e+19 0.00000000e+00
5.44171429e+19 0.00000000e+00
5.17265739e+19 0.00000000e+00
4.91690358e+19 0.00000000e+00
4.67379511e+19 0.00000000e+00
4.44270675e+19 0.00000000e+00
4.22304419e+19 0.00000000e+00
4.01424249e+19 0.00000000e+00
3.81576466e+19 0.00000000e+00
3.62710025e+19 0.00000000e+00
3.44776405e+19 0.00000000e+00
3.27729485e+19 0.00000000e+00
3.11525422e+19 0.00000000e+00
2.96122544e+19 0.00000000e+00
2.81481236e+19 0.00000000e+00
2.67563844e+19 0.00000000e+00
2.54334576e+19 0.00000000e+00
2.41759408e+19 0.00000000e+00
2.29805999e+19 0.00000000e+00
2.18443607e+19 0.00000000e+00
2.07643011e+19 0.00000000e+00
1.97376433e+19 0.00000000e+00
1.87617469e+19 0.00000000e+00
1.78341022e+19 0.00000000e+00
1.69523234e+19 0.00000000e+00
1.61141428e+19 0.00000000e+00
1.53174046e+19 0.00000000e+00
1.45600600e+19 0.00000000e+00
1.38401610e+19 0.00000000e+00
1.31558562e+19 0.00000000e+00
1.25053859e+19 0.00000000e+00
1.18870770e+19 0.00000000e+00
1.12993394e+19 0.00000000e+00
1.07406615e+19 0.00000000e+00
1.02096066e+19 0.00000000e+00
9.70480888e+18 0.00000000e+00
9.22497005e+18 0.00000000e+00
8.76885609e+18 0.00000000e+00
8.33529397e+18 0.00000000e+00
7.92316862e+18 0.00000000e+00
7.53142017e+18 0.00000000e+00
7.15904109e+18 0.00000000e+00
6.80507370e+18 0.00000000e+00
6.46860766e+18 0.00000000e+00
6.14877765e+18 0.00000000e+00
5.84476113e+18 0.00000000e+00
5.55577622e+18 0.00000000e+00
5.28107971e+18 0.00000000e+00
5.01996513e+18 0.00000000e+00
4.77176095e+18 0.00000000e+00
4.53582883e+18 0.00000000e+00
4.31156199e+18 0.00000000e+00
4.09838367e+18 0.00000000e+00
3.89574562e+18 0.00000000e+00
3.70312668e+18 0.00000000e+00
3.52003147e+18 0.00000000e+00
3.34598912e+18 0.00000000e+00
3.18055202e+18 0.00000000e+00
3.02329468e+18 0.00000000e+00
2.87381269e+18 0.00000000e+00
2.73172160e+18 0.00000000e+00
2.59665597e+18 0.00000000e+00
2.46826845e+18 0.00000000e+00
2.34622885e+18 0.00000000e+00
2.23022330e+18 0.00000000e+00
2.11995346e+18 0.00000000e+00
2.01513573e+18 0.00000000e+00
1.91550056e+18 0.00000000e+00
1.82079168e+18 0.00000000e+00
1.73076553e+18 0.00000000e+00
1.64519059e+18 0.00000000e+00
1.56384676e+18 0.00000000e+00
1.48652484e+18 0.00000000e+00
1.41302599e+18 0.00000000e+00
1.34316117e+18 0.00000000e+00
1.27675070e+18 0.00000000e+00
1.21362380e+18 0.00000000e+00
1.15361810e+18 0.00000000e+00
1.09657929e+18 0.00000000e+00
1.04236067e+18 0.00000000e+00
9.90822810e+17 0.00000000e+00
9.41833153e+17 0.00000000e+00
8.95265713e+17 0.00000000e+00
8.51000725e+17 0.00000000e+00
8.08924349e+17 0.00000000e+00
7.68928372e+17 0.00000000e+00
7.30909933e+17 0.00000000e+00
6.94771255e+17 0.00000000e+00
6.60419396e+17 1.12648191e-46
6.27766011e+17 4.73400065e-45
5.96727120e+17 1.54488481e-43
5.67222897e+17 4.23911859e-42
5.39177464e+17 9.66649162e-41
5.12518693e+17 1.87931495e-39
4.87178022e+17 3.74573398e-38
4.63090280e+17 5.64663587e-37
4.40193519e+17 8.28892850e-36
4.18428851e+17 9.84517833e-35
3.97740302e+17 9.46161699e-34
3.78074666e+17 8.85447670e-33
3.59381366e+17 8.14319702e-32
3.41612327e+17 5.76683222e-31
3.24721849e+17 3.67204513e-30
3.08666494e+17 2.26902116e-29
2.93404971e+17 1.33033039e-28
2.78898029e+17 7.42951047e-28
2.65108360e+17 3.12088612e-27
2.52000499e+17 1.40825036e-26
2.39540736e+17 5.63681673e-26
2.27697026e+17 2.11891274e-25
2.16438909e+17 8.04453480e-25
2.05737431e+17 2.45373272e-24
1.95565072e+17 8.17636778e-24
1.85895668e+17 2.18686724e-23
1.76704353e+17 6.69493949e-23
1.67967487e+17 1.54714534e-22
1.59662602e+17 4.14321776e-22
1.51768339e+17 1.06900017e-21
1.44264395e+17 2.21501108e-21
1.37131472e+17 5.93702106e-21
1.30351224e+17 1.11579088e-20
1.23906216e+17 2.50080065e-20
1.17779870e+17 4.08931864e-20
1.11956432e+17 8.07688999e-20
1.06420924e+17 1.51365815e-19
1.01159111e+17 2.75277829e-19
9.61574600e+16 4.50135343e-19
9.14031075e+16 8.89070762e-19
8.68838264e+16 1.31389742e-18
8.25879939e+16 2.38958112e-18
7.85045620e+16 3.81343421e-18
7.46230289e+16 4.83085803e-18
7.09334120e+16 7.72029807e-18
6.74262224e+16 1.10973299e-17
6.40924402e+16 1.53015522e-17
6.09234915e+16 2.02526043e-17
5.79112265e+16 3.09116965e-17
5.50478981e+16 3.89023597e-17
5.23261424e+16 4.92815383e-17
4.97389596e+16 7.87579505e-17
4.72796959e+16 9.49004187e-17
4.49420266e+16 1.25890732e-16
4.27199397e+16 1.52193240e-16
4.06077203e+16 2.01436207e-16
3.85999362e+16 2.42464822e-16
3.66914238e+16 2.99778292e-16
3.48772747e+16 3.77299523e-16
3.31528234e+16 3.67853817e-16
3.15136348e+16 4.66042259e-16
2.99554933e+16 5.86873372e-16
2.84743917e+16 5.72365649e-16
2.70665207e+16 7.08470570e-16
2.57282597e+16 8.53872827e-16
2.44561668e+16 9.93388189e-16
2.32469706e+16 1.10528476e-15
2.20975611e+16 1.16708012e-15
2.10049824e+16 1.30423881e-15
1.99664245e+16 1.45010631e-15
1.89792164e+16 1.68504847e-15
1.80408193e+16 1.64775405e-15
1.71488197e+16 1.98404455e-15
1.63009236e+16 1.93847111e-15
1.54949504e+16 1.89445022e-15
1.47288272e+16 2.34439716e-15
1.40005838e+16 2.29780680e-15
1.33083472e+16 2.24856654e-15
1.26503372e+16 2.82778070e-15
1.20248614e+16 2.77319147e-15
1.14303113e+16 2.72491047e-15
1.08651577e+16 3.45359965e-15
1.03279473e+16 3.36927018e-15
9.81729841e+15 3.31888897e-15
9.33189772e+15 3.27519601e-15
8.87049689e+15 3.19838349e-15
8.43190929e+15 4.01749070e-15
8.01500696e+15 3.96325393e-15
7.61871770e+15 3.90350580e-15
7.24202233e+15 3.84566556e-15
6.88395207e+15 3.79388079e-15
6.54358602e+15 3.74375859e-15
6.22004883e+15 4.60838540e-15
5.91250841e+15 4.51503124e-15
5.62017385e+15 4.51591952e-15
5.34229330e+15 4.40916759e-15
5.07815211e+15 4.44641954e-15
4.82707097e+15 4.36611713e-15
4.58840413e+15 4.28603321e-15
4.36153779e+15 5.16927216e-15
4.14588850e+15 5.07224842e-15
3.94090164e+15 4.98728587e-15
3.74605003e+15 4.92042289e-15
3.56083255e+15 4.99370071e-15
3.38477286e+15 4.93543882e-15
3.21741815e+15 4.83805721e-15
3.05833803e+15 4.81955269e-15
2.90712338e+15 4.72991564e-15
2.76338529e+15 5.49763873e-15
2.62675410e+15 5.48678444e-15
2.49687843e+15 5.38242305e-15
2.37342425e+15 5.29855686e-15
2.25607407e+15 5.20623476e-15
2.14452608e+15 5.45425796e-15
2.03849340e+15 5.35830242e-15
1.93770334e+15 6.11841188e-15
1.84189668e+15 5.97677264e-15
1.75082703e+15 5.82729662e-15
1.66426018e+15 5.69194294e-15
1.58197348e+15 5.10709923e-15
1.50375532e+15 5.27621197e-15
1.42940453e+15 5.65382266e-15
1.35872990e+15 5.57398596e-15
1.29154967e+15 5.62055203e-15
1.22769105e+15 5.56221645e-15
1.16698982e+15 5.59249701e-15
1.10928986e+15 5.51184458e-15
1.05444279e+15 5.48450199e-15
1.00230755e+15 5.37149665e-15
9.52750047e+14 5.98888316e-15
9.05642838e+14 6.00704985e-15
8.60864770e+14 5.86209021e-15
8.18300682e+14 5.53340565e-15
7.77841107e+14 5.50515825e-15
7.39381992e+14 5.44676251e-15
7.02824426e+14 5.47270363e-15
6.68074392e+14 5.74398647e-15
6.35042517e+14 5.64080006e-15
6.03643851e+14 5.38385970e-15
5.73797641e+14 5.88887616e-15
5.45427131e+14 5.65648305e-15
5.18459354e+14 5.55358428e-15
4.92824957e+14 5.65472593e-15
4.68458012e+14 5.68026807e-15
4.45295851e+14 5.64114935e-15
4.23278907e+14 5.62323838e-15
4.02350555e+14 5.68026738e-15
3.82456972e+14 5.49717757e-15
3.63546996e+14 5.60536065e-15
3.45571994e+14 5.58866641e-15
3.28485737e+14 5.63836061e-15
3.12244282e+14 5.58574430e-15
2.96805861e+14 5.67371202e-15
2.82130768e+14 5.60499199e-15
2.68181261e+14 5.58783242e-15
2.54921465e+14 5.64243790e-15
2.42317279e+14 5.59048559e-15
2.30336287e+14 5.63939711e-15
2.18947676e+14 5.56663439e-15
2.08122157e+14 5.59138663e-15
1.97831888e+14 5.57820133e-15
1.88050406e+14 5.65908397e-15
1.78752553e+14 5.62383700e-15
1.69914417e+14 5.68120538e-15
1.61513269e+14 5.64577957e-15
1.53527503e+14 5.65633449e-15
1.45936580e+14 5.64048785e-15
1.38720978e+14 5.58695761e-15
1.31862140e+14 5.64091989e-15
1.25342427e+14 5.61110187e-15
1.19145070e+14 5.65415265e-15
1.13254132e+14 5.64193909e-15
1.07654461e+14 5.62581478e-15
1.02331658e+14 5.62405255e-15
9.72720319e+13 5.62304926e-15
9.24625712e+13 5.63875159e-15
8.78909065e+13 5.63600011e-15
8.35452806e+13 5.65493511e-15
7.94145172e+13 5.65324004e-15
7.54879928e+13 5.62740055e-15
7.17556092e+13 5.64037646e-15
6.82077673e+13 5.63687143e-15
6.48353429e+13 5.64209387e-15
6.16296626e+13 5.65573454e-15
5.85824820e+13 5.64399071e-15
5.56859644e+13 5.64531229e-15
5.29326606e+13 5.63905399e-15
5.03154895e+13 5.65621861e-15
4.78277202e+13 5.64114969e-15
4.54629547e+13 5.64940098e-15
4.32151113e+13 5.64358004e-15
4.10784089e+13 5.65080392e-15
3.90473524e+13 5.64867291e-15
3.71167182e+13 5.66452407e-15
3.52815412e+13 5.64693055e-15
3.35371015e+13 5.64338710e-15
3.18789129e+13 5.64924312e-15
3.03027108e+13 5.65578985e-15
2.88044415e+13 5.65700223e-15
2.73802518e+13 5.64718620e-15
2.60264788e+13 5.64906306e-15
2.47396410e+13 5.64772771e-15
2.35164288e+13 5.65441637e-15
2.23536965e+13 5.65121903e-15
2.12484535e+13 5.65170222e-15
2.01978576e+13 5.65079208e-15
1.91992067e+13 5.64618618e-15
1.82499324e+13 5.65257135e-15
1.73475936e+13 5.65192784e-15
1.64898694e+13 5.65348993e-15
1.56745541e+13 5.65604247e-15
1.48995507e+13 5.65315002e-15
1.41628662e+13 5.64975600e-15
1.34626058e+13 5.65405355e-15
1.27969687e+13 5.65345207e-15
1.21642429e+13 5.65209629e-15
1.15628013e+13 5.65181341e-15
1.09910970e+13 5.65045908e-15
1.04476597e+13 5.65283367e-15
9.93109181e+12 5.65302987e-15
9.44006479e+12 5.65101415e-15
8.97331581e+12 5.65234809e-15
8.52964450e+12 5.65257730e-15
8.10790981e+12 5.65310708e-15
7.70702711e+12 5.65307230e-15
7.32596543e+12 5.65222338e-15
6.96374473e+12 5.65302942e-15
6.61943346e+12 5.65265740e-15
6.29214611e+12 5.65267196e-15
5.98104096e+12 5.65287806e-15
5.68531791e+12 5.65464555e-15
5.40421642e+12 5.65247028e-15
5.13701354e+12 5.65235982e-15
4.88302209e+12 5.65396520e-15
4.64158883e+12 5.65416215e-15
4.41209286e+12 5.65337595e-15
4.19394396e+12 5.65414800e-15
3.98658107e+12 5.65369004e-15
3.78947092e+12 5.65256864e-15
3.60210656e+12 5.65348445e-15
3.42400614e+12 5.65414885e-15
3.25471161e+12 5.65298256e-15
3.09378757e+12 5.65379839e-15
2.94082017e+12 5.65330107e-15
2.79541600e+12 5.65422683e-15
2.65720111e+12 5.65366366e-15
2.52582003e+12 5.65388362e-15
2.40093488e+12 5.65411054e-15
2.28222447e+12 5.65401353e-15
2.16938352e+12 5.65402347e-15
2.06212180e+12 5.65401807e-15
1.96016347e+12 5.65450797e-15
1.86324631e+12 5.65389691e-15
1.77112106e+12 5.65402914e-15
1.68355080e+12 5.65452067e-15
1.60031031e+12 5.65377768e-15
1.52118552e+12 5.65393006e-15
1.44597292e+12 5.65386341e-15
1.37447909e+12 5.65426182e-15
1.30652016e+12 5.65394035e-15
1.24192135e+12 5.65404862e-15
1.18051653e+12 5.65380702e-15
1.12214777e+12 5.65388461e-15
1.06666496e+12 5.65418947e-15
1.01392541e+12 5.65409041e-15
9.63793480e+11 5.65399226e-15
9.16140246e+11 5.65408682e-15
8.70843150e+11 5.65415273e-15
8.27785697e+11 5.65410060e-15
7.86857151e+11 5.65401157e-15
7.47952252e+11 5.65412980e-15
7.10970943e+11 5.65423672e-15
6.75818117e+11 5.65409883e-15
6.42403366e+11 5.65423670e-15
6.10640754e+11 5.65408421e-15
5.80448594e+11 5.65408642e-15
5.51749238e+11 5.65410323e-15
5.24468875e+11 5.65415865e-15
4.98537346e+11 5.65414581e-15
4.73887961e+11 5.65409635e-15
4.50457325e+11 5.65423186e-15
4.28185180e+11 5.65422446e-15
4.07014245e+11 5.65413067e-15
3.86890074e+11 5.65410607e-15
3.67760910e+11 5.65423342e-15
3.49577557e+11 5.65417398e-15
3.32293252e+11 5.65425663e-15
3.15863541e+11 5.65416005e-15
3.00246171e+11 5.65415906e-15
2.85400977e+11 5.65418264e-15
2.71289780e+11 5.65424339e-15
2.57876289e+11 5.65419313e-15
2.45126006e+11 5.65423435e-15
2.33006141e+11 5.65421029e-15
2.21485523e+11 5.65418162e-15
2.10534524e+11 5.65427433e-15
2.00124980e+11 5.65426985e-15
1.90230119e+11 5.65421693e-15
1.80824493e+11 5.65422681e-15
1.71883914e+11 5.65424127e-15
1.63385388e+11 5.65422594e-15
1.55307057e+11 5.65423714e-15
1.47628147e+11 5.65423150e-15
1.40328908e+11 5.65426190e-15
1.33390569e+11 5.65425170e-15
1.26795285e+11 5.65422406e-15
1.20526094e+11 5.65423872e-15
1.14566873e+11 5.65423575e-15
1.08902296e+11 5.65425254e-15
1.03517796e+11 5.65426294e-15
9.83995230e+10 5.65424438e-15
9.35343152e+10 5.65423636e-15
8.89096599e+10 5.65426354e-15
8.45136633e+10 5.65423446e-15
8.03350198e+10 5.65424279e-15
7.63629826e+10 5.65424923e-15
7.25873365e+10 5.65426172e-15
6.89983712e+10 5.65424376e-15
6.55868566e+10 5.65426163e-15
6.23440189e+10 5.65425821e-15
5.92615181e+10 5.65424584e-15
5.63314267e+10 5.65424417e-15
5.35462090e+10 5.65424835e-15
5.08987019e+10 5.65426052e-15
4.83820966e+10 5.65426111e-15
4.59899209e+10 5.65425748e-15
4.37160225e+10 5.65425067e-15
4.15545533e+10 5.65426544e-15
3.94999546e+10 5.65425907e-15
3.75469422e+10 5.65425391e-15
3.56904935e+10 5.65424560e-15
3.39258338e+10 5.65425928e-15
3.22484250e+10 5.65425598e-15
3.06539530e+10 5.65424528e-15
2.91383170e+10 5.65425646e-15
2.76976194e+10 5.65425874e-15
2.63281547e+10 5.65425125e-15
2.50264010e+10 5.65425712e-15
2.37890104e+10 5.65426338e-15
2.26128007e+10 5.65425775e-15
2.14947467e+10 5.65426031e-15
2.04319732e+10 5.65425981e-15
1.94217468e+10 5.65425799e-15
1.84614695e+10 5.65426103e-15
1.75486715e+10 5.65426212e-15
1.66810054e+10 5.65426299e-15
1.58562396e+10 5.65425926e-15
1.50722531e+10 5.65426248e-15
1.43270295e+10 5.65426010e-15
1.36186524e+10 5.65425934e-15
1.29452998e+10 5.65426194e-15
1.23052400e+10 5.65426006e-15
1.16968270e+10 5.65426562e-15
1.11184960e+10 5.65426316e-15
1.05687597e+10 5.65426272e-15
1.00462042e+10 5.65426332e-15
9.54948564e+09 5.65426083e-15
9.07732653e+09 5.65426412e-15
8.62851257e+09 5.65426766e-15
8.20188950e+09 5.65426676e-15
7.79636013e+09 5.65426776e-15
7.41088152e+09 5.65426855e-15
7.04446228e+09 5.65426797e-15
6.69616005e+09 5.65427068e-15
6.36507908e+09 5.65427261e-15
6.05036788e+09 5.65426220e-15
5.75121707e+09 5.65426754e-15
5.46685730e+09 5.65427234e-15
5.19655724e+09 5.65426869e-15
4.93962174e+09 5.65427184e-15
4.69539001e+09 5.65427186e-15
4.46323393e+09 5.65427172e-15
4.24255643e+09 5.65427288e-15
4.03278998e+09 5.65427241e-15
3.83339510e+09 5.65427475e-15
3.64385898e+09 5.65427713e-15
3.46369418e+09 5.65427749e-15
3.29243733e+09 5.65427557e-15
3.12964801e+09 5.65428129e-15
2.97490755e+09 5.65427914e-15
2.82781798e+09 5.65428284e-15
2.68800102e+09 5.65428013e-15
2.55509709e+09 5.65428127e-15
2.42876438e+09 5.65428438e-15
2.30867799e+09 5.65428688e-15
2.19452909e+09 5.65428446e-15
2.08602409e+09 5.65428820e-15
1.98288395e+09 5.65428870e-15
1.88484341e+09 5.65429185e-15
1.79165033e+09 5.65429309e-15
1.70306503e+09 5.65429327e-15
1.61885969e+09 5.65429510e-15
1.53881775e+09 5.65429883e-15
1.46273336e+09 5.65430108e-15
1.39041083e+09 5.65430245e-15
1.32166418e+09 5.65430512e-15
1.25631660e+09 5.65430807e-15
1.19420003e+09 5.65431017e-15
1.13515471e+09 5.65431306e-15
1.07902879e+09 5.65431545e-15
1.02567793e+09 5.65431874e-15
9.74964918e+08 5.65432130e-15
9.26759330e+08 5.65432498e-15
8.80937190e+08 5.65432843e-15
8.37380654e+08 5.65433120e-15
7.95977700e+08 5.65433525e-15
7.56621850e+08 5.65433891e-15
7.19211887e+08 5.65434342e-15
6.83651600e+08 5.65434746e-15
6.49849535e+08 5.65435325e-15
6.17718760e+08 5.65435718e-15
5.87176639e+08 5.65436293e-15
5.58144625e+08 5.65436847e-15
5.30548053e+08 5.65437356e-15
5.04315949e+08 5.65437967e-15
4.79380850e+08 5.65438590e-15
4.55678627e+08 5.65439287e-15
4.33148322e+08 5.65439956e-15
4.11731993e+08 5.65440641e-15
3.91374560e+08 5.65441431e-15
3.72023668e+08 5.65442244e-15
3.53629550e+08 5.65443100e-15
3.36144900e+08 5.65444005e-15
3.19524751e+08 5.65444929e-15
3.03726358e+08 5.65445941e-15
2.88709092e+08 5.65446940e-15
2.74434330e+08 5.65448057e-15
2.60865362e+08 5.65449189e-15
2.47967289e+08 5.65450416e-15
2.35706941e+08 5.65451668e-15
2.24052787e+08 5.65453002e-15
2.12974854e+08 5.65454444e-15
2.02444651e+08 5.65455912e-15
1.92435098e+08 5.65457476e-15
1.82920450e+08 5.65459099e-15
1.73876240e+08 5.65460844e-15
1.65279206e+08 5.65462662e-15
1.57107239e+08 5.65464577e-15
1.49339322e+08 5.65466561e-15
1.41955477e+08 5.65468684e-15
1.34936714e+08 5.65470931e-15
1.28264983e+08 5.65473255e-15
1.21923125e+08 5.65475717e-15
1.15894830e+08 5.65478301e-15
1.10164595e+08 5.65481028e-15
1.04717682e+08 5.65483895e-15
9.95400829e+07 5.65486914e-15
9.46184819e+07 5.65490084e-15
8.99402217e+07 5.65493430e-15
8.54932707e+07 5.65496931e-15
8.12661920e+07 5.65500629e-15
7.72481145e+07 5.65504510e-15
7.34287045e+07 5.65508596e-15
6.97981391e+07 5.65512900e-15
6.63470812e+07 5.65517424e-15
6.30666554e+07 5.65522189e-15
5.99484250e+07 5.65527196e-15
5.69843706e+07 5.65532459e-15
5.41668691e+07 5.65538001e-15
5.14886745e+07 5.65543834e-15
4.89428990e+07 5.65549968e-15
4.65229952e+07 5.65556416e-15
4.42227398e+07 5.65563203e-15
4.20362168e+07 5.65570343e-15
3.99578030e+07 5.65577859e-15
3.79821531e+07 5.65585763e-15
3.61041860e+07 5.65594079e-15
3.43190720e+07 5.65602818e-15
3.26222201e+07 5.65612022e-15
3.10092664e+07 5.65621703e-15
2.94760626e+07 5.65631884e-15
2.80186656e+07 5.65642598e-15
2.66333273e+07 5.65653871e-15
2.53164848e+07 5.65665725e-15
2.40647515e+07 5.65678200e-15
2.28749082e+07 5.65691320e-15
2.17438948e+07 5.65705126e-15
2.06688025e+07 5.65719650e-15
1.96468665e+07 5.65734926e-15
1.86754584e+07 5.65751000e-15
1.77520801e+07 5.65767909e-15
1.68743568e+07 5.65785696e-15
1.60400311e+07 5.65804408e-15
1.52469573e+07 5.65824096e-15
1.44930957e+07 5.65844805e-15
1.37765077e+07 5.65866595e-15
1.30953502e+07 5.65889516e-15
1.24478715e+07 5.65913630e-15
1.18324063e+07 5.65938997e-15
1.12473718e+07 5.65965684e-15
1.06912634e+07 5.65993761e-15
1.01626509e+07 5.66023297e-15
9.66017480e+06 5.66054369e-15
9.18254284e+06 5.66087057e-15
8.72852662e+06 5.66121446e-15
8.29695852e+06 5.66157624e-15
7.88672862e+06 5.66195683e-15
7.49678187e+06 5.66235723e-15
7.12611543e+06 5.66277844e-15
6.77377600e+06 5.66322156e-15
6.43885743e+06 5.66368774e-15
6.12049837e+06 5.66417817e-15
5.81788007e+06 5.66469410e-15
5.53022426e+06 5.66523687e-15
5.25679112e+06 5.66580788e-15
4.99687745e+06 5.66640858e-15
4.74981480e+06 5.66704053e-15
4.51496777e+06 5.66770535e-15
4.29173238e+06 5.66840475e-15
4.07953450e+06 5.66914053e-15
3.87782841e+06 5.66991458e-15
3.68609536e+06 5.67072890e-15
3.50384225e+06 5.67158557e-15
3.33060034e+06 5.67248680e-15
3.16592411e+06 5.67343491e-15
3.00939003e+06 5.67443233e-15
2.86059554e+06 5.67548164e-15
2.71915794e+06 5.67658552e-15
2.58471351e+06 5.67774683e-15
2.45691646e+06 5.67896854e-15
2.33543814e+06 5.68025380e-15
2.21996612e+06 5.68160591e-15
2.11020343e+06 5.68302836e-15
2.00586778e+06 5.68452478e-15
1.90669084e+06 5.68609905e-15
1.81241755e+06 5.68775521e-15
1.72280545e+06 5.68949751e-15
1.63762407e+06 5.69133043e-15
1.55665436e+06 5.69325870e-15
1.47968806e+06 5.69528726e-15
1.40652724e+06 5.69742134e-15
1.33698374e+06 5.69966643e-15
1.27087871e+06 5.70202829e-15
1.20804213e+06 5.70451301e-15
1.14831241e+06 5.70712697e-15
1.09153594e+06 5.70987689e-15
1.03756668e+06 5.71276986e-15
9.86265846e+05 5.71581330e-15
9.37501502e+05 5.71901505e-15
8.91148232e+05 5.72238334e-15
8.47086827e+05 5.72592683e-15
8.05203967e+05 5.72965463e-15
7.65391939e+05 5.73357634e-15
7.27548353e+05 5.73770204e-15
6.91575883e+05 5.74204234e-15
6.57382014e+05 5.74660840e-15
6.24878807e+05 5.75141196e-15
5.93982669e+05 5.75646538e-15
5.64614142e+05 5.76178166e-15
5.36697695e+05 5.76737447e-15
5.10161531e+05 5.77325818e-15
4.84937407e+05 5.77944794e-15
4.60960449e+05 5.78595967e-15
4.38168993e+05 5.79281010e-15
4.16504425e+05 5.80001686e-15
3.95911027e+05 5.80759848e-15
3.76335836e+05 5.81557447e-15
3.57728510e+05 5.82396532e-15
3.40041193e+05 5.83279263e-15
3.23228398e+05 5.84207910e-15
3.07246884e+05 5.85184860e-15
2.92055551e+05 5.86212627e-15
2.77615329e+05 5.87293854e-15
2.63889081e+05 5.88431321e-15
2.50841506e+05 5.89627954e-15
2.38439047e+05 5.90886830e-15
2.26649808e+05 5.92211188e-15
2.15443469e+05 5.93604432e-15
2.04791210e+05 5.95070147e-15
1.94665634e+05 5.96612101e-15
1.85040702e+05 5.98234261e-15
1.75891659e+05 5.99940798e-15
1.67194976e+05 6.01736102e-15
1.58928287e+05 6.03624790e-15
1.51070330e+05 6.05611719e-15
1.43600898e+05 6.07701999e-15
1.36500781e+05 6.09901006e-15
1.29751717e+05 6.12214395e-15
1.23336350e+05 6.14648117e-15
1.17238180e+05 6.17208431e-15
1.11441525e+05 6.19901921e-15
1.05931476e+05 6.22735515e-15
1.00693863e+05 6.25716501e-15
9.57152154e+04 6.28852544e-15
9.09827289e+04 6.32151711e-15
8.64842328e+04 6.35622488e-15
8.22081576e+04 6.39273799e-15
7.81435061e+04 6.43115036e-15
7.42798248e+04 6.47156079e-15
7.06071771e+04 6.51407321e-15
6.71161177e+04 6.55879695e-15
6.37976681e+04 6.60584704e-15
6.06432940e+04 6.65534448e-15
5.76448828e+04 6.70741660e-15
5.47947234e+04 6.76219730e-15
5.20854855e+04 6.81982748e-15
4.95102016e+04 6.88045537e-15
4.70622485e+04 6.94423690e-15
4.47353305e+04 7.01133611e-15
4.25234633e+04 7.08192558e-15
4.04209584e+04 7.15618687e-15
3.84224085e+04 7.23431096e-15
3.65226736e+04 7.31649881e-15
3.47168682e+04 7.40358626e-15
3.30003479e+04 7.49454671e-15
3.13686982e+04 7.59023863e-15
2.98177229e+04 7.69090816e-15
2.83434331e+04 7.79681421e-15
2.69420371e+04 7.90822918e-15
2.56099310e+04 8.02543964e-15
2.43436887e+04 8.14874708e-15
2.31400538e+04 8.27846864e-15
2.19959307e+04 8.41493800e-15
2.09083769e+04 8.55850617e-15
1.98745955e+04 8.70954243e-15
1.88919278e+04 8.86843527e-15
1.79578465e+04 9.03559341e-15
1.70699493e+04 9.21144681e-15
1.62259529e+04 9.39644780e-15
1.54236865e+04 9.59107227e-15
1.46610868e+04 9.79582083e-15
1.39361927e+04 1.00112202e-14
1.32471399e+04 1.02395925e-14
1.25921561e+04 1.04779837e-14
1.19695570e+04 1.07287759e-14
1.13777413e+04 1.09926142e-14
1.08151870e+04 1.12701774e-14
1.02804473e+04 1.15621794e-14
9.77214697e+03 1.18743897e-14
9.28897872e+03 1.21975573e-14
8.82969996e+03 1.25375364e-14
8.39312950e+03 1.28952016e-14
7.97814457e+03 1.32714731e-14
7.58367791e+03 1.36673190e-14
7.20871503e+03 1.40837576e-14
6.85229160e+03 1.45218604e-14
6.51349095e+03 1.49827546e-14
6.19144176e+03 1.54676261e-14
5.88531578e+03 1.59777225e-14
5.59432571e+03 1.65143562e-14
5.31772318e+03 1.70789081e-14
5.05479682e+03 1.76728309e-14
4.80487044e+03 1.82976530e-14
4.56730127e+03 1.89549822e-14
4.34147833e+03 1.96465102e-14
4.12682085e+03 2.03740167e-14
3.92277676e+03 2.11393739e-14
3.72882131e+03 2.19445517e-14
3.54445567e+03 2.27916224e-14
3.36920571e+03 2.36827664e-14
3.20262069e+03 2.46202776e-14
3.04427221e+03 2.56065691e-14
2.89375302e+03 2.66441800e-14
2.75067601e+03 2.77357816e-14
2.61467321e+03 2.88841842e-14
2.48539486e+03 3.00923446e-14
2.36250847e+03 3.13633735e-14
2.24569800e+03 3.27005441e-14
2.13466303e+03 3.41072995e-14
2.02911802e+03 3.55872628e-14
1.92879151e+03 3.71442457e-14
1.83342548e+03 3.87822584e-14
1.74277468e+03 4.05055204e-14
1.65660596e+03 4.23184712e-14
1.57469771e+03 4.42257815e-14
1.49683929e+03 4.62323658e-14
1.42283046e+03 4.83433947e-14
1.35248087e+03 5.05643088e-14
1.28560961e+03 5.29008323e-14
1.22204469e+03 5.53739164e-14
1.16162263e+03 5.79600549e-14
1.10418805e+03 6.06808314e-14
1.04959323e+03 6.35432622e-14
9.97697764e+02 6.65547296e-14
9.48368187e+02 6.97230016e-14
9.01477631e+02 7.30562522e-14
8.56905505e+02 7.65630820e-14
8.14537177e+02 8.02525414e-14
7.74263683e+02 8.41341539e-14
7.35981448e+02 8.82179407e-14
6.99592017e+02 9.25144476e-14
6.65001803e+02 9.70347717e-14
6.32121848e+02 1.01790591e-13
6.00867589e+02 1.06794195e-13
5.71158648e+02 1.12058517e-13
5.42918618e+02 1.17597168e-13
5.16074871e+02 1.23424471e-13
4.90558371e+02 1.29555502e-13
4.66303493e+02 1.36006127e-13
4.43247859e+02 1.42793044e-13
4.21332174e+02 1.49933828e-13
4.00500076e+02 1.57446980e-13
3.80697987e+02 1.65351970e-13
3.61874981e+02 1.73669294e-13
3.43982649e+02 1.82420525e-13
3.26974974e+02 1.91628376e-13
3.10808217e+02 2.01316752e-13
2.95440800e+02 2.11510823e-13
2.80833200e+02 2.22237086e-13
2.66947849e+02 2.33523438e-13
2.53749038e+02 2.45399252e-13
2.41202821e+02 2.57895454e-13
2.29276931e+02 2.71044610e-13
2.17940698e+02 2.84881014e-13
2.07164968e+02 2.99440779e-13
1.96922026e+02 3.14761942e-13
1.87185529e+02 3.30884561e-13
1.77930439e+02 3.47850832e-13
1.69132952e+02 3.65705203e-13
1.60770442e+02 3.84494501e-13
1.52821404e+02 4.04268059e-13
1.45265393e+02 4.25077859e-13
1.38082977e+02 4.46978678e-13
1.31255684e+02 4.70028244e-13
1.24765955e+02 4.94287401e-13
1.18597101e+02 5.19820289e-13
1.12733256e+02 5.46694524e-13
1.07159340e+02 5.74981404e-13
1.01861017e+02 6.04756114e-13
9.68246612e+01 6.36097954e-13
9.20373200e+01 6.69090577e-13
8.74866812e+01 7.03822243e-13
8.31610415e+01 7.40386091e-13
7.90492762e+01 7.78880430e-13
7.51408106e+01 8.19409047e-13
7.14255929e+01 8.62081539e-13
6.78940681e+01 9.07013665e-13
6.45371540e+01 9.54327727e-13
6.13462172e+01 1.00415298e-12
5.83130511e+01 1.05662606e-12
5.54298552e+01 1.11189147e-12
5.26892142e+01 1.17010206e-12
5.00840799e+01 1.23141959e-12
4.76077523e+01 1.29601533e-12
4.52538628e+01 1.36407066e-12
4.30163576e+01 1.43577778e-12
4.08894823e+01 1.51134046e-12
3.88677669e+01 1.59097482e-12
3.69460121e+01 1.67491025e-12
3.51192753e+01 1.76339032e-12
3.33828586e+01 1.85667386e-12
3.17322963e+01 1.95503608e-12
3.01633435e+01 2.05876981e-12
2.86719650e+01 2.16418178e-12
2.72543253e+01 2.27896960e-12
2.59067786e+01 2.40002423e-12
2.46258592e+01 2.52770764e-12
2.34082728e+01 2.66240513e-12
2.22508880e+01 2.80452714e-12
2.11507282e+01 2.95451125e-12
2.01049642e+01 3.11282429e-12
1.91109062e+01 3.27996472e-12
1.81659979e+01 3.45646527e-12
1.72678090e+01 3.64289577e-12
1.64140297e+01 3.83986633e-12
1.56024641e+01 4.04803080e-12
1.48310251e+01 4.26815754e-12
1.40977287e+01 4.50066075e-12
1.34006890e+01 4.74659990e-12
1.27381132e+01 5.00690817e-12
1.21082975e+01 5.28258665e-12
1.15096220e+01 5.57447338e-12
1.09405471e+01 5.88375488e-12
1.03996091e+01 6.21159225e-12
9.88541702e+00 6.55924392e-12
9.39664831e+00 6.92810457e-12
8.93204600e+00 7.31967278e-12
8.49041520e+00 7.73558496e-12
8.07062014e+00 8.17761811e-12
7.67158118e+00 8.64770864e-12
7.29227206e+00 9.14796949e-12
6.93171728e+00 9.68070674e-12
6.58898955e+00 1.02484419e-11
6.26320745e+00 1.08539344e-11
5.95353313e+00 1.15002074e-11
5.65917016e+00 1.21905765e-11
5.37936150e+00 1.29286819e-11
5.11338754e+00 1.37185232e-11
4.86056423e+00 1.45644995e-11
4.62024137e+00 1.54714527e-11
4.39180089e+00 1.64447161e-11
4.17465529e+00 1.74901684e-11
3.96824610e+00 1.86142934e-11
3.77204249e+00 1.98242457e-11
3.58553986e+00 2.11279239e-11
3.40825855e+00 2.25340511e-11
3.23974263e+00 2.40522637e-11
3.07955871e+00 2.56932094e-11
2.92729484e+00 2.74686550e-11
2.78255940e+00 2.93916040e-11
2.64498018e+00 3.14764271e-11
2.51420335e+00 3.37390034e-11
2.38989257e+00 3.61968757e-11
2.27172813e+00 3.88694197e-11
2.15940615e+00 4.17444129e-11
2.05263775e+00 4.49068418e-11
1.95114835e+00 4.83545302e-11
1.85467692e+00 5.21162030e-11
1.76297538e+00 5.62235153e-11
1.67580786e+00 6.07778350e-11
1.59295021e+00 6.56923261e-11
1.51418933e+00 7.10680329e-11
1.43932264e+00 7.69511268e-11
1.36815763e+00 8.33922255e-11
1.30051125e+00 9.04467487e-11
1.23620954e+00 9.81752870e-11
1.17508713e+00 1.06643982e-10
1.11698682e+00 1.15924910e-10
1.06175918e+00 1.26096467e-10
1.00926219e+00 1.37243748e-10
9.59360829e-01 1.49458904e-10
9.11926760e-01 1.62841477e-10
8.66837993e-01 1.77499521e-10
8.23978568e-01 1.93546638e-10
7.83238260e-01 2.11106678e-10
7.44512291e-01 2.30310764e-10
7.07701066e-01 2.51297772e-10
6.72709914e-01 2.74213809e-10
6.39448843e-01 2.99211263e-10
6.07832313e-01 3.26447286e-10
5.77779012e-01 3.56081490e-10
5.49211648e-01 3.88272615e-10
5.22056753e-01 4.23173892e-10
4.96244488e-01 4.60926797e-10
4.71708469e-01 5.01652952e-10
4.48385595e-01 5.45443981e-10
4.26215883e-01 5.92349290e-10
4.05142317e-01 6.42361994e-10
3.85110700e-01 6.95403507e-10
3.66069515e-01 7.51307723e-10
3.47969790e-01 8.09806094e-10
3.30764978e-01 8.70515314e-10
3.14410830e-01 9.32929515e-10
2.98865287e-01 9.96418913e-10
2.84088369e-01 1.06023650e-09
2.70042072e-01 1.12353375e-09
2.56690272e-01 1.18538528e-09
2.43998630e-01 1.24482128e-09
2.31934506e-01 1.30086550e-09
2.20466874e-01 1.35257546e-09
2.09566240e-01 1.39908154e-09
1.99204571e-01 1.43962149e-09
1.89355218e-01 1.47356767e-09
1.79992851e-01 1.50044563e-09
1.71093391e-01 1.51994339e-09
1.62633950e-01 1.53191231e-09
1.54592774e-01 1.53636071e-09
1.46949180e-01 1.53344195e-09
1.39683512e-01 1.52343980e-09
1.32777083e-01 1.50674957e-09
1.26212131e-01 1.48386002e-09
1.19971774e-01 1.45533392e-09
1.14039960e-01 1.42178887e-09
1.08401436e-01 1.38387854e-09
1.03041699e-01 1.34227456e-09
9.79469667e-02 1.29764951e-09
9.31041349e-02 1.25066625e-09
8.85007491e-02 1.20194596e-09
8.41249705e-02 1.15221425e-09
7.99655453e-02 1.10199355e-09
7.60117762e-02 1.05167358e-09
7.22534949e-02 1.00074898e-09
6.86810359e-02 9.51141657e-10
6.52852114e-02 9.02511109e-10
6.20572881e-02 8.55098170e-10
5.89889643e-02 8.09115662e-10
5.60723488e-02 7.64700244e-10
5.32999408e-02 7.21955514e-10
5.06646101e-02 6.80948013e-10
4.81595791e-02 6.23332645e-10
4.57784054e-02 5.88965831e-10
4.35149650e-02 5.68575754e-10
4.13634368e-02 5.34633706e-10
3.93182876e-02 5.02392456e-10
3.73742574e-02 4.71801990e-10
3.55263468e-02 4.42805898e-10
3.37698031e-02 4.15343676e-10
3.21001090e-02 3.89352577e-10
3.05129702e-02 3.64769058e-10
2.90043049e-02 3.41529887e-10
2.75702333e-02 3.19572954e-10
2.62070670e-02 2.98837851e-10
2.49113003e-02 2.79266250e-10
2.36796007e-02 2.60802137e-10
2.25088005e-02 2.43391914e-10
2.13958887e-02 2.26984426e-10
2.03380031e-02 2.11530909e-10
1.93324229e-02 1.96984899e-10
1.83765620e-02 1.83302109e-10
1.74679622e-02 1.70517156e-10
1.66042866e-02 1.58425565e-10
1.57833141e-02 1.47073497e-10
1.50029332e-02 1.36424813e-10
1.42611371e-02 1.26444905e-10
1.35560179e-02 1.17093634e-10
1.28857621e-02 1.08366414e-10
1.22486461e-02 1.00210305e-10
1.16430313e-02 9.25950396e-11
1.10673602e-02 8.54914887e-11
1.05201522e-02 7.88716197e-11
1.00000000e-02 7.27084611e-11
