1.00000000e+20 0.00000000e+00
9.50556592e+19 0.00000000e+00
9.03557835e+19 0.00000000e+00
8.58882856e+19 0.00000000e+00
8.16416760e+19 0.00000000e+00
7.76050334e+19 0.00000000e+00
7.37679760e+19 0.00000000e+00
7.01206359e+19 0.00000000e+00
6.66536327e+19 0.00000000e+00
6.33580499e+19 0.00000000e+00
6.02254120e+19 0.00000000e+00
5.72476624e+19 0.00000000e+00
5.44171429e+19 0.00000000e+00
5.17265739e+19 0.00000000e+00
4.91690358e+19 0.00000000e+00
4.67379511e+19 0.00000000e+00
4.44270675e+19 0.00000000e+00
4.22304419e+19 0.00000000e+00
4.01424249e+19 0.00000000e+00
3.81576466e+19 0.00000000e+00
3.62710025e+19 0.00000000e+00
3.44776405e+19 0.00000000e+00
3.27729485e+19 0.00000000e+00
3.11525422e+19 0.00000000e+00
2.96122544e+19 0.00000000e+00
2.81481236e+19 0.00000000e+00
2.67563844e+19 0.00000000e+00
2.54334576e+19 0.00000000e+00
2.41759408e+19 0.00000000e+00
2.29805999e+19 0.00000000e+00
2.18443607e+19 0.00000000e+00
2.07643011e+19 0.00000000e+00
1.97376433e+19 0.00000000e+00
1.87617469e+19 0.00000000e+00
1.78341022e+19 0.00000000e+00
1.69523234e+19 0.00000000e+00
1.61141428e+19 0.00000000e+00
1.53174046e+19 0.00000000e+00
1.45600600e+19 0.00000000e+00
1.38401610e+19 0.00000000e+00
1.31558562e+19 0.00000000e+00
1.25053859e+19 0.00000000e+00
1.18870770e+19 0.00000000e+00
1.12993394e+19 0.00000000e+00
1.07406615e+19 0.00000000e+00
1.02096066e+19 0.00000000e+00
9.70480888e+18 0.00000000e+00
9.22497005e+18 0.00000000e+00
8.76885609e+18 0.00000000e+00
8.33529397e+18 0.00000000e+00
7.92316862e+18 0.00000000e+00
7.53142017e+18 0.00000000e+00
7.15904109e+18 0.00000000e+00
6.80507370e+18 0.00000000e+00
6.46860766e+18 0.00000000e+00
6.14877765e+18 0.00000000e+00
5.84476113e+18 0.00000000e+00
5.55577622e+18 0.00000000e+00
5.28107971e+18 0.00000000e+00
5.01996513e+18 0.00000000e+00
4.77176095e+18 0.00000000e+00
4.53582883e+18 0.00000000e+00
4.31156199e+18 0.00000000e+00
4.09838367e+18 0.00000000e+00
3.89574562e+18 0.00000000e+00
3.70312668e+18 0.00000000e+00
3.52003147e+18 0.00000000e+00
3.34598912e+18 0.00000000e+00
3.18055202e+18 0.00000000e+00
3.02329468e+18 0.00000000e+00
2.87381269e+18 0.00000000e+00
2.73172160e+18 0.00000000e+00
2.59665597e+18 0.00000000e+00
2.46826845e+18 0.00000000e+00
2.34622885e+18 0.00000000e+00
2.23022330e+18 0.00000000e+00
2.11995346e+18 0.00000000e+00
2.01513573e+18 0.00000000e+00
1.91550056e+18 0.00000000e+00
1.82079168e+18 0.00000000e+00
1.73076553e+18 0.00000000e+00
1.64519059e+18 0.00000000e+00
1.56384676e+18 0.00000000e+00
1.48652484e+18 0.00000000e+00
1.41302599e+18 0.00000000e+00
1.34316117e+18 0.00000000e+00
1.27675070e+18 0.00000000e+00
1.21362380e+18 0.00000000e+00
1.15361810e+18 0.00000000e+00
1.09657929e+18 0.00000000e+00
1.04236067e+18 0.00000000e+00
9.90822810e+17 0.00000000e+00
9.41833153e+17 0.00000000e+00
8.95265713e+17 0.00000000e+00
8.51000725e+17 0.00000000e+00
8.08924349e+17 0.00000000e+00
7.68928372e+17 0.00000000e+00
7.30909933e+17 0.00000000e+00
6.94771255e+17 0.00000000e+00
6.60419396e+17 9.16195058e-57
6.27766011e+17 3.85027755e-55
5.96727120e+17 1.25649229e-53
5.67222897e+17 3.44777797e-52
5.39177464e+17 7.86199211e-51
5.12518693e+17 1.52849243e-49
4.87178022e+17 3.04649630e-48
4.63090280e+17 4.59254591e-47
4.40193519e+17 6.74158660e-46
4.18428851e+17 8.00732234e-45
3.97740302e+17 7.69536260e-44
3.78074666e+17 7.20156067e-43
3.59381366e+17 6.62305966e-42
3.41612327e+17 4.69030452e-41
3.24721849e+17 2.98656337e-40
3.08666494e+17 1.84544995e-39
2.93404971e+17 1.08198998e-38
2.78898029e+17 6.04260107e-38
2.65108360e+17 2.53829238e-37
2.52000499e+17 1.14536418e-36
2.39540736e+17 4.58455977e-36
2.27697026e+17 1.72336313e-35
2.16438909e+17 6.54281528e-35
2.05737431e+17 1.99568034e-34
1.95565072e+17 6.65003824e-34
1.85895668e+17 1.77863217e-33
1.76704353e+17 5.44515668e-33
1.67967487e+17 1.25833083e-32
1.59662602e+17 3.36977950e-32
1.51768339e+17 8.69443764e-32
1.44264395e+17 1.80152224e-31
1.37131472e+17 4.82872324e-31
1.30351224e+17 9.07499785e-31
1.23906216e+17 2.03396183e-30
1.17779870e+17 3.32594204e-30
1.11956432e+17 6.56913054e-30
1.06420924e+17 1.23109489e-29
1.01159111e+17 2.23890136e-29
9.61574600e+16 3.66105993e-29
9.14031075e+16 7.23102817e-29
8.68838264e+16 1.06862465e-28
8.25879939e+16 1.94350429e-28
7.85045620e+16 3.10155860e-28
7.46230289e+16 3.92905437e-28
7.09334120e+16 6.27910603e-28
6.74262224e+16 9.02572952e-28
6.40924402e+16 1.24451314e-27
6.09234915e+16 1.64719569e-27
5.79112265e+16 2.51412928e-27
5.50478981e+16 3.16403669e-27
5.23261424e+16 4.00821323e-27
4.97389596e+16 6.40563406e-27
4.72796959e+16 7.71862898e-27
4.49420266e+16 1.02393972e-26
4.27199397e+16 1.23793526e-26
4.06077203e+16 1.63843750e-26
3.85999362e+16 1.97231895e-26
3.66914238e+16 2.43891657e-26
3.48772747e+16 3.07037872e-26
3.31528234e+16 2.99351260e-26
3.15136348e+16 3.79375188e-26
2.99554933e+16 4.77869459e-26
2.84743917e+16 4.66549502e-26
2.70665207e+16 5.77631335e-26
2.57282597e+16 6.96801676e-26
2.44561668e+16 8.11906582e-26
2.32469706e+16 9.05025386e-26
2.20975611e+16 9.57307670e-26
2.10049824e+16 1.07199322e-25
1.99664245e+16 1.19541681e-25
1.89792164e+16 1.39047359e-25
1.80408193e+16 1.37278378e-25
1.71488197e+16 1.65500173e-25
1.63009236e+16 1.62815757e-25
1.54949504e+16 1.60360970e-25
1.47288272e+16 1.99095085e-25
1.40005838e+16 1.98440137e-25
1.33083472e+16 1.96571799e-25
1.26503372e+16 2.46618180e-25
1.20248614e+16 2.46375222e-25
1.14303113e+16 2.47820129e-25
1.08651577e+16 3.14941007e-25
1.03279473e+16 3.08328206e-25
9.81729841e+15 3.13090602e-25
9.33189772e+15 3.19728385e-25
8.87049689e+15 3.14865180e-25
8.43190929e+15 3.92841119e-25
8.01500696e+15 4.01397287e-25
7.61871770e+15 4.07169914e-25
7.24202233e+15 4.13420125e-25
6.88395207e+15 4.22364141e-25
6.54358602e+15 4.28893951e-25
6.22004883e+15 5.22800483e-25
5.91250841e+15 5.23596692e-25
5.62017385e+15 5.57285820e-25
5.34229330e+15 5.49168880e-25
5.07815211e+15 5.95401760e-25
4.82707097e+15 6.01272099e-25
4.58840413e+15 6.06522568e-25
4.36153779e+15 7.27726820e-25
4.14588850e+15 7.32507495e-25
3.94090164e+15 7.44402830e-25
3.74605003e+15 9.87218778e-25
3.56083255e+15 9.64068076e-25
3.38477286e+15 6.74991999e-25
3.21741815e+15 8.57622772e-25
3.05833803e+15 9.11452887e-25
2.90712338e+15 9.22061707e-25
2.76338529e+15 1.00593063e-24
2.62675410e+15 9.89856616e-25
2.49687843e+15 1.13352795e-24
2.37342425e+15 1.16042834e-24
2.25607407e+15 1.18345269e-24
2.14452608e+15 1.36156503e-24
2.03849340e+15 1.30056209e-24
1.93770334e+15 1.39543914e-24
1.84189668e+15 1.60325320e-24
1.75082703e+15 1.50686565e-24
1.66426018e+15 1.70774528e-24
1.58197348e+15 1.66484276e-24
1.50375532e+15 1.82246878e-24
1.42940453e+15 1.96996207e-24
1.35872990e+15 2.00916797e-24
1.29154967e+15 2.15553653e-24
1.22769105e+15 2.26273926e-24
1.16698982e+15 2.41005247e-24
1.10928986e+15 2.49694522e-24
1.05444279e+15 2.52234979e-24
1.00230755e+15 2.80296621e-24
9.52750047e+14 2.86066352e-24
9.05642838e+14 3.03247040e-24
8.60864770e+14 3.23176876e-24
8.18300682e+14 3.36014866e-24
7.77841107e+14 3.58435601e-24
7.39381992e+14 3.74285842e-24
7.02824426e+14 3.87258934e-24
6.68074392e+14 4.30202741e-24
6.35042517e+14 4.27793919e-24
6.03643851e+14 4.51088342e-24
5.73797641e+14 4.87431824e-24
5.45427131e+14 4.98257583e-24
5.18459354e+14 5.33622045e-24
4.92824957e+14 5.66955345e-24
4.68458012e+14 5.91609242e-24
4.45295851e+14 6.19112388e-24
4.23278907e+14 6.52204286e-24
4.02350555e+14 6.86817988e-24
3.82456972e+14 7.46593645e-24
3.63546996e+14 7.53868089e-24
3.45571994e+14 8.11857474e-24
3.28485737e+14 8.36013253e-24
3.12244282e+14 8.83546314e-24
2.96805861e+14 9.53476310e-24
2.82130768e+14 1.00983369e-23
2.68181261e+14 1.06372909e-23
2.54921465e+14 1.08322472e-23
2.42317279e+14 1.15570995e-23
2.30336287e+14 1.20114578e-23
2.18947676e+14 1.25246264e-23
2.08122157e+14 1.32652503e-23
1.97831888e+14 1.39444348e-23
1.88050406e+14 1.49643068e-23
1.78752553e+14 1.56222677e-23
1.69914417e+14 1.61886419e-23
1.61513269e+14 1.71253685e-23
1.53527503e+14 1.82502326e-23
1.45936580e+14 1.90253971e-23
1.38720978e+14 2.00488440e-23
1.31862140e+14 2.12917511e-23
1.25342427e+14 2.22048110e-23
1.19145070e+14 2.31922906e-23
1.13254132e+14 2.45397721e-23
1.07654461e+14 2.57375443e-23
1.02331658e+14 2.70340271e-23
9.72720319e+13 2.88564729e-23
9.24625712e+13 3.01816052e-23
8.78909065e+13 3.15596939e-23
8.35452806e+13 3.33385422e-23
7.94145172e+13 3.50341389e-23
7.54879928e+13 3.70874486e-23
7.17556092e+13 3.88940079e-23
6.82077673e+13 4.10554535e-23
6.48353429e+13 4.28470327e-23
6.16296626e+13 4.52911664e-23
5.85824820e+13 4.78067823e-23
5.56859644e+13 5.03455492e-23
5.29326606e+13 5.28827831e-23
5.03154895e+13 5.54548873e-23
4.78277202e+13 5.85188781e-23
4.54629547e+13 6.16025598e-23
4.32151113e+13 6.47724691e-23
4.10784089e+13 6.81362848e-23
3.90473524e+13 7.17002332e-23
3.71167182e+13 7.55193910e-23
3.52815412e+13 7.93574796e-23
3.35371015e+13 8.30403792e-23
3.18789129e+13 8.76245268e-23
3.03027108e+13 9.20890623e-23
2.88044415e+13 9.70776447e-23
2.73802518e+13 1.01875826e-22
2.60264788e+13 1.07712491e-22
2.47396410e+13 1.12821284e-22
2.35164288e+13 1.19112514e-22
2.23536965e+13 1.25166986e-22
2.12484535e+13 1.31628413e-22
2.01978576e+13 1.38710939e-22
1.91992067e+13 1.45666939e-22
1.82499324e+13 1.53216435e-22
1.73475936e+13 1.61176861e-22
1.64898694e+13 1.69651343e-22
1.56745541e+13 1.78537166e-22
1.48995507e+13 1.87898055e-22
1.41628662e+13 1.97442449e-22
1.34626058e+13 2.07785499e-22
1.27969687e+13 2.18664662e-22
1.21642429e+13 2.30086463e-22
1.15628013e+13 2.41852407e-22
1.09910970e+13 2.54566360e-22
1.04476597e+13 2.67835306e-22
9.93109181e+12 2.81709194e-22
9.44006479e+12 2.96248661e-22
8.97331581e+12 3.11735950e-22
8.52964450e+12 3.27954769e-22
8.10790981e+12 3.44989119e-22
7.70702711e+12 3.63112373e-22
7.32596543e+12 3.82028557e-22
6.96374473e+12 4.01533067e-22
6.61943346e+12 4.22861791e-22
6.29214611e+12 4.44518707e-22
5.98104096e+12 4.67870534e-22
5.68531791e+12 4.92208705e-22
5.40421642e+12 5.17763483e-22
5.13701354e+12 5.44692165e-22
4.88302209e+12 5.73125223e-22
4.64158883e+12 6.02853584e-22
4.41209286e+12 6.34207797e-22
4.19394396e+12 6.67141384e-22
3.98658107e+12 7.01743334e-22
3.78947092e+12 7.38253745e-22
3.60210656e+12 7.76926844e-22
3.42400614e+12 8.17103908e-22
3.25471161e+12 8.59843963e-22
3.09378757e+12 9.04602595e-22
2.94082017e+12 9.51490442e-22
2.79541600e+12 1.00119875e-21
2.65720111e+12 1.05292608e-21
2.52582003e+12 1.10772394e-21
2.40093488e+12 1.16559767e-21
2.28222447e+12 1.22624582e-21
2.16938352e+12 1.29012722e-21
2.06212180e+12 1.35682983e-21
1.96016347e+12 1.42761638e-21
1.86324631e+12 1.50170233e-21
1.77112106e+12 1.58003228e-21
1.68355080e+12 1.66198825e-21
1.60031031e+12 1.74848519e-21
1.52118552e+12 1.83973788e-21
1.44597292e+12 1.93551123e-21
1.37447909e+12 2.03597760e-21
1.30652016e+12 2.14188714e-21
1.24192135e+12 2.25343599e-21
1.18051653e+12 2.37054218e-21
1.12214777e+12 2.49386771e-21
1.06666496e+12 2.62362524e-21
1.01392541e+12 2.75995981e-21
9.63793480e+11 2.90337042e-21
9.16140246e+11 3.05457348e-21
8.70843150e+11 3.21346592e-21
8.27785697e+11 3.38060785e-21
7.86857151e+11 3.55672672e-21
7.47952252e+11 3.74136698e-21
7.10970943e+11 3.93613140e-21
6.75818117e+11 4.14077200e-21
6.42403366e+11 4.35622139e-21
6.10640754e+11 4.58251314e-21
5.80448594e+11 4.82126827e-21
5.51749238e+11 5.07186586e-21
5.24468875e+11 5.33584484e-21
4.98537346e+11 5.61336526e-21
4.73887961e+11 5.90544997e-21
4.50457325e+11 6.21230827e-21
4.28185180e+11 6.53573857e-21
4.07014245e+11 6.87558181e-21
3.86890074e+11 7.23307347e-21
3.67760910e+11 7.60952124e-21
3.49577557e+11 8.00546163e-21
3.32293252e+11 8.42181861e-21
3.15863541e+11 8.85969398e-21
3.00246171e+11 9.32071593e-21
2.85400977e+11 9.80546656e-21
2.71289780e+11 1.03152233e-20
2.57876289e+11 1.08519057e-20
2.45126006e+11 1.14165517e-20
2.33006141e+11 1.20100783e-20
2.21485523e+11 1.26349101e-20
2.10534524e+11 1.32924091e-20
2.00124980e+11 1.39835449e-20
1.90230119e+11 1.47110359e-20
1.80824493e+11 1.54759239e-20
1.71883914e+11 1.62811459e-20
1.63385388e+11 1.71279525e-20
1.55307057e+11 1.80188344e-20
1.47628147e+11 1.89563907e-20
1.40328908e+11 1.99423759e-20
1.33390569e+11 2.09796417e-20
1.26795285e+11 2.20710509e-20
1.20526094e+11 2.32187821e-20
1.14566873e+11 2.44267060e-20
1.08902296e+11 2.56973004e-20
1.03517796e+11 2.70338729e-20
9.83995230e+10 2.84400316e-20
9.35343152e+10 2.99193589e-20
8.89096599e+10 3.14758637e-20
8.45136633e+10 3.31127663e-20
8.03350198e+10 3.48352521e-20
7.63629826e+10 3.66473160e-20
7.25873365e+10 3.85533814e-20
6.89983712e+10 4.05585136e-20
6.55868566e+10 4.26683889e-20
6.23440189e+10 4.48877448e-20
5.92615181e+10 4.72224624e-20
5.63314267e+10 4.96790254e-20
5.35462090e+10 5.22627566e-20
5.08987019e+10 5.49816123e-20
4.83820966e+10 5.78414954e-20
4.59899209e+10 6.08498255e-20
4.37160225e+10 6.40149642e-20
4.15545533e+10 6.73448942e-20
3.94999546e+10 7.08479051e-20
3.75469422e+10 7.45332039e-20
3.56904935e+10 7.84097093e-20
3.39258338e+10 8.24882710e-20
3.22484250e+10 8.67789194e-20
3.06539530e+10 9.12929982e-20
2.91383170e+10 9.60414527e-20
2.76976194e+10 1.01036858e-19
2.63281547e+10 1.06292678e-19
2.50264010e+10 1.11821163e-19
2.37890104e+10 1.17637816e-19
2.26128007e+10 1.23756690e-19
2.14947467e+10 1.30193875e-19
2.04319732e+10 1.36966151e-19
1.94217468e+10 1.44090420e-19
1.84614695e+10 1.51585433e-19
1.75486715e+10 1.59469959e-19
1.66810054e+10 1.67764793e-19
1.58562396e+10 1.76491323e-19
1.50722531e+10 1.85671531e-19
1.43270295e+10 1.95329146e-19
1.36186524e+10 2.05489340e-19
1.29452998e+10 2.16177831e-19
1.23052400e+10 2.27422289e-19
1.16968270e+10 2.39252024e-19
1.11184960e+10 2.51696639e-19
1.05687597e+10 2.64788632e-19
1.00462042e+10 2.78561634e-19
9.54948564e+09 2.93050722e-19
9.07732653e+09 3.08294056e-19
8.62851257e+09 3.24330069e-19
8.20188950e+09 3.41200545e-19
7.79636013e+09 3.58948316e-19
7.41088152e+09 3.77618740e-19
7.04446228e+09 3.97260850e-19
6.69616005e+09 4.17924486e-19
6.36507908e+09 4.39663046e-19
6.05036788e+09 4.62531889e-19
5.75121707e+09 4.86590454e-19
5.46685730e+09 5.11901146e-19
5.19655724e+09 5.38526971e-19
4.93962174e+09 5.66539135e-19
4.69539001e+09 5.96008076e-19
4.46323393e+09 6.27009276e-19
4.24255643e+09 6.59623237e-19
4.03278998e+09 6.93933644e-19
3.83339510e+09 7.30029106e-19
3.64385898e+09 7.68001886e-19
3.46369418e+09 8.07949555e-19
3.29243733e+09 8.49974394e-19
3.12964801e+09 8.94186997e-19
2.97490755e+09 9.40697919e-19
2.82781798e+09 9.89628890e-19
2.68800102e+09 1.04110388e-18
2.55509709e+09 1.09525675e-18
2.42876438e+09 1.15222750e-18
2.30867799e+09 1.21216129e-18
2.19452909e+09 1.27521098e-18
2.08602409e+09 1.34154172e-18
1.98288395e+09 1.41132266e-18
1.88484341e+09 1.48473327e-18
1.79165033e+09 1.56196202e-18
1.70306503e+09 1.64320700e-18
1.61885969e+09 1.72867880e-18
1.53881775e+09 1.81859667e-18
1.46273336e+09 1.91319171e-18
1.39041083e+09 2.01270647e-18
1.32166418e+09 2.11739763e-18
1.25631660e+09 2.22753489e-18
1.19420003e+09 2.34340037e-18
1.13515471e+09 2.46529324e-18
1.07902879e+09 2.59352574e-18
1.02567793e+09 2.72842913e-18
9.74964918e+08 2.87034841e-18
9.26759330e+08 3.01965039e-18
8.80937190e+08 3.17671813e-18
8.37380654e+08 3.34195522e-18
7.95977700e+08 3.51578806e-18
7.56621850e+08 3.69866266e-18
7.19211887e+08 3.89104943e-18
6.83651600e+08 4.09344336e-18
6.49849535e+08 4.30636517e-18
6.17718760e+08 4.53036103e-18
5.87176639e+08 4.76600912e-18
5.58144625e+08 5.01391446e-18
5.30548053e+08 5.27471366e-18
5.04315949e+08 5.54907931e-18
4.79380850e+08 5.83771572e-18
4.55678627e+08 6.14136618e-18
4.33148322e+08 6.46081052e-18
4.11731993e+08 6.79687059e-18
3.91374560e+08 7.15041190e-18
3.72023668e+08 7.52234181e-18
3.53629550e+08 7.91361833e-18
3.36144900e+08 8.32524691e-18
3.19524751e+08 8.75828579e-18
3.03726358e+08 9.21385052e-18
2.88709092e+08 9.69310997e-18
2.74434330e+08 1.01973005e-17
2.60865362e+08 1.07277144e-17
2.47967289e+08 1.12857198e-17
2.35706941e+08 1.18727483e-17
2.24052787e+08 1.24903117e-17
2.12974854e+08 1.31399983e-17
2.02444651e+08 1.38234779e-17
1.92435098e+08 1.45425093e-17
1.82920450e+08 1.52989406e-17
1.73876240e+08 1.60947189e-17
1.65279206e+08 1.69318890e-17
1.57107239e+08 1.78126053e-17
1.49339322e+08 1.87391306e-17
1.41955477e+08 1.97138512e-17
1.34936714e+08 2.07392723e-17
1.28264983e+08 2.18180293e-17
1.21923125e+08 2.29528988e-17
1.15894830e+08 2.41467990e-17
1.10164595e+08 2.54027999e-17
1.04717682e+08 2.67241319e-17
9.95400829e+07 2.81141937e-17
9.46184819e+07 2.95765594e-17
8.99402217e+07 3.11149910e-17
8.54932707e+07 3.27334441e-17
8.12661920e+07 3.44360807e-17
7.72481145e+07 3.62272807e-17
7.34287045e+07 3.81116506e-17
6.97981391e+07 4.00940371e-17
6.63470812e+07 4.21795369e-17
6.30666554e+07 4.43735153e-17
5.99484250e+07 4.66816135e-17
5.69843706e+07 4.91097671e-17
5.41668691e+07 5.16642225e-17
5.14886745e+07 5.43515482e-17
4.89428990e+07 5.71786564e-17
4.65229952e+07 6.01528161e-17
4.42227398e+07 6.32816780e-17
4.20362168e+07 6.65732882e-17
3.99578030e+07 7.00361126e-17
3.79821531e+07 7.36790565e-17
3.61041860e+07 7.75114895e-17
3.43190720e+07 8.15432652e-17
3.26222201e+07 8.57847564e-17
3.10092664e+07 9.02468693e-17
2.94760626e+07 9.49410794e-17
2.80186656e+07 9.98794608e-17
2.66333273e+07 1.05074713e-16
2.53164848e+07 1.10540197e-16
2.40647515e+07 1.16289970e-16
2.28749082e+07 1.22338818e-16
2.17438948e+07 1.28702298e-16
2.06688025e+07 1.35396777e-16
1.96468665e+07 1.42439469e-16
1.86754584e+07 1.49848490e-16
1.77520801e+07 1.57642892e-16
1.68743568e+07 1.65842721e-16
1.60400311e+07 1.74469066e-16
1.52469573e+07 1.83544113e-16
1.44930957e+07 1.93091200e-16
1.37765077e+07 2.03134882e-16
1.30953502e+07 2.13700987e-16
1.24478715e+07 2.24816691e-16
1.18324063e+07 2.36510580e-16
1.12473718e+07 2.48812729e-16
1.06912634e+07 2.61754779e-16
1.01626509e+07 2.75370011e-16
9.66017480e+06 2.89693443e-16
9.18254284e+06 3.04761911e-16
8.72852662e+06 3.20614169e-16
8.29695852e+06 3.37290986e-16
7.88672862e+06 3.54835252e-16
7.49678187e+06 3.73292086e-16
7.12611543e+06 3.92708955e-16
6.77377600e+06 4.13135798e-16
6.43885743e+06 4.34625149e-16
6.12049837e+06 4.57232272e-16
5.81788007e+06 4.81015311e-16
5.53022426e+06 5.06035429e-16
5.25679112e+06 5.32356974e-16
4.99687745e+06 5.60047641e-16
4.74981480e+06 5.89178642e-16
4.51496777e+06 6.19824901e-16
4.29173238e+06 6.52065232e-16
4.07953450e+06 6.85982551e-16
3.87782841e+06 7.21664087e-16
3.68609536e+06 7.59201606e-16
3.50384225e+06 7.98691649e-16
3.33060034e+06 8.40235774e-16
3.16592411e+06 8.83940827e-16
3.00939003e+06 9.29919209e-16
2.86059554e+06 9.78289167e-16
2.71915794e+06 1.02917510e-15
2.58471351e+06 1.08270788e-15
2.45691646e+06 1.13902517e-15
2.33543814e+06 1.19827183e-15
2.21996612e+06 1.26060021e-15
2.11020343e+06 1.32617062e-15
2.00586778e+06 1.39515169e-15
1.90669084e+06 1.46772082e-15
1.81241755e+06 1.54406466e-15
1.72280545e+06 1.62437954e-15
1.63762407e+06 1.70887202e-15
1.55665436e+06 1.79775940e-15
1.47968806e+06 1.89127027e-15
1.40652724e+06 1.98964514e-15
1.33698374e+06 2.09313700e-15
1.27087871e+06 2.20201202e-15
1.20804213e+06 2.31655020e-15
1.14831241e+06 2.43704611e-15
1.09153594e+06 2.56380965e-15
1.03756668e+06 2.69716683e-15
9.86265846e+05 2.83746061e-15
9.37501502e+05 2.98505182e-15
8.91148232e+05 3.14032002e-15
8.47086827e+05 3.30366454e-15
8.05203967e+05 3.47550547e-15
7.65391939e+05 3.65628475e-15
7.27548353e+05 3.84646732e-15
6.91575883e+05 4.04654229e-15
6.57382014e+05 4.25702422e-15
6.24878807e+05 4.47845442e-15
5.93982669e+05 4.71140239e-15
5.64614142e+05 4.95646721e-15
5.36697695e+05 5.21427916e-15
5.10161531e+05 5.48550127e-15
4.84937407e+05 5.77083109e-15
4.60960449e+05 6.07100243e-15
4.38168993e+05 6.38678728e-15
4.16504425e+05 6.71899778e-15
3.95911027e+05 7.06848832e-15
3.76335836e+05 7.43615774e-15
3.57728510e+05 7.82295161e-15
3.40041193e+05 8.22986470e-15
3.23228398e+05 8.65794352e-15
3.07246884e+05 9.10828902e-15
2.92055551e+05 9.58205942e-15
2.77615329e+05 1.00804732e-14
2.63889081e+05 1.06048121e-14
2.50841506e+05 1.11564247e-14
2.38439047e+05 1.17367297e-14
2.26649808e+05 1.23472195e-14
2.15443469e+05 1.29894642e-14
2.04791210e+05 1.36651156e-14
1.94665634e+05 1.43759113e-14
1.85040702e+05 1.51236793e-14
1.75891659e+05 1.59103429e-14
1.67194976e+05 1.67379251e-14
1.58928287e+05 1.76085545e-14
1.51070330e+05 1.85244701e-14
1.43600898e+05 1.94880276e-14
1.36500781e+05 2.05017051e-14
1.29751717e+05 2.15681096e-14
1.23336350e+05 2.26899838e-14
1.17238180e+05 2.38702129e-14
1.11441525e+05 2.51118324e-14
1.05931476e+05 2.64180356e-14
1.00693863e+05 2.77921819e-14
9.57152154e+04 2.92378053e-14
9.09827289e+04 3.07586240e-14
8.64842328e+04 3.23585491e-14
8.22081576e+04 3.40416957e-14
7.81435061e+04 3.58123925e-14
7.42798248e+04 3.76751936e-14
7.06071771e+04 3.96348900e-14
6.71161177e+04 4.16965218e-14
6.37976681e+04 4.38653913e-14
6.06432940e+04 4.61470768e-14
5.76448828e+04 4.85474465e-14
5.47947234e+04 5.10726741e-14
5.20854855e+04 5.37292542e-14
4.95102016e+04 5.65240194e-14
4.70622485e+04 5.94641578e-14
4.47353305e+04 6.25572313e-14
4.25234633e+04 6.58111950e-14
4.04209584e+04 6.92344183e-14
3.84224085e+04 7.28357055e-14
3.65226736e+04 7.66243191e-14
3.47168682e+04 8.06100034e-14
3.30003479e+04 8.48030097e-14
3.13686982e+04 8.92141225e-14
2.98177229e+04 9.38546873e-14
2.83434331e+04 9.87366398e-14
2.69420371e+04 1.03872537e-13
2.56099310e+04 1.09275588e-13
2.43436887e+04 1.14959691e-13
2.31400538e+04 1.20939465e-13
2.19959307e+04 1.27230291e-13
2.09083769e+04 1.33848351e-13
1.98745955e+04 1.40810666e-13
1.88919278e+04 1.48135145e-13
1.79578465e+04 1.55840627e-13
1.70699493e+04 1.63946934e-13
1.62259529e+04 1.72474915e-13
1.54236865e+04 1.81446507e-13
1.46610868e+04 1.90884788e-13
1.39361927e+04 2.00814036e-13
1.32471399e+04 2.11259790e-13
1.25921561e+04 2.22248923e-13
1.19695570e+04 2.33809701e-13
1.13777413e+04 2.45971864e-13
1.08151870e+04 2.58766698e-13
1.02804473e+04 2.72227117e-13
9.77214697e+03 2.86387748e-13
9.28897872e+03 3.01285020e-13
8.82969996e+03 3.16957257e-13
8.39312950e+03 3.33444778e-13
7.97814457e+03 3.50789999e-13
7.58367791e+03 3.69037544e-13
7.20871503e+03 3.88234359e-13
6.85229160e+03 4.08429835e-13
6.51349095e+03 4.29675930e-13
6.19144176e+03 4.52027309e-13
5.88531578e+03 4.75541480e-13
5.59432571e+03 5.00278946e-13
5.31772318e+03 5.26303358e-13
5.05479682e+03 5.53681681e-13
4.80487044e+03 5.82484365e-13
4.56730127e+03 6.12785527e-13
4.34147833e+03 6.44663143e-13
4.12682085e+03 6.78199249e-13
3.92277676e+03 7.13480150e-13
3.72882131e+03 7.50596646e-13
3.54445567e+03 7.89644265e-13
3.36920571e+03 8.30723507e-13
3.20262069e+03 8.73940107e-13
3.04427221e+03 9.19405305e-13
2.89375302e+03 9.67236137e-13
2.75067601e+03 1.01755573e-12
2.61467321e+03 1.07049363e-12
2.48539486e+03 1.12618612e-12
2.36250847e+03 1.18477660e-12
2.24569800e+03 1.24641592e-12
2.13466303e+03 1.31126281e-12
2.02911802e+03 1.37948426e-12
1.92879151e+03 1.45125595e-12
1.83342548e+03 1.52676274e-12
1.74277468e+03 1.60619911e-12
1.65660596e+03 1.68976969e-12
1.57469771e+03 1.77768976e-12
1.49683929e+03 1.87018583e-12
1.42283046e+03 1.96749623e-12
1.35248087e+03 2.06987172e-12
1.28560961e+03 2.17757613e-12
1.22204469e+03 2.29088706e-12
1.16162263e+03 2.41009658e-12
1.10418805e+03 2.53551203e-12
1.04959323e+03 2.66745678e-12
9.97697764e+02 2.80627105e-12
9.48368187e+02 2.95231287e-12
9.01477631e+02 3.10595895e-12
8.56905505e+02 3.26760566e-12
8.14537177e+02 3.43767011e-12
7.74263683e+02 3.61659119e-12
7.35981448e+02 3.80483074e-12
6.99592017e+02 4.00287473e-12
6.65001803e+02 4.21123459e-12
6.32121848e+02 4.43044846e-12
6.00867589e+02 4.66108267e-12
5.71158648e+02 4.90373320e-12
5.42918618e+02 5.15902723e-12
5.16074871e+02 5.42762482e-12
4.90558371e+02 5.71022061e-12
4.66303493e+02 6.00754566e-12
4.43247859e+02 6.32036939e-12
4.21332174e+02 6.64950162e-12
4.00500076e+02 6.99579466e-12
3.80697987e+02 7.36014562e-12
3.61874981e+02 7.74349878e-12
3.43982649e+02 8.14684807e-12
3.26974974e+02 8.57123976e-12
3.10808217e+02 9.01777520e-12
2.95440800e+02 9.48761381e-12
2.80833200e+02 9.98197617e-12
2.66947849e+02 1.05021473e-11
2.53749038e+02 1.10494801e-11
2.41202821e+02 1.16253990e-11
2.29276931e+02 1.22314040e-11
2.17940698e+02 1.28690743e-11
2.07164968e+02 1.35400732e-11
1.96922026e+02 1.42461521e-11
1.87185529e+02 1.49891557e-11
1.77930439e+02 1.57710269e-11
1.69132952e+02 1.65938121e-11
1.60770442e+02 1.74596671e-11
1.52821404e+02 1.83708632e-11
1.45265393e+02 1.93297931e-11
1.38082977e+02 2.03389781e-11
1.31255684e+02 2.14010752e-11
1.24765955e+02 2.25188845e-11
1.18597101e+02 2.36953576e-11
1.12733256e+02 2.49336057e-11
1.07159340e+02 2.62369091e-11
1.01861017e+02 2.76087265e-11
9.68246612e+01 2.90527057e-11
9.20373200e+01 3.05726941e-11
8.74866812e+01 3.21727505e-11
8.31610415e+01 3.38571577e-11
7.90492762e+01 3.56304353e-11
7.51408106e+01 3.74973544e-11
7.14255929e+01 3.94629520e-11
6.78940681e+01 4.15325480e-11
6.45371540e+01 4.37117615e-11
6.13462172e+01 4.60065301e-11
5.83130511e+01 4.84231297e-11
5.54298552e+01 5.09681954e-11
5.26892142e+01 5.36487448e-11
5.00840799e+01 5.64722030e-11
4.76077523e+01 5.94464287e-11
4.52538628e+01 6.25797433e-11
4.30163576e+01 6.58809624e-11
4.08894823e+01 6.93594289e-11
3.88677669e+01 7.30250499e-11
3.69460121e+01 7.68883366e-11
3.51192753e+01 8.09604471e-11
3.33828586e+01 8.52532339e-11
3.17322963e+01 8.97792949e-11
3.01633435e+01 9.45520297e-11
2.86719650e+01 9.94017458e-11
2.72543253e+01 1.04681910e-10
2.59067786e+01 1.10249656e-10
2.46258592e+01 1.16121513e-10
2.34082728e+01 1.22315064e-10
2.22508880e+01 1.28849033e-10
2.11507282e+01 1.35743364e-10
2.01049642e+01 1.43019325e-10
1.91109062e+01 1.50699607e-10
1.81659979e+01 1.58808443e-10
1.72678090e+01 1.67371733e-10
1.64140297e+01 1.76417184e-10
1.56024641e+01 1.85974465e-10
1.48310251e+01 1.96078969e-10
1.40977287e+01 2.06748173e-10
1.34006890e+01 2.18030711e-10
1.27381132e+01 2.29968805e-10
1.21082975e+01 2.42607672e-10
1.15096220e+01 2.55984942e-10
1.09405471e+01 2.70154094e-10
1.03996091e+01 2.85167286e-10
9.88541702e+00 3.01080968e-10
9.39664831e+00 3.17957617e-10
8.93204600e+00 3.35864238e-10
8.49041520e+00 3.54873861e-10
8.07062014e+00 3.75065624e-10
7.67158118e+00 3.96525579e-10
7.29227206e+00 4.19347400e-10
6.93171728e+00 4.43633065e-10
6.58898955e+00 4.69493781e-10
6.26320745e+00 4.97050885e-10
5.95353313e+00 5.26436906e-10
5.65917016e+00 5.57796699e-10
5.37936150e+00 5.91288713e-10
5.11338754e+00 6.27086376e-10
4.86056423e+00 6.65379612e-10
4.62024137e+00 7.06376514e-10
4.39180089e+00 7.50305155e-10
4.17465529e+00 7.97415575e-10
3.96824610e+00 8.47981929e-10
3.77204249e+00 9.02304818e-10
3.58553986e+00 9.60713798e-10
3.40825855e+00 1.02357008e-09
3.23974263e+00 1.09126941e-09
3.07955871e+00 1.16424512e-09
2.92729484e+00 1.24297140e-09
2.78255940e+00 1.32796663e-09
2.64498018e+00 1.41979694e-09
2.51420335e+00 1.51907982e-09
2.38989257e+00 1.62648782e-09
2.27172813e+00 1.74275218e-09
2.15940615e+00 1.86708672e-09
2.05263775e+00 2.00322456e-09
1.95114835e+00 2.15077440e-09
1.85467692e+00 2.31073608e-09
1.76297538e+00 2.48418387e-09
1.67580786e+00 2.67553686e-09
1.59295021e+00 2.87986939e-09
1.51418933e+00 3.10142310e-09
1.43932264e+00 3.34154287e-09
1.36815763e+00 3.60167462e-09
1.30051125e+00 3.88332891e-09
1.23620954e+00 4.18807308e-09
1.17508713e+00 4.51752069e-09
1.11698682e+00 4.87331808e-09
1.06175918e+00 5.25712766e-09
1.00926219e+00 5.67060755e-09
9.59360829e-01 6.11538751e-09
9.11926760e-01 6.59304069e-09
8.66837993e-01 7.10505124e-09
8.23978568e-01 7.65277725e-09
7.83238260e-01 8.23747766e-09
7.44512291e-01 8.86001004e-09
7.07701066e-01 9.52113779e-09
6.72709914e-01 1.02212427e-08
6.39448843e-01 1.09603104e-08
6.07832313e-01 1.17378513e-08
5.77779012e-01 1.25528071e-08
5.49211648e-01 1.34034427e-08
5.22056753e-01 1.42872194e-08
4.96244488e-01 1.52006507e-08
4.71708469e-01 1.61391417e-08
4.48385595e-01 1.70968200e-08
4.26215883e-01 1.80663698e-08
4.05142317e-01 1.90388870e-08
3.85110700e-01 2.00037798e-08
3.66069515e-01 2.09487455e-08
3.47969790e-01 2.18598526e-08
3.30764978e-01 2.27217608e-08
3.14410830e-01 2.35180954e-08
2.98865287e-01 2.42319851e-08
2.84088369e-01 2.48467467e-08
2.70042072e-01 2.53466775e-08
2.56690272e-01 2.57178955e-08
2.43998630e-01 2.59491469e-08
2.31934506e-01 2.60307670e-08
2.20466874e-01 2.59639151e-08
2.09566240e-01 2.57456311e-08
1.99204571e-01 2.53799560e-08
1.89355218e-01 2.48656975e-08
1.79992851e-01 2.42279102e-08
1.71093391e-01 2.34749607e-08
1.62633950e-01 2.26226042e-08
1.54592774e-01 2.16877831e-08
1.46949180e-01 2.06878714e-08
1.39683512e-01 1.96403053e-08
1.32777083e-01 1.85616124e-08
1.26212131e-01 1.74673287e-08
1.19971774e-01 1.59475927e-08
1.14039960e-01 1.49236342e-08
1.08401436e-01 1.42244794e-08
1.03041699e-01 1.31930833e-08
9.79469667e-02 1.22002654e-08
9.31041349e-02 1.12517908e-08
8.85007491e-02 1.03518765e-08
8.41249705e-02 9.50332786e-09
7.99655453e-02 8.70769305e-09
7.60117762e-02 7.96543074e-09
7.22534949e-02 7.27608134e-09
6.86810359e-02 6.63843576e-09
6.52852114e-02 6.05069562e-09
6.20572881e-02 5.51062075e-09
5.89889643e-02 5.01566084e-09
5.60723488e-02 4.56306955e-09
5.32999408e-02 4.15000053e-09
5.06646101e-02 3.77358584e-09
4.81595791e-02 3.43099780e-09
4.57784054e-02 3.11949596e-09
4.35149650e-02 2.83646112e-09
4.13634368e-02 2.57941832e-09
3.93182876e-02 2.34684970e-09
3.73742574e-02 2.13486802e-09
3.55263468e-02 1.94240645e-09
3.37698031e-02 1.76765170e-09
3.21001090e-02 1.60878605e-09
3.05129702e-02 1.46477170e-09
2.90043049e-02 1.33391339e-09
2.75702333e-02 1.21496496e-09
2.62070670e-02 1.10679982e-09
2.49113003e-02 1.00840087e-09
2.36796007e-02 9.18850616e-10
2.25088005e-02 8.37321855e-10
2.13958887e-02 7.63068938e-10
2.03380031e-02 6.95419670e-10
1.93324229e-02 6.33767887e-10
1.83765620e-02 5.77600208e-10
1.74679622e-02 5.26350487e-10
1.66042866e-02 4.79610282e-10
1.57833141e-02 4.36976542e-10
1.50029332e-02 3.98084431e-10
1.42611371e-02 3.62603340e-10
1.35560179e-02 3.30233337e-10
1.28857621e-02 3.00702022e-10
1.22486461e-02 2.74898404e-10
1.16430313e-02 2.50148799e-10
1.10673602e-02 2.27570874e-10
1.05201522e-02 2.06979839e-10
1.00000000e-02 1.88206360e-10
