1.00000000e+20 0.00000000e+00
9.03466021e+19 0.00000000e+00
8.16250851e+19 0.00000000e+00
7.37454909e+19 0.00000000e+00
6.66265452e+19 0.00000000e+00
6.01948197e+19 0.00000000e+00
5.43839743e+19 0.00000000e+00
4.91340729e+19 0.00000000e+00
4.43909653e+19 0.00000000e+00
4.01057288e+19 0.00000000e+00
3.62341632e+19 0.00000000e+00
3.27363353e+19 0.00000000e+00
2.95761666e+19 0.00000000e+00
2.67210616e+19 0.00000000e+00
2.41415712e+19 0.00000000e+00
2.18110892e+19 0.00000000e+00
1.97055780e+19 0.00000000e+00
1.78033202e+19 0.00000000e+00
1.60846948e+19 0.00000000e+00
1.45319752e+19 0.00000000e+00
1.31291459e+19 0.00000000e+00
1.18617372e+19 0.00000000e+00
1.07166765e+19 0.00000000e+00
9.68215306e+18 0.00000000e+00
8.74749630e+18 0.00000000e+00
7.90306568e+18 0.00000000e+00
7.14015130e+18 0.00000000e+00
6.45088409e+18 0.00000000e+00
5.82815458e+18 0.00000000e+00
5.26553963e+18 0.00000000e+00
4.75723614e+18 0.00000000e+00
4.29800121e+18 0.00000000e+00
3.88309805e+18 0.00000000e+00
3.50824714e+18 0.00000000e+00
3.16958209e+18 0.00000000e+00
2.86360972e+18 0.00000000e+00
2.58717408e+18 0.00000000e+00
2.33742387e+18 0.00000000e+00
2.11178304e+18 0.00000000e+00
1.90792422e+18 0.00000000e+00
1.72374471e+18 0.00000000e+00
1.55734477e+18 0.00000000e+00
1.40700809e+18 0.00000000e+00
1.27118400e+18 0.00000000e+00
1.14847155e+18 0.00000000e+00
1.03760502e+18 0.00000000e+00
9.37440879e+17 0.00000000e+00
8.46945981e+17 0.00000000e+00
7.65186915e+17 0.00000000e+00
6.91320378e+17 0.00000000e+00
6.24584471e+17 0.00000000e+00
5.64290847e+17 0.00000000e+00
5.09817606e+17 0.00000000e+00
4.60602884e+17 0.00000000e+00
4.16139055e+17 1.57164524e-56
3.75967497e+17 1.65375863e-53
3.39673858e+17 1.00514807e-50
3.06883789e+17 3.24754081e-48
2.77259076e+17 5.65580152e-46
2.50494154e+17 6.46265929e-44
2.26312957e+17 4.74848790e-42
2.04466067e+17 2.13328271e-40
1.84728144e+17 6.50225159e-39
1.66895601e+17 1.44727325e-37
1.50784505e+17 2.46521882e-36
1.36228676e+17 3.61983862e-35
1.23077980e+17 3.30551938e-34
1.11196773e+17 2.60207015e-33
1.00462506e+17 1.56753219e-32
9.07644607e+16 8.95992470e-32
8.20026062e+16 3.95148873e-31
7.40865683e+16 1.61649065e-30
6.69346971e+16 5.36932877e-30
6.04732245e+16 1.40182425e-29
5.46355035e+16 4.01749370e-29
4.93613210e+16 9.19452787e-29
4.45962763e+16 2.30042815e-28
4.02912203e+16 5.00796071e-28
3.64017485e+16 9.61909655e-28
3.28877429e+16 1.53428371e-27
2.97129582e+16 2.72895585e-27
2.68446481e+16 4.17972221e-27
2.42532274e+16 5.84558955e-27
2.19119669e+16 9.09600880e-27
1.97967175e+16 1.12425178e-26
1.78856616e+16 1.75275179e-26
1.61590875e+16 2.06290221e-26
1.45991865e+16 2.67570163e-26
1.31898690e+16 3.16536700e-26
1.19165984e+16 4.10577476e-26
1.07662418e+16 4.84568173e-26
9.72693362e+15 5.90148004e-26
8.78795401e+15 5.72302850e-26
7.93961785e+15 7.18178656e-26
7.17317494e+15 6.99476735e-26
6.48071983e+15 8.88004167e-26
5.85511016e+15 8.78494182e-26
5.28989308e+15 1.10602883e-25
4.77923865e+15 1.11712990e-25
4.31787973e+15 1.13938829e-25
3.90105762e+15 1.39240661e-25
3.52447300e+15 1.43583557e-25
3.18424160e+15 1.51651327e-25
2.87685409e+15 1.74858167e-25
2.59913992e+15 1.91106931e-25
2.34823460e+15 1.93942760e-25
2.12155017e+15 2.16967959e-25
1.91674849e+15 2.38373086e-25
1.73171713e+15 2.71997816e-25
1.56454759e+15 2.91337267e-25
1.41351558e+15 2.97729441e-25
1.27706330e+15 3.46889528e-25
1.15378330e+15 3.77539597e-25
1.04240401e+15 4.10202957e-25
9.41776601e+14 4.77691852e-25
8.50863158e+14 4.98368072e-25
7.68725952e+14 6.22029417e-25
6.94517777e+14 6.17222955e-25
6.27473213e+14 7.31074375e-25
5.66900727e+14 7.48161416e-25
5.12175544e+14 8.50747001e-25
4.62733201e+14 9.22775016e-25
4.18063724e+14 1.04663491e-24
3.77706369e+14 1.14245530e-24
3.41244871e+14 1.24627150e-24
3.08303146e+14 1.44033743e-24
2.78541416e+14 1.54849644e-24
2.51652705e+14 1.70194325e-24
2.27359668e+14 1.93325724e-24
2.05411735e+14 2.13408444e-24
1.85582523e+14 2.32245749e-24
1.67667503e+14 2.58394464e-24
1.51481892e+14 2.88463234e-24
1.36858742e+14 3.24246409e-24
1.23647224e+14 3.51385176e-24
1.11711065e+14 3.96383130e-24
1.00927151e+14 4.31632937e-24
9.11842520e+13 4.74379914e-24
8.23818733e+13 5.34054240e-24
7.44292233e+13 5.86053382e-24
6.72442742e+13 6.54644232e-24
6.07529169e+13 7.21115171e-24
5.48881961e+13 7.99375523e-24
4.95896201e+13 8.89122758e-24
4.48025368e+13 9.84971622e-24
4.04775697e+13 1.08786931e-23
3.65701088e+13 1.19935919e-23
3.30398507e+13 1.33285344e-23
2.98503825e+13 1.47620078e-23
2.69688063e+13 1.63089475e-23
2.43654001e+13 1.80024081e-23
2.20133111e+13 1.99788098e-23
1.98882786e+13 2.21130541e-23
1.79683839e+13 2.44355762e-23
1.62338243e+13 2.70429823e-23
1.46667087e+13 2.99443721e-23
1.32508729e+13 3.31299049e-23
1.19717134e+13 3.67197242e-23
1.08160363e+13 4.06701787e-23
9.77192128e+12 4.49980825e-23
8.82859884e+12 4.97564676e-23
7.97633907e+12 5.51042249e-23
7.20635132e+12 6.09435132e-23
6.51069356e+12 6.75347722e-23
5.88219040e+12 7.46858741e-23
5.31435916e+12 8.26275665e-23
4.80134292e+12 9.15206818e-23
4.33785019e+12 1.01325072e-22
3.91910025e+12 1.12113738e-22
3.54077391e+12 1.24102607e-22
3.19896892e+12 1.37376454e-22
2.89015972e+12 1.52005002e-22
2.61116110e+12 1.68277252e-22
2.35909533e+12 1.86248349e-22
2.13136247e+12 2.06168299e-22
1.92561357e+12 2.28184343e-22
1.73972643e+12 2.52567208e-22
1.57178372e+12 2.79550710e-22
1.42005318e+12 3.09394166e-22
1.28296980e+12 3.42428651e-22
1.15911962e+12 3.79033797e-22
1.04722519e+12 4.19602734e-22
9.46132376e+11 4.64418747e-22
8.54798453e+11 5.13989378e-22
7.72281357e+11 5.68874529e-22
6.97729965e+11 6.29675719e-22
6.30375315e+11 6.97011170e-22
5.69522678e+11 7.71495373e-22
5.14544388e+11 8.53848603e-22
4.64873371e+11 9.45154867e-22
4.19997295e+11 1.04606681e-21
3.79453285e+11 1.15782580e-21
3.42823149e+11 1.28155051e-21
3.09729067e+11 1.41850727e-21
2.79829688e+11 1.57004048e-21
2.52816614e+11 1.73786259e-21
2.28411221e+11 1.92349296e-21
2.06361777e+11 2.12905577e-21
1.86440853e+11 2.35656545e-21
1.68442976e+11 2.60835784e-21
1.52182505e+11 2.88702900e-21
1.37491723e+11 3.19549457e-21
1.24219100e+11 3.53694840e-21
1.12227736e+11 3.91482750e-21
1.01393946e+11 4.33315340e-21
9.16059848e+10 4.79621782e-21
8.27628946e+10 5.30859456e-21
7.47734631e+10 5.87587098e-21
6.75552832e+10 6.50368467e-21
6.10339029e+10 7.19858262e-21
5.51420574e+10 7.96772098e-21
4.98189752e+10 8.81906145e-21
4.50097513e+10 9.76134359e-21
4.06647809e+10 1.08043379e-20
3.67392478e+10 1.19587414e-20
3.31926620e+10 1.32365699e-20
2.99884423e+10 1.46508969e-20
2.70935387e+10 1.62162991e-20
2.44780916e+10 1.79489833e-20
2.21151240e+10 1.98667620e-20
1.99802631e+10 2.19895178e-20
1.80514888e+10 2.43390352e-20
1.63089068e+10 2.69396889e-20
1.47345431e+10 2.98181393e-20
1.33121590e+10 3.30041767e-20
1.20270833e+10 3.65306105e-20
1.08660611e+10 4.04338152e-20
9.81711702e+09 4.47540738e-20
8.86943166e+09 4.95360507e-20
8.01323013e+09 5.48288629e-20
7.23968114e+09 6.06872887e-20
6.54080591e+09 6.71716257e-20
5.90939590e+09 7.43488249e-20
5.33893840e+09 8.22928287e-20
4.82354943e+09 9.10858307e-20
4.35791301e+09 1.00818060e-19
3.93722633e+09 1.11590382e-19
3.55715021e+09 1.23513630e-19
3.21376434e+09 1.36710916e-19
2.90352688e+09 1.51318231e-19
2.62323788e+09 1.67486363e-19
2.37000629e+09 1.85381897e-19
2.14122015e+09 2.05189789e-19
1.93451965e+09 2.27113893e-19
1.74777277e+09 2.51380663e-19
1.57905331e+09 2.78240306e-19
1.42662102e+09 3.07969989e-19
1.28890361e+09 3.40876034e-19
1.16448062e+09 3.77298089e-19
1.05206867e+09 4.17611918e-19
9.50508296e+08 4.62233173e-19
8.58751948e+08 5.11622046e-19
7.75853206e+08 5.66288025e-19
7.00957009e+08 6.26795116e-19
6.33290840e+08 6.93767219e-19
5.72156756e+08 7.67895231e-19
5.16924187e+08 8.49943525e-19
4.67023439e+08 9.40758779e-19
4.21939808e+08 1.04127744e-18
3.81208280e+08 1.15253630e-18
3.44408728e+08 1.27568312e-18
3.11161583e+08 1.41198788e-18
2.81123917e+08 1.56285666e-18
2.53985907e+08 1.72984561e-18
2.29467637e+08 1.91467694e-18
2.07316213e+08 2.11925729e-18
1.87303154e+08 2.34569674e-18
1.69222035e+08 2.59633096e-18
1.52886359e+08 2.87374511e-18
1.38127630e+08 3.18080025e-18
1.24793621e+08 3.52066395e-18
1.12746796e+08 3.89684154e-18
1.01862899e+08 4.31321315e-18
9.20296681e+07 4.77407346e-18
8.31456781e+07 5.28417605e-18
7.51192949e+07 5.84878222e-18
6.78677305e+07 6.47371590e-18
6.13161884e+07 7.16542252e-18
5.53970928e+07 7.93103717e-18
5.00493910e+07 8.77845659e-18
4.52179242e+07 9.71642137e-18
4.08528580e+07 1.07546063e-17
3.69091691e+07 1.19037198e-17
3.33461802e+07 1.31756142e-17
3.01271407e+07 1.45834088e-17
2.72188479e+07 1.61416239e-17
2.45913043e+07 1.78663321e-17
2.22174078e+07 1.97753228e-17
2.00726730e+07 2.18882862e-17
1.81349780e+07 2.42270164e-17
1.63843365e+07 2.68156367e-17
1.48026913e+07 2.96808469e-17
1.33737286e+07 3.28522008e-17
1.20827094e+07 3.63624089e-17
1.09163173e+07 4.02476775e-17
9.86252179e+06 4.45480812e-17
8.91045332e+06 4.93079766e-17
8.05029181e+06 5.45764598e-17
7.27316511e+06 6.04078723e-17
6.57105755e+06 6.68623627e-17
5.93672722e+06 7.40065057e-17
5.36363132e+06 8.19139897e-17
4.84585864e+06 9.06663767e-17
4.37806863e+06 1.00353943e-16
3.95543624e+06 1.11076611e-16
3.57360225e+06 1.22944981e-16
3.22862820e+06 1.36081469e-16
2.91695588e+06 1.50621570e-16
2.63537052e+06 1.66715261e-16
2.38096772e+06 1.84528538e-16
2.15112343e+06 2.04245138e-16
1.94346693e+06 2.26068428e-16
1.75585633e+06 2.50223504e-16
1.58635653e+06 2.76959516e-16
1.43321923e+06 3.06552232e-16
1.29486487e+06 3.39306887e-16
1.16986641e+06 3.75561330e-16
1.05693455e+06 4.15689510e-16
9.54904456e+05 4.60105328e-16
8.62723729e+05 5.09266916e-16
7.79441575e+05 5.63681350e-16
7.04198979e+05 6.23909893e-16
6.36219849e+05 6.90573774e-16
5.74803016e+05 7.64360602e-16
5.19314994e+05 8.46031455e-16
4.69183451e+05 9.36428733e-16
4.23891306e+05 1.03648484e-15
3.82971391e+05 1.14723183e-15
3.46001639e+05 1.26981199e-15
3.12600724e+05 1.40548970e-15
2.82424133e+05 1.55566441e-15
2.55160607e+05 1.72188512e-15
2.30528939e+05 1.90586634e-15
2.08275063e+05 2.10950577e-15
1.88169442e+05 2.33490386e-15
1.70004698e+05 2.58438554e-15
1.53593468e+05 2.86052412e-15
1.38766479e+05 3.16616789e-15
1.25370799e+05 3.50446949e-15
1.13268257e+05 3.87891840e-15
1.02334021e+05 4.29337697e-15
9.24553110e+04 4.75212028e-15
8.35302320e+04 5.25988016e-15
7.54667263e+04 5.82189410e-15
6.81816229e+04 6.44395922e-15
6.15997796e+04 7.13249207e-15
5.56533078e+04 7.89459486e-15
5.02808725e+04 8.73812872e-15
4.54270599e+04 9.67179476e-15
4.10418050e+04 1.07052239e-14
3.70798763e+04 1.18490762e-14
3.35004083e+04 1.31151509e-14
3.02664806e+04 1.45165079e-14
2.73447368e+04 1.60676030e-14
2.47050406e+04 1.77844366e-14
2.23201647e+04 1.96847190e-14
2.01655104e+04 2.17880533e-14
1.82188534e+04 2.41161373e-14
1.64601150e+04 2.66929878e-14
1.48711546e+04 2.95451885e-14
1.34355829e+04 3.27021639e-14
1.21385926e+04 3.61964837e-14
1.09668060e+04 4.00641985e-14
9.90813657e+03 4.43452122e-14
8.95166472e+03 4.90836941e-14
8.08752491e+03 5.43285349e-14
7.30680395e+03 6.01338517e-14
6.60144909e+03 6.65595467e-14
5.96418495e+03 7.36719267e-14
5.38843844e+03 8.15443873e-14
4.86827104e+03 9.02581723e-14
4.39831747e+03 9.99032128e-14
3.97373038e+03 1.10579057e-13
3.59013038e+03 1.22395902e-13
3.24356081e+03 1.35475727e-13
2.93044698e+03 1.49953566e-13
2.64755927e+03 1.65978896e-13
2.39197984e+03 1.83717189e-13
2.16107251e+03 2.03351627e-13
1.95245558e+03 2.25085000e-13
1.76397728e+03 2.49141807e-13
1.59369353e+03 2.75770589e-13
1.43984795e+03 3.05246507e-13
1.30085370e+03 3.37874200e-13
1.17527712e+03 3.73990960e-13
1.06182294e+03 4.13970232e-13
9.59320948e+02 4.58225516e-13
8.66713880e+02 5.07214673e-13
7.83046540e+02 5.61444710e-13
7.07455942e+02 6.21477081e-13
6.39162405e+02 6.87933572e-13
5.77461515e+02 7.61502823e-13
5.21716858e+02 8.42947570e-13
4.71353453e+02 9.33112683e-13
4.25851829e+02 1.03293409e-12
3.84742658e+02 1.14344870e-12
3.47601918e+02 1.26580540e-12
3.14046522e+02 1.40127734e-12
2.83730362e+02 1.55127554e-12
2.56340741e+02 1.71736408e-12
2.31595149e+02 1.90127700e-12
2.09238348e+02 2.10493715e-12
1.89039738e+02 2.33047724e-12
1.70790980e+02 2.58026336e-12
1.54303847e+02 2.85692125e-12
1.39408283e+02 3.16336578e-12
1.25950646e+02 3.50283401e-12
1.13792129e+02 3.87892235e-12
1.02807322e+02 4.29562842e-12
9.28829225e+01 4.75739827e-12
8.39165644e+01 5.26917993e-12
7.58157646e+01 5.83648407e-12
6.84969672e+01 6.46545320e-12
6.18846824e+01 7.16294076e-12
5.59107078e+01 7.93660179e-12
5.05134247e+01 8.79499767e-12
4.56371628e+01 9.74771723e-12
4.12316259e+01 1.08055180e-11
3.72513730e+01 1.19804913e-11
3.36553498e+01 1.32862572e-11
3.04064649e+01 1.47381952e-11
2.74712079e+01 1.63209220e-11
2.48193029e+01 1.81083867e-11
2.24233968e+01 2.00978078e-11
2.02587771e+01 2.23136228e-11
1.83031168e+01 2.47836519e-11
1.65362441e+01 2.75396746e-11
1.49399346e+01 3.06186883e-11
1.34977233e+01 3.40584451e-11
1.21947344e+01 3.79121668e-11
1.10175281e+01 4.22348497e-11
9.95396231e+00 4.70922898e-11
8.99306672e+00 5.25609619e-11
8.12493021e+00 5.87314571e-11
7.34059837e+00 6.57110656e-11
6.63198120e+00 7.36274965e-11
5.99176967e+00 8.26334697e-11
5.41336030e+00 9.29124542e-11
4.89078709e+00 1.04685785e-10
4.41865996e+00 1.18221492e-10
3.99210913e+00 1.33845229e-10
3.60673495e+00 1.51953770e-10
3.25856248e+00 1.73031628e-10
2.94400048e+00 1.97671464e-10
2.65980440e+00 2.26599037e-10
2.40304289e+00 2.60703624e-10
2.17106760e+00 3.00836634e-10
1.96148581e+00 3.48722745e-10
1.77213578e+00 4.05831378e-10
1.60106446e+00 4.74688436e-10
1.44650734e+00 5.56792502e-10
1.30687023e+00 6.55525510e-10
1.18071285e+00 7.74484208e-10
1.06673394e+00 9.18019896e-10
9.63757866e-01 1.09137634e-09
8.70722485e-01 1.30084969e-09
7.86668179e-01 1.55393514e-09
7.10727970e-01 1.85953217e-09
6.42118571e-01 2.22810068e-09
5.80132310e-01 2.67182416e-09
5.24129830e-01 3.20472998e-09
4.73533492e-01 3.84274027e-09
4.27821420e-01 4.60361235e-09
3.86522116e-01 5.50671763e-09
3.49209598e-01 6.57259992e-09
3.15499006e-01 7.82225064e-09
2.85042632e-01 9.27604254e-09
2.57526333e-01 1.09522745e-08
2.32666291e-01 1.28652890e-08
2.10206088e-01 1.50231021e-08
1.89914058e-01 1.74243989e-08
1.71580899e-01 2.00545842e-08
1.55017512e-01 2.28804554e-08
1.40053055e-01 2.58432687e-08
1.26533176e-01 2.88508997e-08
1.14318425e-01 3.17716047e-08
1.03282813e-01 3.44340402e-08
9.33125118e-02 3.66389683e-08
8.43046837e-02 3.81856279e-08
7.61664172e-02 3.89090870e-08
6.88137699e-02 3.87172676e-08
6.21709029e-02 3.76135260e-08
5.61692982e-02 3.57039562e-08
5.07470524e-02 3.31287363e-08
4.58482375e-02 3.01206061e-08
4.14223247e-02 2.68783755e-08
3.74236629e-02 2.35897686e-08
3.38110078e-02 1.97804111e-08
3.05470967e-02 1.74340649e-08
2.75982639e-02 1.47447009e-08
2.49340937e-02 1.23701012e-08
2.25271064e-02 1.03151584e-08
2.03524752e-02 8.56493298e-09
1.83877698e-02 7.09229980e-09
1.66127252e-02 5.86421323e-09
1.50090328e-02 4.84627736e-09
1.35601511e-02 4.00569308e-09
1.22511358e-02 3.31447891e-09
1.10684849e-02 2.74322455e-09
1.00000000e-02 2.27221825e-09
