1.00000000e+20 0.00000000e+00
9.50556592e+19 0.00000000e+00
9.03557835e+19 0.00000000e+00
8.58882856e+19 0.00000000e+00
8.16416760e+19 0.00000000e+00
7.76050334e+19 0.00000000e+00
7.37679760e+19 0.00000000e+00
7.01206359e+19 0.00000000e+00
6.66536327e+19 0.00000000e+00
6.33580499e+19 0.00000000e+00
6.02254120e+19 0.00000000e+00
5.72476624e+19 0.00000000e+00
5.44171429e+19 0.00000000e+00
5.17265739e+19 0.00000000e+00
4.91690358e+19 0.00000000e+00
4.67379511e+19 0.00000000e+00
4.44270675e+19 0.00000000e+00
4.22304419e+19 0.00000000e+00
4.01424249e+19 0.00000000e+00
3.81576466e+19 0.00000000e+00
3.62710025e+19 0.00000000e+00
3.44776405e+19 0.00000000e+00
3.27729485e+19 0.00000000e+00
3.11525422e+19 0.00000000e+00
2.96122544e+19 0.00000000e+00
2.81481236e+19 0.00000000e+00
2.67563844e+19 0.00000000e+00
2.54334576e+19 0.00000000e+00
2.41759408e+19 0.00000000e+00
2.29805999e+19 0.00000000e+00
2.18443607e+19 0.00000000e+00
2.07643011e+19 0.00000000e+00
1.97376433e+19 0.00000000e+00
1.87617469e+19 0.00000000e+00
1.78341022e+19 0.00000000e+00
1.69523234e+19 0.00000000e+00
1.61141428e+19 0.00000000e+00
1.53174046e+19 0.00000000e+00
1.45600600e+19 0.00000000e+00
1.38401610e+19 0.00000000e+00
1.31558562e+19 0.00000000e+00
1.25053859e+19 0.00000000e+00
1.18870770e+19 0.00000000e+00
1.12993394e+19 0.00000000e+00
1.07406615e+19 0.00000000e+00
1.02096066e+19 0.00000000e+00
9.70480888e+18 0.00000000e+00
9.22497005e+18 0.00000000e+00
8.76885609e+18 0.00000000e+00
8.33529397e+18 0.00000000e+00
7.92316862e+18 0.00000000e+00
7.53142017e+18 0.00000000e+00
7.15904109e+18 0.00000000e+00
6.80507370e+18 0.00000000e+00
6.46860766e+18 0.00000000e+00
6.14877765e+18 0.00000000e+00
5.84476113e+18 0.00000000e+00
5.55577622e+18 0.00000000e+00
5.28107971e+18 0.00000000e+00
5.01996513e+18 0.00000000e+00
4.77176095e+18 0.00000000e+00
4.53582883e+18 0.00000000e+00
4.31156199e+18 0.00000000e+00
4.09838367e+18 0.00000000e+00
3.89574562e+18 0.00000000e+00
3.70312668e+18 0.00000000e+00
3.52003147e+18 0.00000000e+00
3.34598912e+18 0.00000000e+00
3.18055202e+18 0.00000000e+00
3.02329468e+18 0.00000000e+00
2.87381269e+18 0.00000000e+00
2.73172160e+18 0.00000000e+00
2.59665597e+18 0.00000000e+00
2.46826845e+18 0.00000000e+00
2.34622885e+18 0.00000000e+00
2.23022330e+18 0.00000000e+00
2.11995346e+18 0.00000000e+00
2.01513573e+18 0.00000000e+00
1.91550056e+18 0.00000000e+00
1.82079168e+18 0.00000000e+00
1.73076553e+18 0.00000000e+00
1.64519059e+18 0.00000000e+00
1.56384676e+18 0.00000000e+00
1.48652484e+18 0.00000000e+00
1.41302599e+18 0.00000000e+00
1.34316117e+18 0.00000000e+00
1.27675070e+18 0.00000000e+00
1.21362380e+18 0.00000000e+00
1.15361810e+18 0.00000000e+00
1.09657929e+18 0.00000000e+00
1.04236067e+18 0.00000000e+00
9.90822810e+17 0.00000000e+00
9.41833153e+17 0.00000000e+00
8.95265713e+17 0.00000000e+00
8.51000725e+17 0.00000000e+00
8.08924349e+17 0.00000000e+00
7.68928372e+17 0.00000000e+00
7.30909933e+17 0.00000000e+00
6.94771255e+17 0.00000000e+00
6.60419396e+17 1.85396775e-47
6.27766011e+17 2.02420068e-45
5.96727120e+17 8.70732296e-44
5.67222897e+17 2.84388526e-42
5.39177464e+17 8.02450509e-41
5.12518693e+17 1.77786177e-39
4.87178022e+17 3.54165358e-38
4.63090280e+17 6.89528279e-37
4.40193519e+17 1.01218686e-35
4.18428851e+17 1.43416094e-34
3.97740302e+17 1.70342527e-33
3.78074666e+17 1.69604072e-32
3.59381366e+17 1.62996414e-31
3.41612327e+17 1.18108849e-30
3.24721849e+17 1.07966411e-29
3.08666494e+17 6.34595669e-29
2.93404971e+17 3.92588925e-28
2.78898029e+17 1.92950988e-27
2.65108360e+17 1.07757546e-26
2.52000499e+17 5.39979682e-26
2.39540736e+17 2.04252493e-25
2.27697026e+17 8.84340564e-25
2.16438909e+17 3.07326893e-24
2.05737431e+17 1.16677853e-23
1.95565072e+17 4.59629504e-23
1.85895668e+17 1.35114703e-22
1.76704353e+17 4.12124972e-22
1.67967487e+17 9.71033358e-22
1.59662602e+17 2.84551071e-21
1.51768339e+17 7.62698534e-21
1.44264395e+17 1.76652572e-20
1.37131472e+17 4.14693538e-20
1.30351224e+17 8.61104945e-20
1.23906216e+17 1.75052549e-19
1.17779870e+17 3.62715878e-19
1.11956432e+17 7.66004986e-19
1.06420924e+17 1.39747377e-18
1.01159111e+17 2.61587447e-18
9.61574600e+16 3.99262690e-18
9.14031075e+16 8.43186719e-18
8.68838264e+16 1.28950735e-17
8.25879939e+16 2.12105905e-17
7.85045620e+16 3.46584608e-17
7.46230289e+16 5.53100119e-17
7.09334120e+16 7.00667169e-17
6.74262224e+16 1.11975126e-16
6.40924402e+16 1.60955563e-16
6.09234915e+16 2.52858566e-16
5.79112265e+16 3.62643216e-16
5.50478981e+16 4.48342939e-16
5.23261424e+16 5.64239439e-16
4.97389596e+16 9.23135771e-16
4.72796959e+16 1.14230453e-15
4.49420266e+16 1.37643473e-15
4.27199397e+16 1.82591792e-15
4.06077203e+16 2.20740924e-15
3.85999362e+16 2.92173378e-15
3.66914238e+16 3.51670737e-15
3.48772747e+16 4.34798137e-15
3.31528234e+16 5.47234856e-15
3.15136348e+16 5.33534811e-15
2.99554933e+16 6.75947229e-15
2.84743917e+16 8.51200555e-15
2.70665207e+16 8.30158569e-15
2.57282597e+16 1.02756501e-14
2.44561668e+16 1.23845630e-14
2.32469706e+16 1.44081551e-14
2.20975611e+16 1.60310395e-14
2.10049824e+16 1.69273191e-14
1.99664245e+16 1.89166683e-14
1.89792164e+16 2.10323320e-14
1.80408193e+16 2.44708485e-14
1.71488197e+16 2.38990205e-14
1.63009236e+16 2.87770129e-14
1.54949504e+16 2.81155979e-14
1.47288272e+16 2.75401366e-14
1.40005838e+16 3.40389968e-14
1.33083472e+16 3.33367452e-14
1.26503372e+16 3.26140812e-14
1.20248614e+16 4.10149357e-14
1.14303113e+16 4.02237165e-14
1.08651577e+16 3.95241672e-14
1.03279473e+16 5.00943886e-14
9.81729841e+15 4.88722123e-14
9.33189772e+15 4.81436882e-14
8.87049689e+15 4.75136641e-14
8.43190929e+15 4.64248058e-14
8.01500696e+15 5.83377174e-14
7.61871770e+15 5.75120970e-14
7.24202233e+15 5.66537984e-14
6.88395207e+15 5.59342197e-14
6.54358602e+15 5.51062871e-14
6.22004883e+15 5.46022060e-14
5.91250841e+15 6.69416440e-14
5.62017385e+15 6.56022078e-14
5.34229330e+15 6.56313597e-14
5.07815211e+15 6.41074494e-14
4.82707097e+15 6.46915629e-14
4.58840413e+15 6.35709660e-14
4.36153779e+15 6.24726150e-14
4.14588850e+15 7.55324711e-14
3.94090164e+15 7.39366166e-14
3.74605003e+15 7.27939524e-14
3.56083255e+15 7.19094299e-14
3.38477286e+15 7.29758000e-14
3.21741815e+15 7.23888674e-14
3.05833803e+15 7.08366457e-14
2.90712338e+15 7.06111313e-14
2.76338529e+15 6.96134970e-14
2.62675410e+15 8.05321391e-14
2.49687843e+15 8.04980578e-14
2.37342425e+15 9.72453235e-14
2.25607407e+15 9.50300967e-14
2.14452608e+15 9.26517338e-14
2.03849340e+15 9.05299660e-14
1.93770334e+15 8.84474118e-14
1.84189668e+15 7.73903599e-14
1.75082703e+15 7.72961723e-14
1.66426018e+15 8.68499116e-14
1.58197348e+15 8.46766913e-14
1.50375532e+15 7.50976619e-14
1.42940453e+15 7.79778327e-14
1.35872990e+15 8.32345808e-14
1.29154967e+15 8.21411395e-14
1.22769105e+15 8.24971808e-14
1.16698982e+15 8.23007038e-14
1.10928986e+15 8.23171586e-14
1.05444279e+15 8.11499389e-14
1.00230755e+15 7.95164173e-14
9.52750047e+14 7.88667151e-14
9.05642838e+14 8.68196437e-14
8.60864770e+14 8.70435389e-14
8.18300682e+14 8.50231546e-14
7.77841107e+14 7.93501996e-14
7.39381992e+14 8.09633444e-14
7.02824426e+14 7.96449351e-14
6.68074392e+14 8.00176146e-14
6.35042517e+14 8.29518060e-14
6.03643851e+14 7.97121844e-14
5.73797641e+14 7.86816058e-14
5.45427131e+14 8.60653839e-14
5.18459354e+14 8.40124163e-14
4.92824957e+14 8.09464638e-14
4.68458012e+14 8.33675794e-14
4.45295851e+14 8.23828682e-14
4.23278907e+14 8.17567799e-14
4.02350555e+14 8.48641520e-14
3.82456972e+14 8.26483217e-14
3.63546996e+14 8.19910469e-14
3.45571994e+14 8.14116673e-14
3.28485737e+14 8.11091525e-14
3.12244282e+14 8.41799183e-14
2.96805861e+14 8.08343246e-14
2.82130768e+14 8.09231587e-14
2.68181261e+14 8.12022073e-14
2.54921465e+14 8.14967759e-14
2.42317279e+14 8.10787976e-14
2.30336287e+14 8.05743480e-14
2.18947676e+14 8.06234559e-14
2.08122157e+14 8.00779367e-14
1.97831888e+14 8.08858089e-14
1.88050406e+14 8.01763539e-14
1.78752553e+14 8.04647435e-14
1.69914417e+14 8.08566243e-14
1.61513269e+14 8.12890628e-14
1.53527503e+14 8.08395518e-14
1.45936580e+14 8.14977475e-14
1.38720978e+14 8.08817872e-14
1.31862140e+14 8.01757689e-14
1.25342427e+14 8.04461337e-14
1.19145070e+14 8.09593669e-14
1.13254132e+14 8.09942537e-14
1.07654461e+14 8.01878358e-14
1.02331658e+14 8.05678081e-14
9.72720319e+13 8.03790783e-14
9.24625712e+13 8.04550134e-14
8.78909065e+13 8.07276083e-14
8.35452806e+13 8.07317760e-14
7.94145172e+13 8.06837197e-14
7.54879928e+13 8.07014229e-14
7.17556092e+13 8.02479403e-14
6.82077673e+13 8.06318052e-14
6.48353429e+13 8.06583939e-14
6.16296626e+13 8.04863923e-14
5.85824820e+13 8.06904861e-14
5.56859644e+13 8.06924683e-14
5.29326606e+13 8.04688053e-14
5.03154895e+13 8.04710447e-14
4.78277202e+13 8.06476961e-14
4.54629547e+13 8.04742729e-14
4.32151113e+13 8.04910581e-14
4.10784089e+13 8.03768579e-14
3.90473524e+13 8.03505748e-14
3.71167182e+13 8.03486793e-14
3.52815412e+13 8.04811454e-14
3.35371015e+13 8.03479260e-14
3.18789129e+13 8.03412267e-14
3.03027108e+13 8.03550963e-14
2.88044415e+13 8.04014154e-14
2.73802518e+13 8.04955235e-14
2.60264788e+13 8.04596114e-14
2.47396410e+13 8.04461914e-14
2.35164288e+13 8.04064663e-14
2.23536965e+13 8.03580987e-14
2.12484535e+13 8.03231427e-14
2.01978576e+13 8.03228695e-14
1.91992067e+13 8.03755991e-14
1.82499324e+13 8.03938765e-14
1.73475936e+13 8.04340796e-14
1.64898694e+13 8.04693081e-14
1.56745541e+13 8.04000819e-14
1.48995507e+13 8.04077088e-14
1.41628662e+13 8.03766083e-14
1.34626058e+13 8.03611262e-14
1.27969687e+13 8.03575521e-14
1.21642429e+13 8.04165983e-14
1.15628013e+13 8.03526125e-14
1.09910970e+13 8.03599987e-14
1.04476597e+13 8.03382119e-14
9.93109181e+12 8.03433251e-14
9.44006479e+12 8.03605051e-14
8.97331581e+12 8.03643913e-14
8.52964450e+12 8.03581255e-14
8.10790981e+12 8.03442200e-14
7.70702711e+12 8.03546340e-14
7.32596543e+12 8.03552317e-14
6.96374473e+12 8.03316710e-14
6.61943346e+12 8.03193768e-14
6.29214611e+12 8.03233281e-14
5.98104096e+12 8.03247870e-14
5.68531791e+12 8.03555213e-14
5.40421642e+12 8.03329273e-14
5.13701354e+12 8.03521251e-14
4.88302209e+12 8.03174019e-14
4.64158883e+12 8.03393770e-14
4.41209286e+12 8.03188434e-14
4.19394396e+12 8.03444451e-14
3.98658107e+12 8.03112414e-14
3.78947092e+12 8.03371034e-14
3.60210656e+12 8.03221030e-14
3.42400614e+12 8.03150709e-14
3.25471161e+12 8.03203503e-14
3.09378757e+12 8.03176931e-14
2.94082017e+12 8.03135755e-14
2.79541600e+12 8.03304024e-14
2.65720111e+12 8.03329998e-14
2.52582003e+12 8.03283162e-14
2.40093488e+12 8.03240074e-14
2.28222447e+12 8.03172172e-14
2.16938352e+12 8.03120536e-14
2.06212180e+12 8.03216202e-14
1.96016347e+12 8.03218757e-14
1.86324631e+12 8.03184707e-14
1.77112106e+12 8.03202699e-14
1.68355080e+12 8.03192593e-14
1.60031031e+12 8.03183045e-14
1.52118552e+12 8.03150889e-14
1.44597292e+12 8.03157891e-14
1.37447909e+12 8.03222049e-14
1.30652016e+12 8.03202469e-14
1.24192135e+12 8.03166503e-14
1.18051653e+12 8.03184850e-14
1.12214777e+12 8.03201925e-14
1.06666496e+12 8.03164845e-14
1.01392541e+12 8.03194539e-14
9.63793480e+11 8.03178755e-14
9.16140246e+11 8.03164232e-14
8.70843150e+11 8.03168034e-14
8.27785697e+11 8.03158355e-14
7.86857151e+11 8.03204328e-14
7.47952252e+11 8.03121213e-14
7.10970943e+11 8.03178693e-14
6.75818117e+11 8.03141045e-14
6.42403366e+11 8.03130634e-14
6.10640754e+11 8.03178031e-14
5.80448594e+11 8.03148437e-14
5.51749238e+11 8.03157969e-14
5.24468875e+11 8.03151876e-14
4.98537346e+11 8.03141373e-14
4.73887961e+11 8.03150837e-14
4.50457325e+11 8.03142645e-14
4.28185180e+11 8.03155689e-14
4.07014245e+11 8.03143764e-14
3.86890074e+11 8.03149613e-14
3.67760910e+11 8.03135778e-14
3.49577557e+11 8.03147762e-14
3.32293252e+11 8.03138375e-14
3.15863541e+11 8.03156350e-14
3.00246171e+11 8.03135520e-14
2.85400977e+11 8.03135060e-14
2.71289780e+11 8.03131890e-14
2.57876289e+11 8.03127731e-14
2.45126006e+11 8.03136665e-14
2.33006141e+11 8.03141618e-14
2.21485523e+11 8.03132709e-14
2.10534524e+11 8.03133840e-14
2.00124980e+11 8.03133307e-14
1.90230119e+11 8.03130171e-14
1.80824493e+11 8.03133239e-14
1.71883914e+11 8.03135085e-14
1.63385388e+11 8.03133130e-14
1.55307057e+11 8.03121251e-14
1.47628147e+11 8.03130157e-14
1.40328908e+11 8.03132701e-14
1.33390569e+11 8.03124355e-14
1.26795285e+11 8.03132562e-14
1.20526094e+11 8.03133035e-14
1.14566873e+11 8.03129242e-14
1.08902296e+11 8.03129340e-14
1.03517796e+11 8.03132783e-14
9.83995230e+10 8.03130247e-14
9.35343152e+10 8.03129778e-14
8.89096599e+10 8.03129772e-14
8.45136633e+10 8.03130378e-14
8.03350198e+10 8.03129871e-14
7.63629826e+10 8.03126461e-14
7.25873365e+10 8.03131034e-14
6.89983712e+10 8.03129346e-14
6.55868566e+10 8.03129640e-14
6.23440189e+10 8.03128811e-14
5.92615181e+10 8.03127372e-14
5.63314267e+10 8.03127085e-14
5.35462090e+10 8.03126571e-14
5.08987019e+10 8.03127984e-14
4.83820966e+10 8.03127622e-14
4.59899209e+10 8.03127887e-14
4.37160225e+10 8.03127738e-14
4.15545533e+10 8.03128436e-14
3.94999546e+10 8.03126520e-14
3.75469422e+10 8.03125817e-14
3.56904935e+10 8.03126694e-14
3.39258338e+10 8.03126853e-14
3.22484250e+10 8.03127823e-14
3.06539530e+10 8.03125761e-14
2.91383170e+10 8.03126550e-14
2.76976194e+10 8.03127566e-14
2.63281547e+10 8.03126437e-14
2.50264010e+10 8.03126693e-14
2.37890104e+10 8.03126811e-14
2.26128007e+10 8.03126795e-14
2.14947467e+10 8.03125760e-14
2.04319732e+10 8.03125505e-14
1.94217468e+10 8.03126929e-14
1.84614695e+10 8.03126364e-14
1.75486715e+10 8.03126878e-14
1.66810054e+10 8.03125847e-14
1.58562396e+10 8.03126274e-14
1.50722531e+10 8.03126242e-14
1.43270295e+10 8.03126572e-14
1.36186524e+10 8.03125819e-14
1.29452998e+10 8.03126327e-14
1.23052400e+10 8.03126149e-14
1.16968270e+10 8.03126022e-14
1.11184960e+10 8.03126168e-14
1.05687597e+10 8.03126200e-14
1.00462042e+10 8.03125815e-14
9.54948564e+09 8.03125812e-14
9.07732653e+09 8.03125617e-14
8.62851257e+09 8.03125888e-14
8.20188950e+09 8.03125953e-14
7.79636013e+09 8.03126473e-14
7.41088152e+09 8.03125391e-14
7.04446228e+09 8.03125787e-14
6.69616005e+09 8.03125926e-14
6.36507908e+09 8.03126111e-14
6.05036788e+09 8.03126089e-14
5.75121707e+09 8.03125247e-14
5.46685730e+09 8.03125726e-14
5.19655724e+09 8.03125278e-14
4.93962174e+09 8.03126101e-14
4.69539001e+09 8.03126243e-14
4.46323393e+09 8.03125938e-14
4.24255643e+09 8.03125713e-14
4.03278998e+09 8.03125827e-14
3.83339510e+09 8.03125999e-14
3.64385898e+09 8.03125370e-14
3.46369418e+09 8.03125944e-14
3.29243733e+09 8.03125691e-14
3.12964801e+09 8.03125397e-14
2.97490755e+09 8.03125979e-14
2.82781798e+09 8.03125661e-14
2.68800102e+09 8.03125862e-14
2.55509709e+09 8.03125534e-14
2.42876438e+09 8.03126051e-14
2.30867799e+09 8.03125979e-14
2.19452909e+09 8.03125637e-14
2.08602409e+09 8.03125736e-14
1.98288395e+09 8.03125670e-14
1.88484341e+09 8.03125653e-14
1.79165033e+09 8.03125763e-14
1.70306503e+09 8.03125705e-14
1.61885969e+09 8.03125873e-14
1.53881775e+09 8.03125658e-14
1.46273336e+09 8.03125710e-14
1.39041083e+09 8.03125724e-14
1.32166418e+09 8.03125600e-14
1.25631660e+09 8.03125720e-14
1.19420003e+09 8.03125891e-14
1.13515471e+09 8.03125591e-14
1.07902879e+09 8.03125594e-14
1.02567793e+09 8.03125861e-14
9.74964918e+08 8.03125782e-14
9.26759330e+08 8.03125676e-14
8.80937190e+08 8.03125817e-14
8.37380654e+08 8.03125731e-14
7.95977700e+08 8.03125908e-14
7.56621850e+08 8.03125868e-14
7.19211887e+08 8.03125880e-14
6.83651600e+08 8.03125727e-14
6.49849535e+08 8.03125753e-14
6.17718760e+08 8.03125794e-14
5.87176639e+08 8.03125821e-14
5.58144625e+08 8.03125774e-14
5.30548053e+08 8.03125788e-14
5.04315949e+08 8.03125832e-14
4.79380850e+08 8.03125809e-14
4.55678627e+08 8.03125888e-14
4.33148322e+08 8.03125853e-14
4.11731993e+08 8.03125885e-14
3.91374560e+08 8.03125832e-14
3.72023668e+08 8.03125956e-14
3.53629550e+08 8.03125945e-14
3.36144900e+08 8.03125954e-14
3.19524751e+08 8.03125919e-14
3.03726358e+08 8.03125972e-14
2.88709092e+08 8.03126046e-14
2.74434330e+08 8.03126054e-14
2.60865362e+08 8.03126004e-14
2.47967289e+08 8.03126046e-14
2.35706941e+08 8.03126077e-14
2.24052787e+08 8.03126105e-14
2.12974854e+08 8.03126129e-14
2.02444651e+08 8.03126120e-14
1.92435098e+08 8.03126177e-14
1.82920450e+08 8.03126196e-14
1.73876240e+08 8.03126243e-14
1.65279206e+08 8.03126274e-14
1.57107239e+08 8.03126283e-14
1.49339322e+08 8.03126342e-14
1.41955477e+08 8.03126385e-14
1.34936714e+08 8.03126427e-14
1.28264983e+08 8.03126455e-14
1.21923125e+08 8.03126508e-14
1.15894830e+08 8.03126551e-14
1.10164595e+08 8.03126590e-14
1.04717682e+08 8.03126642e-14
9.95400829e+07 8.03126694e-14
9.46184819e+07 8.03126749e-14
8.99402217e+07 8.03126812e-14
8.54932707e+07 8.03126891e-14
8.12661920e+07 8.03126934e-14
7.72481145e+07 8.03127003e-14
7.34287045e+07 8.03127096e-14
6.97981391e+07 8.03127179e-14
6.63470812e+07 8.03127246e-14
6.30666554e+07 8.03127336e-14
5.99484250e+07 8.03127425e-14
5.69843706e+07 8.03127516e-14
5.41668691e+07 8.03127609e-14
5.14886745e+07 8.03127724e-14
4.89428990e+07 8.03127830e-14
4.65229952e+07 8.03127948e-14
4.42227398e+07 8.03128073e-14
4.20362168e+07 8.03128198e-14
3.99578030e+07 8.03128328e-14
3.79821531e+07 8.03128468e-14
3.61041860e+07 8.03128625e-14
3.43190720e+07 8.03128773e-14
3.26222201e+07 8.03128943e-14
3.10092664e+07 8.03129118e-14
2.94760626e+07 8.03129300e-14
2.80186656e+07 8.03129494e-14
2.66333273e+07 8.03129694e-14
2.53164848e+07 8.03129909e-14
2.40647515e+07 8.03130131e-14
2.28749082e+07 8.03130366e-14
2.17438948e+07 8.03130615e-14
2.06688025e+07 8.03130873e-14
1.96468665e+07 8.03131146e-14
1.86754584e+07 8.03131437e-14
1.77520801e+07 8.03131743e-14
1.68743568e+07 8.03132062e-14
1.60400311e+07 8.03132394e-14
1.52469573e+07 8.03132748e-14
1.44930957e+07 8.03133121e-14
1.37765077e+07 8.03133511e-14
1.30953502e+07 8.03133923e-14
1.24478715e+07 8.03134354e-14
1.18324063e+07 8.03134810e-14
1.12473718e+07 8.03135288e-14
1.06912634e+07 8.03135792e-14
1.01626509e+07 8.03136324e-14
9.66017480e+06 8.03136882e-14
9.18254284e+06 8.03137466e-14
8.72852662e+06 8.03138083e-14
8.29695852e+06 8.03138734e-14
7.88672862e+06 8.03139416e-14
7.49678187e+06 8.03140135e-14
7.12611543e+06 8.03140890e-14
6.77377600e+06 8.03141685e-14
6.43885743e+06 8.03142523e-14
6.12049837e+06 8.03143403e-14
5.81788007e+06 8.03144328e-14
5.53022426e+06 8.03145303e-14
5.25679112e+06 8.03146327e-14
4.99687745e+06 8.03147405e-14
4.74981480e+06 8.03148539e-14
4.51496777e+06 8.03149732e-14
4.29173238e+06 8.03150987e-14
4.07953450e+06 8.03152307e-14
3.87782841e+06 8.03153696e-14
3.68609536e+06 8.03155157e-14
3.50384225e+06 8.03156695e-14
3.33060034e+06 8.03158312e-14
3.16592411e+06 8.03160013e-14
3.00939003e+06 8.03161803e-14
2.86059554e+06 8.03163686e-14
2.71915794e+06 8.03165667e-14
2.58471351e+06 8.03167751e-14
2.45691646e+06 8.03169943e-14
2.33543814e+06 8.03172249e-14
2.21996612e+06 8.03174676e-14
2.11020343e+06 8.03177228e-14
2.00586778e+06 8.03179914e-14
1.90669084e+06 8.03182739e-14
1.81241755e+06 8.03185711e-14
1.72280545e+06 8.03188837e-14
1.63762407e+06 8.03192126e-14
1.55665436e+06 8.03195587e-14
1.47968806e+06 8.03199227e-14
1.40652724e+06 8.03203056e-14
1.33698374e+06 8.03207085e-14
1.27087871e+06 8.03211323e-14
1.20804213e+06 8.03215782e-14
1.14831241e+06 8.03220473e-14
1.09153594e+06 8.03225408e-14
1.03756668e+06 8.03230599e-14
9.86265846e+05 8.03236060e-14
9.37501502e+05 8.03241806e-14
8.91148232e+05 8.03247850e-14
8.47086827e+05 8.03254209e-14
8.05203967e+05 8.03260899e-14
7.65391939e+05 8.03267936e-14
7.27548353e+05 8.03275339e-14
6.91575883e+05 8.03283128e-14
6.57382014e+05 8.03291322e-14
6.24878807e+05 8.03299942e-14
5.93982669e+05 8.03309010e-14
5.64614142e+05 8.03318550e-14
5.36697695e+05 8.03328586e-14
5.10161531e+05 8.03339144e-14
4.84937407e+05 8.03350252e-14
4.60960449e+05 8.03361937e-14
4.38168993e+05 8.03374230e-14
4.16504425e+05 8.03387162e-14
3.95911027e+05 8.03400767e-14
3.76335836e+05 8.03415080e-14
3.57728510e+05 8.03430138e-14
3.40041193e+05 8.03445978e-14
3.23228398e+05 8.03462642e-14
3.07246884e+05 8.03480174e-14
2.92055551e+05 8.03498617e-14
2.77615329e+05 8.03518019e-14
2.63889081e+05 8.03538431e-14
2.50841506e+05 8.03559904e-14
2.38439047e+05 8.03582494e-14
2.26649808e+05 8.03606260e-14
2.15443469e+05 8.03631261e-14
2.04791210e+05 8.03657563e-14
1.94665634e+05 8.03685234e-14
1.85040702e+05 8.03714343e-14
1.75891659e+05 8.03744967e-14
1.67194976e+05 8.03777183e-14
1.58928287e+05 8.03811075e-14
1.51070330e+05 8.03846730e-14
1.43600898e+05 8.03884240e-14
1.36500781e+05 8.03923701e-14
1.29751717e+05 8.03965214e-14
1.23336350e+05 8.04008887e-14
1.17238180e+05 8.04054832e-14
1.11441525e+05 8.04103166e-14
1.05931476e+05 8.04154014e-14
1.00693863e+05 8.04207508e-14
9.57152154e+04 8.04263784e-14
9.09827289e+04 8.04322987e-14
8.64842328e+04 8.04385269e-14
8.22081576e+04 8.04450792e-14
7.81435061e+04 8.04519722e-14
7.42798248e+04 8.04592238e-14
7.06071771e+04 8.04668526e-14
6.71161177e+04 8.04748783e-14
6.37976681e+04 8.04833213e-14
6.06432940e+04 8.04922036e-14
5.76448828e+04 8.05015479e-14
5.47947234e+04 8.05113782e-14
5.20854855e+04 8.05217199e-14
4.95102016e+04 8.05325995e-14
4.70622485e+04 8.05440450e-14
4.47353305e+04 8.05560859e-14
4.25234633e+04 8.05687532e-14
4.04209584e+04 8.05820793e-14
3.84224085e+04 8.05960986e-14
3.65226736e+04 8.06108471e-14
3.47168682e+04 8.06263629e-14
3.30003479e+04 8.06426857e-14
3.13686982e+04 8.06598575e-14
2.98177229e+04 8.06779226e-14
2.83434331e+04 8.06969274e-14
2.69420371e+04 8.07169208e-14
2.56099310e+04 8.07379542e-14
2.43436887e+04 8.07600817e-14
2.31400538e+04 8.07833603e-14
2.19959307e+04 8.08078497e-14
2.09083769e+04 8.08336130e-14
1.98745955e+04 8.08607165e-14
1.88919278e+04 8.08892299e-14
1.79578465e+04 8.09192265e-14
1.70699493e+04 8.09507834e-14
1.62259529e+04 8.09839820e-14
1.54236865e+04 8.10189075e-14
1.46610868e+04 8.10556498e-14
1.39361927e+04 8.10943034e-14
1.32471399e+04 8.11349678e-14
1.25921561e+04 8.11777475e-14
1.19695570e+04 8.12227527e-14
1.13777413e+04 8.12700990e-14
1.08151870e+04 8.13199084e-14
1.02804473e+04 8.13723089e-14
9.77214697e+03 8.14274353e-14
9.28897872e+03 8.14854295e-14
8.82969996e+03 8.15464407e-14
8.39312950e+03 8.16106258e-14
7.97814457e+03 8.16781500e-14
7.58367791e+03 8.17491871e-14
7.20871503e+03 8.18239198e-14
6.85229160e+03 8.19025403e-14
6.51349095e+03 8.19852511e-14
6.19144176e+03 8.20722649e-14
5.88531578e+03 8.21638056e-14
5.59432571e+03 8.22601089e-14
5.31772318e+03 8.23614225e-14
5.05479682e+03 8.24680071e-14
4.80487044e+03 8.25801371e-14
4.56730127e+03 8.26981011e-14
4.34147833e+03 8.28222027e-14
4.12682085e+03 8.29527612e-14
3.92277676e+03 8.30901129e-14
3.72882131e+03 8.32346111e-14
3.54445567e+03 8.33866280e-14
3.36920571e+03 8.35465547e-14
3.20262069e+03 8.37148032e-14
3.04427221e+03 8.38918065e-14
2.89375302e+03 8.40780204e-14
2.75067601e+03 8.42739243e-14
2.61467321e+03 8.44800229e-14
2.48539486e+03 8.46968467e-14
2.36250847e+03 8.49249543e-14
2.24569800e+03 8.51649332e-14
2.13466303e+03 8.54174015e-14
2.02911802e+03 8.56830096e-14
1.92879151e+03 8.59624418e-14
1.83342548e+03 8.62564181e-14
1.74277468e+03 8.65656959e-14
1.65660596e+03 8.68910722e-14
1.57469771e+03 8.72333858e-14
1.49683929e+03 8.75935189e-14
1.42283046e+03 8.79723999e-14
1.35248087e+03 8.83710057e-14
1.28560961e+03 8.87903641e-14
1.22204469e+03 8.92315566e-14
1.16162263e+03 8.96957212e-14
1.10418805e+03 9.01840552e-14
1.04959323e+03 9.06978187e-14
9.97697764e+02 9.12383374e-14
9.48368187e+02 9.18070065e-14
9.01477631e+02 9.24052939e-14
8.56905505e+02 9.30347445e-14
8.14537177e+02 9.36969838e-14
7.74263683e+02 9.43937226e-14
7.35981448e+02 9.51267610e-14
6.99592017e+02 9.58979936e-14
6.65001803e+02 9.67094139e-14
6.32121848e+02 9.75631201e-14
6.00867589e+02 9.84613205e-14
5.71158648e+02 9.94063388e-14
5.42918618e+02 1.00400621e-13
5.16074871e+02 1.01446741e-13
4.90558371e+02 1.02547409e-13
4.66303493e+02 1.03714280e-13
4.43247859e+02 1.04932744e-13
4.21332174e+02 1.06214769e-13
4.00500076e+02 1.07563679e-13
3.80697987e+02 1.08982977e-13
3.61874981e+02 1.10476348e-13
3.43982649e+02 1.12047672e-13
3.26974974e+02 1.13701033e-13
3.10808217e+02 1.15440733e-13
2.95440800e+02 1.17271298e-13
2.80833200e+02 1.19197498e-13
2.66947849e+02 1.21224351e-13
2.53749038e+02 1.23357144e-13
2.41202821e+02 1.25601445e-13
2.29276931e+02 1.27963116e-13
2.17940698e+02 1.30448332e-13
2.07164968e+02 1.33063596e-13
1.96922026e+02 1.35815761e-13
1.87185529e+02 1.38712042e-13
1.77930439e+02 1.41784675e-13
1.69132952e+02 1.44992372e-13
1.60770442e+02 1.48368239e-13
1.52821404e+02 1.51921172e-13
1.45265393e+02 1.55660545e-13
1.38082977e+02 1.59596239e-13
1.31255684e+02 1.63738670e-13
1.24765955e+02 1.68168107e-13
1.18597101e+02 1.72757388e-13
1.12733256e+02 1.77588170e-13
1.07159340e+02 1.82673331e-13
1.01861017e+02 1.88026457e-13
9.68246612e+01 1.93661881e-13
9.20373200e+01 1.99594728e-13
8.74866812e+01 2.05840963e-13
8.31610415e+01 2.12417438e-13
7.90492762e+01 2.19341948e-13
7.51408106e+01 2.26633288e-13
7.14255929e+01 2.34311310e-13
6.78940681e+01 2.42396994e-13
6.45371540e+01 2.50912516e-13
6.13462172e+01 2.59881321e-13
5.83130511e+01 2.69328206e-13
5.54298552e+01 2.79279406e-13
5.26892142e+01 2.89762688e-13
5.00840799e+01 3.00807453e-13
4.76077523e+01 3.12444842e-13
4.52538628e+01 3.24707857e-13
4.30163576e+01 3.37631485e-13
4.08894823e+01 3.51252839e-13
3.88677669e+01 3.65611306e-13
3.69460121e+01 3.80748713e-13
3.51192753e+01 3.96709501e-13
3.33828586e+01 4.13726139e-13
3.17322963e+01 4.31477131e-13
3.01633435e+01 4.50202464e-13
2.86719650e+01 4.69091047e-13
2.72543253e+01 4.89808615e-13
2.59067786e+01 5.11663085e-13
2.46258592e+01 5.34720651e-13
2.34082728e+01 5.59051814e-13
2.22508880e+01 5.84731718e-13
2.11507282e+01 6.11840512e-13
2.01049642e+01 6.40463750e-13
1.91109062e+01 6.70692829e-13
1.81659979e+01 7.02625469e-13
1.72678090e+01 7.36366243e-13
1.64140297e+01 7.72027156e-13
1.56024641e+01 8.09728287e-13
1.48310251e+01 8.49595458e-13
1.40977287e+01 8.91736087e-13
1.34006890e+01 9.36308716e-13
1.27381132e+01 9.83544416e-13
1.21082975e+01 1.03354262e-12
1.15096220e+01 1.08653442e-12
1.09405471e+01 1.14269933e-12
1.03996091e+01 1.20224947e-12
9.88541702e+00 1.26531131e-12
9.39664831e+00 1.33237447e-12
8.93204600e+00 1.40359255e-12
8.49041520e+00 1.47926549e-12
8.07062014e+00 1.55971870e-12
7.67158118e+00 1.64530642e-12
7.29227206e+00 1.73641473e-12
6.93171728e+00 1.83346441e-12
6.58898955e+00 1.93691485e-12
6.26320745e+00 2.04726790e-12
5.95353313e+00 2.16507232e-12
5.65917016e+00 2.29092866e-12
5.37936150e+00 2.42549466e-12
5.11338754e+00 2.56949115e-12
4.86056423e+00 2.72370863e-12
4.62024137e+00 2.88901443e-12
4.39180089e+00 3.06636062e-12
4.17465529e+00 3.25679261e-12
3.96824610e+00 3.46145864e-12
3.77204249e+00 3.68162003e-12
3.58553986e+00 3.91866241e-12
3.40825855e+00 4.17410776e-12
3.23974263e+00 4.44962757e-12
3.07955871e+00 4.74705689e-12
2.92729484e+00 5.06840937e-12
2.78255940e+00 5.41589334e-12
2.64498018e+00 5.79192878e-12
2.51420335e+00 6.19916524e-12
2.38989257e+00 6.64050045e-12
2.27172813e+00 7.11909971e-12
2.15940615e+00 7.63216288e-12
2.05263775e+00 8.19480209e-12
1.95114835e+00 8.80590648e-12
1.85467692e+00 9.46990915e-12
1.76297538e+00 1.01916089e-11
1.67580786e+00 1.09891767e-11
1.59295021e+00 1.18437513e-11
1.51418933e+00 1.27729173e-11
1.43932264e+00 1.37829617e-11
1.36815763e+00 1.48806437e-11
1.30051125e+00 1.60730875e-11
1.23620954e+00 1.73677355e-11
1.17508713e+00 1.87722722e-11
1.11698682e+00 2.02945090e-11
1.06175918e+00 2.19422162e-11
1.00926219e+00 2.37228911e-11
9.59360829e-01 2.56434456e-11
9.11926760e-01 2.77098031e-11
8.66837993e-01 2.99263954e-11
8.23978568e-01 3.22957520e-11
7.83238260e-01 3.48170917e-11
7.44512291e-01 3.74865782e-11
7.07701066e-01 4.02959080e-11
6.72709914e-01 4.32317345e-11
6.39448843e-01 4.62750675e-11
6.07832313e-01 4.94008926e-11
5.77779012e-01 5.25781021e-11
5.49211648e-01 5.57698172e-11
5.22056753e-01 5.89341456e-11
4.96244488e-01 6.20253763e-11
4.71708469e-01 6.49955541e-11
4.48385595e-01 6.77963262e-11
4.26215883e-01 7.03809082e-11
4.05142317e-01 7.27059991e-11
3.85110700e-01 7.47334814e-11
3.66069515e-01 7.64317769e-11
3.47969790e-01 7.77767779e-11
3.30764978e-01 7.87523340e-11
3.14410830e-01 7.93503221e-11
2.98865287e-01 7.95703670e-11
2.84088369e-01 7.94192964e-11
2.70042072e-01 7.89104126e-11
2.56690272e-01 7.80626546e-11
2.43998630e-01 7.68996997e-11
2.31934506e-01 7.54490432e-11
2.20466874e-01 7.37410744e-11
2.09566240e-01 7.18081652e-11
1.99204571e-01 6.96837834e-11
1.89355218e-01 6.73986321e-11
1.79992851e-01 6.49985631e-11
1.71093391e-01 6.25071824e-11
1.62633950e-01 5.99543944e-11
1.54592774e-01 5.73369930e-11
1.46949180e-01 5.47305487e-11
1.39683512e-01 5.21364822e-11
1.32777083e-01 4.95738885e-11
1.26212131e-01 4.70586723e-11
1.19971774e-01 4.46044823e-11
1.14039960e-01 4.22214917e-11
1.08401436e-01 3.99176379e-11
1.03041699e-01 3.66656179e-11
9.79469667e-02 3.46729949e-11
9.31041349e-02 3.35285649e-11
8.85007491e-02 3.15803543e-11
8.41249705e-02 2.97232161e-11
7.99655453e-02 2.79558755e-11
7.60117762e-02 2.62763750e-11
7.22534949e-02 2.46822508e-11
6.86810359e-02 2.31706826e-11
6.52852114e-02 2.17386159e-11
6.20572881e-02 2.03828616e-11
5.89889643e-02 1.91001740e-11
5.60723488e-02 1.78873115e-11
5.32999408e-02 1.67410805e-11
5.06646101e-02 1.56583682e-11
4.81595791e-02 1.46361637e-11
4.57784054e-02 1.36715714e-11
4.35149650e-02 1.27618178e-11
4.13634368e-02 1.19042535e-11
3.93182876e-02 1.10963516e-11
3.73742574e-02 1.03357030e-11
3.55263468e-02 9.62001095e-12
3.37698031e-02 8.95031919e-12
3.21001090e-02 8.31755498e-12
3.05129702e-02 7.72336199e-12
2.90043049e-02 7.16585920e-12
2.75702333e-02 6.64256579e-12
2.62070670e-02 6.15375748e-12
2.49113003e-02 5.69638965e-12
2.36796007e-02 5.26883049e-12
2.25088005e-02 4.86950967e-12
2.13958887e-02 4.49691556e-12
2.03380031e-02 4.14959293e-12
1.93324229e-02 3.82614115e-12
1.83765620e-02 3.52521274e-12
1.74679622e-02 3.24551224e-12
1.66042866e-02 2.98579531e-12
1.57833141e-02 2.74503707e-12
1.50029332e-02 2.52172850e-12
1.42611371e-02 2.31496389e-12
1.35560179e-02 2.12369895e-12
1.28857621e-02 1.94693734e-12
1.22486461e-02 1.78372985e-12
1.16430313e-02 1.63317356e-12
1.10673602e-02 1.49441095e-12
1.05201522e-02 1.37235386e-12
1.00000000e-02 1.25390804e-12
