1.00000000e+20 0.00000000e+00
9.50556592e+19 0.00000000e+00
9.03557835e+19 0.00000000e+00
8.58882856e+19 0.00000000e+00
8.16416760e+19 0.00000000e+00
7.76050334e+19 0.00000000e+00
7.37679760e+19 0.00000000e+00
7.01206359e+19 0.00000000e+00
6.66536327e+19 0.00000000e+00
6.33580499e+19 0.00000000e+00
6.02254120e+19 0.00000000e+00
5.72476624e+19 0.00000000e+00
5.44171429e+19 0.00000000e+00
5.17265739e+19 0.00000000e+00
4.91690358e+19 0.00000000e+00
4.67379511e+19 0.00000000e+00
4.44270675e+19 0.00000000e+00
4.22304419e+19 0.00000000e+00
4.01424249e+19 0.00000000e+00
3.81576466e+19 0.00000000e+00
3.62710025e+19 0.00000000e+00
3.44776405e+19 0.00000000e+00
3.27729485e+19 0.00000000e+00
3.11525422e+19 0.00000000e+00
2.96122544e+19 0.00000000e+00
2.81481236e+19 0.00000000e+00
2.67563844e+19 0.00000000e+00
2.54334576e+19 0.00000000e+00
2.41759408e+19 0.00000000e+00
2.29805999e+19 0.00000000e+00
2.18443607e+19 0.00000000e+00
2.07643011e+19 0.00000000e+00
1.97376433e+19 0.00000000e+00
1.87617469e+19 0.00000000e+00
1.78341022e+19 0.00000000e+00
1.69523234e+19 0.00000000e+00
1.61141428e+19 0.00000000e+00
1.53174046e+19 0.00000000e+00
1.45600600e+19 0.00000000e+00
1.38401610e+19 0.00000000e+00
1.31558562e+19 0.00000000e+00
1.25053859e+19 0.00000000e+00
1.18870770e+19 0.00000000e+00
1.12993394e+19 0.00000000e+00
1.07406615e+19 0.00000000e+00
1.02096066e+19 0.00000000e+00
9.70480888e+18 0.00000000e+00
9.22497005e+18 0.00000000e+00
8.76885609e+18 0.00000000e+00
8.33529397e+18 0.00000000e+00
7.92316862e+18 0.00000000e+00
7.53142017e+18 0.00000000e+00
7.15904109e+18 0.00000000e+00
6.80507370e+18 0.00000000e+00
6.46860766e+18 0.00000000e+00
6.14877765e+18 0.00000000e+00
5.84476113e+18 0.00000000e+00
5.55577622e+18 0.00000000e+00
5.28107971e+18 0.00000000e+00
5.01996513e+18 0.00000000e+00
4.77176095e+18 0.00000000e+00
4.53582883e+18 0.00000000e+00
4.31156199e+18 0.00000000e+00
4.09838367e+18 0.00000000e+00
3.89574562e+18 0.00000000e+00
3.70312668e+18 0.00000000e+00
3.52003147e+18 0.00000000e+00
3.34598912e+18 0.00000000e+00
3.18055202e+18 0.00000000e+00
3.02329468e+18 0.00000000e+00
2.87381269e+18 0.00000000e+00
2.73172160e+18 0.00000000e+00
2.59665597e+18 0.00000000e+00
2.46826845e+18 0.00000000e+00
2.34622885e+18 0.00000000e+00
2.23022330e+18 0.00000000e+00
2.11995346e+18 0.00000000e+00
2.01513573e+18 0.00000000e+00
1.91550056e+18 0.00000000e+00
1.82079168e+18 0.00000000e+00
1.73076553e+18 0.00000000e+00
1.64519059e+18 0.00000000e+00
1.56384676e+18 0.00000000e+00
1.48652484e+18 0.00000000e+00
1.41302599e+18 0.00000000e+00
1.34316117e+18 0.00000000e+00
1.27675070e+18 0.00000000e+00
1.21362380e+18 0.00000000e+00
1.15361810e+18 0.00000000e+00
1.09657929e+18 0.00000000e+00
1.04236067e+18 0.00000000e+00
9.90822810e+17 0.00000000e+00
9.41833153e+17 0.00000000e+00
8.95265713e+17 0.00000000e+00
8.51000725e+17 0.00000000e+00
8.08924349e+17 0.00000000e+00
7.68928372e+17 0.00000000e+00
7.30909933e+17 0.00000000e+00
6.94771255e+17 0.00000000e+00
6.60419396e+17 6.70734673e-59
6.27766011e+17 7.32322112e-57
5.96727120e+17 3.15016451e-55
5.67222897e+17 1.02887035e-53
5.39177464e+17 2.90313237e-52
5.12518693e+17 6.43200797e-51
4.87178022e+17 1.28131131e-49
4.63090280e+17 2.49459854e-48
4.40193519e+17 3.66192356e-47
4.18428851e+17 5.18855557e-46
3.97740302e+17 6.16270907e-45
3.78074666e+17 6.13599301e-44
3.59381366e+17 5.89693897e-43
3.41612327e+17 4.27298155e-42
3.24721849e+17 3.90604505e-41
3.08666494e+17 2.29586150e-40
2.93404971e+17 1.42032138e-39
2.78898029e+17 6.98064557e-39
2.65108360e+17 3.89848865e-38
2.52000499e+17 1.95355661e-37
2.39540736e+17 7.38951520e-37
2.27697026e+17 3.19939696e-36
2.16438909e+17 1.11185754e-35
2.05737431e+17 4.22121051e-35
1.95565072e+17 1.66286304e-34
1.85895668e+17 4.88822506e-34
1.76704353e+17 1.49099955e-33
1.67967487e+17 3.51303706e-33
1.59662602e+17 1.02945841e-32
1.51768339e+17 2.75931634e-32
1.44264395e+17 6.39099603e-32
1.37131472e+17 1.50029219e-31
1.30351224e+17 3.11533436e-31
1.23906216e+17 6.33310983e-31
1.17779870e+17 1.31224567e-30
1.11956432e+17 2.77127854e-30
1.06420924e+17 5.05582748e-30
1.01159111e+17 9.46379843e-30
9.61574600e+16 1.44446595e-29
9.14031075e+16 3.05050920e-29
8.68838264e+16 4.66522296e-29
8.25879939e+16 7.67363865e-29
7.85045620e+16 1.25388543e-28
7.46230289e+16 2.00102420e-28
7.09334120e+16 2.53489742e-28
6.74262224e+16 4.05107392e-28
6.40924402e+16 5.82310560e-28
6.09234915e+16 9.14800713e-28
5.79112265e+16 1.31198426e-27
5.50478981e+16 1.62203403e-27
5.23261424e+16 2.04133306e-27
4.97389596e+16 3.33979069e-27
4.72796959e+16 4.13270580e-27
4.49420266e+16 4.97980739e-27
4.27199397e+16 6.60612518e-27
4.06077203e+16 7.98675606e-27
3.85999362e+16 1.05722966e-26
3.66914238e+16 1.27247636e-26
3.48772747e+16 1.57351090e-26
3.31528234e+16 1.98091183e-26
3.15136348e+16 1.93132018e-26
2.99554933e+16 2.44761208e-26
2.84743917e+16 3.08306982e-26
2.70665207e+16 3.01004786e-26
2.57282597e+16 3.72672239e-26
2.44561668e+16 4.49559081e-26
2.32469706e+16 5.23840789e-26
2.20975611e+16 5.83906451e-26
2.10049824e+16 6.17641930e-26
1.99664245e+16 6.91640677e-26
1.89792164e+16 7.71281336e-26
1.80408193e+16 9.01936120e-26
1.71488197e+16 8.85845304e-26
1.63009236e+16 1.06796731e-25
1.54949504e+16 1.05056187e-25
1.47288272e+16 1.04454701e-25
1.40005838e+16 1.29030149e-25
1.33083472e+16 1.28165041e-25
1.26503372e+16 1.26886224e-25
1.20248614e+16 1.59180135e-25
1.14303113e+16 1.59054494e-25
1.08651577e+16 1.60027865e-25
1.03279473e+16 2.03403176e-25
9.81729841e+15 1.99177488e-25
9.33189772e+15 2.02357244e-25
8.87049689e+15 2.06811333e-25
8.43190929e+15 2.04396939e-25
8.01500696e+15 2.55784863e-25
7.61871770e+15 2.60342826e-25
7.24202233e+15 2.64305994e-25
6.88395207e+15 2.70587275e-25
6.54358602e+15 2.75954853e-25
6.22004883e+15 2.86136885e-25
5.91250841e+15 3.41901828e-25
5.62017385e+15 3.43066471e-25
5.34229330e+15 3.65577007e-25
5.07815211e+15 3.61512017e-25
4.82707097e+15 3.93024486e-25
4.58840413e+15 3.99023998e-25
4.36153779e+15 4.05050912e-25
4.14588850e+15 4.92621661e-25
3.94090164e+15 4.89173097e-25
3.74605003e+15 4.58726426e-25
3.56083255e+15 5.19426561e-25
3.38477286e+15 5.59756732e-25
3.21741815e+15 4.36197645e-25
3.05833803e+15 5.84504707e-25
2.90712338e+15 6.21005348e-25
2.76338529e+15 6.40157988e-25
2.62675410e+15 7.17242908e-25
2.49687843e+15 7.64918549e-25
2.37342425e+15 7.71052663e-25
2.25607407e+15 7.99333165e-25
2.14452608e+15 8.09474081e-25
2.03849340e+15 9.32082334e-25
1.93770334e+15 9.70172024e-25
1.84189668e+15 9.47179936e-25
1.75082703e+15 1.02419827e-24
1.66426018e+15 9.38635933e-25
1.58197348e+15 1.12121889e-24
1.50375532e+15 1.27225660e-24
1.42940453e+15 1.23987659e-24
1.35872990e+15 1.26481063e-24
1.29154967e+15 1.36026248e-24
1.22769105e+15 1.43137794e-24
1.16698982e+15 1.50302905e-24
1.10928986e+15 1.60101864e-24
1.05444279e+15 1.70540306e-24
1.00230755e+15 1.68083989e-24
9.52750047e+14 1.75813978e-24
9.05642838e+14 1.93110185e-24
8.60864770e+14 2.05448027e-24
8.18300682e+14 2.07623937e-24
7.77841107e+14 2.06087266e-24
7.39381992e+14 2.34763405e-24
7.02824426e+14 2.37957134e-24
6.68074392e+14 2.51453984e-24
6.35042517e+14 2.69911624e-24
6.03643851e+14 2.77985750e-24
5.73797641e+14 3.04949697e-24
5.45427131e+14 3.07841401e-24
5.18459354e+14 3.15656044e-24
4.92824957e+14 3.32911726e-24
4.68458012e+14 3.57651066e-24
4.45295851e+14 3.81447950e-24
4.23278907e+14 3.97656180e-24
4.02350555e+14 4.05194672e-24
3.82456972e+14 4.29604009e-24
3.63546996e+14 4.57133467e-24
3.45571994e+14 4.77676363e-24
3.28485737e+14 4.93977851e-24
3.12244282e+14 5.22698477e-24
2.96805861e+14 5.45818093e-24
2.82130768e+14 5.83635297e-24
2.68181261e+14 6.19206158e-24
2.54921465e+14 6.54803114e-24
2.42317279e+14 6.63080971e-24
2.30336287e+14 7.07289224e-24
2.18947676e+14 7.42149958e-24
2.08122157e+14 7.69999718e-24
1.97831888e+14 8.22713398e-24
1.88050406e+14 8.81236517e-24
1.78752553e+14 9.24014565e-24
1.69914417e+14 9.61960318e-24
1.61513269e+14 1.00247838e-23
1.53527503e+14 1.06778895e-23
1.45936580e+14 1.11840063e-23
1.38720978e+14 1.18585915e-23
1.31862140e+14 1.23543786e-23
1.25342427e+14 1.30873288e-23
1.19145070e+14 1.37331625e-23
1.13254132e+14 1.42529404e-23
1.07654461e+14 1.51870579e-23
1.02331658e+14 1.57992082e-23
9.72720319e+13 1.68374006e-23
9.24625712e+13 1.76210613e-23
8.78909065e+13 1.84155047e-23
8.35452806e+13 1.96114218e-23
7.94145172e+13 2.03767559e-23
7.54879928e+13 2.14632061e-23
7.17556092e+13 2.27259113e-23
6.82077673e+13 2.37382575e-23
6.48353429e+13 2.50637535e-23
6.16296626e+13 2.64931210e-23
5.85824820e+13 2.76576113e-23
5.56859644e+13 2.91181531e-23
5.29326606e+13 3.05942939e-23
5.03154895e+13 3.22727775e-23
4.78277202e+13 3.39757519e-23
4.54629547e+13 3.56625711e-23
4.32151113e+13 3.74745965e-23
4.10784089e+13 3.94429775e-23
3.90473524e+13 4.15995670e-23
3.71167182e+13 4.36307593e-23
3.52815412e+13 4.58521169e-23
3.35371015e+13 4.82544341e-23
3.18789129e+13 5.07776953e-23
3.03027108e+13 5.33835307e-23
2.88044415e+13 5.62545840e-23
2.73802518e+13 5.91850031e-23
2.60264788e+13 6.22254846e-23
2.47396410e+13 6.55115627e-23
2.35164288e+13 6.88402656e-23
2.23536965e+13 7.25394973e-23
2.12484535e+13 7.60622918e-23
2.01978576e+13 8.02037193e-23
1.91992067e+13 8.43915925e-23
1.82499324e+13 8.86846862e-23
1.73475936e+13 9.33358633e-23
1.64898694e+13 9.81557669e-23
1.56745541e+13 1.03253168e-22
1.48995507e+13 1.08595358e-22
1.41628662e+13 1.14257182e-22
1.34626058e+13 1.20312905e-22
1.27969687e+13 1.26430360e-22
1.21642429e+13 1.32987273e-22
1.15628013e+13 1.40064977e-22
1.09910970e+13 1.47402812e-22
1.04476597e+13 1.54973472e-22
9.93109181e+12 1.63047643e-22
9.44006479e+12 1.71449186e-22
8.97331581e+12 1.80249921e-22
8.52964450e+12 1.89656073e-22
8.10790981e+12 1.99653091e-22
7.70702711e+12 2.09963897e-22
7.32596543e+12 2.20761245e-22
6.96374473e+12 2.32399887e-22
6.61943346e+12 2.44406376e-22
6.29214611e+12 2.57235699e-22
5.98104096e+12 2.70510502e-22
5.68531791e+12 2.84547440e-22
5.40421642e+12 2.99359014e-22
5.13701354e+12 3.15043403e-22
4.88302209e+12 3.31280919e-22
4.64158883e+12 3.48544283e-22
4.41209286e+12 3.66474026e-22
4.19394396e+12 3.85705226e-22
3.98658107e+12 4.05862590e-22
3.78947092e+12 4.26889759e-22
3.60210656e+12 4.49142153e-22
3.42400614e+12 4.72478690e-22
3.25471161e+12 4.97048175e-22
3.09378757e+12 5.22899980e-22
2.94082017e+12 5.50127824e-22
2.79541600e+12 5.78638425e-22
2.65720111e+12 6.08954089e-22
2.52582003e+12 6.40560795e-22
2.40093488e+12 6.73758920e-22
2.28222447e+12 7.08931405e-22
2.16938352e+12 7.45551044e-22
2.06212180e+12 7.84441331e-22
1.96016347e+12 8.25322506e-22
1.86324631e+12 8.68086023e-22
1.77112106e+12 9.13398212e-22
1.68355080e+12 9.60839243e-22
1.60031031e+12 1.01079318e-21
1.52118552e+12 1.06345632e-21
1.44597292e+12 1.11876750e-21
1.37447909e+12 1.17691031e-21
1.30652016e+12 1.23815249e-21
1.24192135e+12 1.30247284e-21
1.18051653e+12 1.37029294e-21
1.12214777e+12 1.44142924e-21
1.06666496e+12 1.51640875e-21
1.01392541e+12 1.59540376e-21
9.63793480e+11 1.67824200e-21
9.16140246e+11 1.76576038e-21
8.70843150e+11 1.85740005e-21
8.27785697e+11 1.95401640e-21
7.86857151e+11 2.05576170e-21
7.47952252e+11 2.16270982e-21
7.10970943e+11 2.27517889e-21
6.75818117e+11 2.39347377e-21
6.42403366e+11 2.51806801e-21
6.10640754e+11 2.64890096e-21
5.80448594e+11 2.78670056e-21
5.51749238e+11 2.93176233e-21
5.24468875e+11 3.08405128e-21
4.98537346e+11 3.24442412e-21
4.73887961e+11 3.41333842e-21
4.50457325e+11 3.59088584e-21
4.28185180e+11 3.77762788e-21
4.07014245e+11 3.97412179e-21
3.86890074e+11 4.18067718e-21
3.67760910e+11 4.39823577e-21
3.49577557e+11 4.62702281e-21
3.32293252e+11 4.86766340e-21
3.15863541e+11 5.12079794e-21
3.00246171e+11 5.38718439e-21
2.85400977e+11 5.66739235e-21
2.71289780e+11 5.96229196e-21
2.57876289e+11 6.27225366e-21
2.45126006e+11 6.59860999e-21
2.33006141e+11 6.94175418e-21
2.21485523e+11 7.30288471e-21
2.10534524e+11 7.68284345e-21
2.00124980e+11 8.08238986e-21
1.90230119e+11 8.50278783e-21
1.80824493e+11 8.94512341e-21
1.71883914e+11 9.41024572e-21
1.63385388e+11 9.89975850e-21
1.55307057e+11 1.04146422e-20
1.47628147e+11 1.09565300e-20
1.40328908e+11 1.15263571e-20
1.33390569e+11 1.21259696e-20
1.26795285e+11 1.27564967e-20
1.20526094e+11 1.34202145e-20
1.14566873e+11 1.41180121e-20
1.08902296e+11 1.48523812e-20
1.03517796e+11 1.56251135e-20
9.83995230e+10 1.64378612e-20
9.35343152e+10 1.72927923e-20
8.89096599e+10 1.81923301e-20
8.45136633e+10 1.91385696e-20
8.03350198e+10 2.01340747e-20
7.63629826e+10 2.11812216e-20
7.25873365e+10 2.22831609e-20
6.89983712e+10 2.34420569e-20
6.55868566e+10 2.46613557e-20
6.23440189e+10 2.59443573e-20
5.92615181e+10 2.72937126e-20
5.63314267e+10 2.87134819e-20
5.35462090e+10 3.02068919e-20
5.08987019e+10 3.17781731e-20
4.83820966e+10 3.34312234e-20
4.59899209e+10 3.51701286e-20
4.37160225e+10 3.69995141e-20
4.15545533e+10 3.89238521e-20
3.94999546e+10 4.09485275e-20
3.75469422e+10 4.30785716e-20
3.56904935e+10 4.53193407e-20
3.39258338e+10 4.76764639e-20
3.22484250e+10 5.01563615e-20
3.06539530e+10 5.27652865e-20
2.91383170e+10 5.55098450e-20
2.76976194e+10 5.83971396e-20
2.63281547e+10 6.14349767e-20
2.50264010e+10 6.46302738e-20
2.37890104e+10 6.79921754e-20
2.26128007e+10 7.15287017e-20
2.14947467e+10 7.52493890e-20
2.04319732e+10 7.91634796e-20
1.94217468e+10 8.32810780e-20
1.84614695e+10 8.76129228e-20
1.75486715e+10 9.21702447e-20
1.66810054e+10 9.69645232e-20
1.58562396e+10 1.02008066e-19
1.50722531e+10 1.07314129e-19
1.43270295e+10 1.12895820e-19
1.36186524e+10 1.18768221e-19
1.29452998e+10 1.24946117e-19
1.23052400e+10 1.31445079e-19
1.16968270e+10 1.38282300e-19
1.11184960e+10 1.45475067e-19
1.05687597e+10 1.53041856e-19
1.00462042e+10 1.61002451e-19
9.54948564e+09 1.69376855e-19
9.07732653e+09 1.78187005e-19
8.62851257e+09 1.87455746e-19
8.20188950e+09 1.97206194e-19
7.79636013e+09 2.07464087e-19
7.41088152e+09 2.18254938e-19
7.04446228e+09 2.29607784e-19
6.69616005e+09 2.41550791e-19
6.36507908e+09 2.54115094e-19
6.05036788e+09 2.67333110e-19
5.75121707e+09 2.81238098e-19
5.46685730e+09 2.95866744e-19
5.19655724e+09 3.11256328e-19
4.93962174e+09 3.27446832e-19
4.69539001e+09 3.44479087e-19
4.46323393e+09 3.62397102e-19
4.24255643e+09 3.81247231e-19
4.03278998e+09 4.01077644e-19
3.83339510e+09 4.21940069e-19
3.64385898e+09 4.43887037e-19
3.46369418e+09 4.66976279e-19
3.29243733e+09 4.91265846e-19
3.12964801e+09 5.16819031e-19
2.97490755e+09 5.43701899e-19
2.82781798e+09 5.71982629e-19
2.68800102e+09 6.01734199e-19
2.55509709e+09 6.33033457e-19
2.42876438e+09 6.65961373e-19
2.30867799e+09 7.00601240e-19
2.19452909e+09 7.37042810e-19
2.08602409e+09 7.75380484e-19
1.98288395e+09 8.15712027e-19
1.88484341e+09 8.58141547e-19
1.79165033e+09 9.02777964e-19
1.70306503e+09 9.49736063e-19
1.61885969e+09 9.99136959e-19
1.53881775e+09 1.05110717e-18
1.46273336e+09 1.10578066e-18
1.39041083e+09 1.16329794e-18
1.32166418e+09 1.22380721e-18
1.25631660e+09 1.28746376e-18
1.19420003e+09 1.35443208e-18
1.13515471e+09 1.42488263e-18
1.07902879e+09 1.49899802e-18
1.02567793e+09 1.57696904e-18
9.74964918e+08 1.65899543e-18
9.26759330e+08 1.74528818e-18
8.80937190e+08 1.83606985e-18
8.37380654e+08 1.93157333e-18
7.95977700e+08 2.03204484e-18
7.56621850e+08 2.13774220e-18
7.19211887e+08 2.24893713e-18
6.83651600e+08 2.36591570e-18
6.49849535e+08 2.48897938e-18
6.17718760e+08 2.61844412e-18
5.87176639e+08 2.75464314e-18
5.58144625e+08 2.89792647e-18
5.30548053e+08 3.04866279e-18
5.04315949e+08 3.20723984e-18
4.79380850e+08 3.37406490e-18
4.55678627e+08 3.54956795e-18
4.33148322e+08 3.73419919e-18
4.11731993e+08 3.92843482e-18
3.91374560e+08 4.13277274e-18
3.72023668e+08 4.34774033e-18
3.53629550e+08 4.57388889e-18
3.36144900e+08 4.81180064e-18
3.19524751e+08 5.06208687e-18
3.03726358e+08 5.32539259e-18
2.88709092e+08 5.60239463e-18
2.74434330e+08 5.89380433e-18
2.60865362e+08 6.20037129e-18
2.47967289e+08 6.52288527e-18
2.35706941e+08 6.86217445e-18
2.24052787e+08 7.21911189e-18
2.12974854e+08 7.59461562e-18
2.02444651e+08 7.98965098e-18
1.92435098e+08 8.40523470e-18
1.82920450e+08 8.84243485e-18
1.73876240e+08 9.30237605e-18
1.65279206e+08 9.78624119e-18
1.57107239e+08 1.02952741e-17
1.49339322e+08 1.08307855e-17
1.41955477e+08 1.13941511e-17
1.34936714e+08 1.19868204e-17
1.28264983e+08 1.26103172e-17
1.21923125e+08 1.32662460e-17
1.15894830e+08 1.39562926e-17
1.10164595e+08 1.46822321e-17
1.04717682e+08 1.54459314e-17
9.95400829e+07 1.62493548e-17
9.46184819e+07 1.70945686e-17
8.99402217e+07 1.79837462e-17
8.54932707e+07 1.89191752e-17
8.12661920e+07 1.99032598e-17
7.72481145e+07 2.09385322e-17
7.34287045e+07 2.20276549e-17
6.97981391e+07 2.31734282e-17
6.63470812e+07 2.43787988e-17
6.30666554e+07 2.56468674e-17
5.99484250e+07 2.69808948e-17
5.69843706e+07 2.83843119e-17
5.41668691e+07 2.98607278e-17
5.14886745e+07 3.14139406e-17
4.89428990e+07 3.30479432e-17
4.65229952e+07 3.47669391e-17
4.42227398e+07 3.65753495e-17
4.20362168e+07 3.84778241e-17
3.99578030e+07 4.04792561e-17
3.79821531e+07 4.25847935e-17
3.61041860e+07 4.47998509e-17
3.43190720e+07 4.71301247e-17
3.26222201e+07 4.95816086e-17
3.10092664e+07 5.21606071e-17
2.94760626e+07 5.48737521e-17
2.80186656e+07 5.77280228e-17
2.66333273e+07 6.07307581e-17
2.53164848e+07 6.38896821e-17
2.40647515e+07 6.72129177e-17
2.28749082e+07 7.07090120e-17
2.17438948e+07 7.43869570e-17
2.06688025e+07 7.82562107e-17
1.96468665e+07 8.23267244e-17
1.86754584e+07 8.66089671e-17
1.77520801e+07 9.11139519e-17
1.68743568e+07 9.58532640e-17
1.60400311e+07 1.00839092e-16
1.52469573e+07 1.06084260e-16
1.44930957e+07 1.11602256e-16
1.37765077e+07 1.17407271e-16
1.30953502e+07 1.23514237e-16
1.24478715e+07 1.29938856e-16
1.18324063e+07 1.36697654e-16
1.12473718e+07 1.43808013e-16
1.06912634e+07 1.51288218e-16
1.01626509e+07 1.59157509e-16
9.66017480e+06 1.67436121e-16
9.18254284e+06 1.76145348e-16
8.72852662e+06 1.85307586e-16
8.29695852e+06 1.94946402e-16
7.88672862e+06 2.05086581e-16
7.49678187e+06 2.15754205e-16
7.12611543e+06 2.26976708e-16
6.77377600e+06 2.38782951e-16
6.43885743e+06 2.51203299e-16
6.12049837e+06 2.64269695e-16
5.81788007e+06 2.78015741e-16
5.53022426e+06 2.92476791e-16
5.25679112e+06 3.07690036e-16
4.99687745e+06 3.23694601e-16
4.74981480e+06 3.40531648e-16
4.51496777e+06 3.58244478e-16
4.29173238e+06 3.76878644e-16
4.07953450e+06 3.96482070e-16
3.87782841e+06 4.17105173e-16
3.68609536e+06 4.38800992e-16
3.50384225e+06 4.61625324e-16
3.33060034e+06 4.85636868e-16
3.16592411e+06 5.10897378e-16
3.00939003e+06 5.37471820e-16
2.86059554e+06 5.65428537e-16
2.71915794e+06 5.94839430e-16
2.58471351e+06 6.25780137e-16
2.45691646e+06 6.58330232e-16
2.33543814e+06 6.92573428e-16
2.21996612e+06 7.28597791e-16
2.11020343e+06 7.66495971e-16
2.00586778e+06 8.06365433e-16
1.90669084e+06 8.48308716e-16
1.81241755e+06 8.92433687e-16
1.72280545e+06 9.38853830e-16
1.63762407e+06 9.87688528e-16
1.55665436e+06 1.03906337e-15
1.47968806e+06 1.09311050e-15
1.40652724e+06 1.14996889e-15
1.33698374e+06 1.20978479e-15
1.27087871e+06 1.27271203e-15
1.20804213e+06 1.33891244e-15
1.14831241e+06 1.40855629e-15
1.09153594e+06 1.48182268e-15
1.03756668e+06 1.55890003e-15
9.86265846e+05 1.63998659e-15
9.37501502e+05 1.72529088e-15
8.91148232e+05 1.81503230e-15
8.47086827e+05 1.90944165e-15
8.05203967e+05 2.00876172e-15
7.65391939e+05 2.11324795e-15
7.27548353e+05 2.22316906e-15
6.91575883e+05 2.33880774e-15
6.57382014e+05 2.46046141e-15
6.24878807e+05 2.58844292e-15
5.93982669e+05 2.72308143e-15
5.64614142e+05 2.86472320e-15
5.36697695e+05 3.01373251e-15
5.10161531e+05 3.17049258e-15
4.84937407e+05 3.33540657e-15
4.60960449e+05 3.50889862e-15
4.38168993e+05 3.69141490e-15
4.16504425e+05 3.88342483e-15
3.95911027e+05 4.08542221e-15
3.76335836e+05 4.29792655e-15
3.57728510e+05 4.52148438e-15
3.40041193e+05 4.75667064e-15
3.23228398e+05 5.00409019e-15
3.07246884e+05 5.26437936e-15
2.92055551e+05 5.53820755e-15
2.77615329e+05 5.82627902e-15
2.63889081e+05 6.12933464e-15
2.50841506e+05 6.44815380e-15
2.38439047e+05 6.78355647e-15
2.26649808e+05 7.13640523e-15
2.15443469e+05 7.50760756e-15
2.04791210e+05 7.89811814e-15
1.94665634e+05 8.30894128e-15
1.85040702e+05 8.74113357e-15
1.75891659e+05 9.19580653e-15
1.67194976e+05 9.67412950e-15
1.58928287e+05 1.01773327e-14
1.51070330e+05 1.07067102e-14
1.43600898e+05 1.12636235e-14
1.36500781e+05 1.18495050e-14
1.29751717e+05 1.24658614e-14
1.23336350e+05 1.31142779e-14
1.17238180e+05 1.37964222e-14
1.11441525e+05 1.45140486e-14
1.05931476e+05 1.52690027e-14
1.00693863e+05 1.60632263e-14
9.57152154e+04 1.68987618e-14
9.09827289e+04 1.77777583e-14
8.64842328e+04 1.87024764e-14
8.22081576e+04 1.96752943e-14
7.81435061e+04 2.06987141e-14
7.42798248e+04 2.17753678e-14
7.06071771e+04 2.29080244e-14
6.71161177e+04 2.40995971e-14
6.37976681e+04 2.53531505e-14
6.06432940e+04 2.66719085e-14
5.76448828e+04 2.80592628e-14
5.47947234e+04 2.95187817e-14
5.20854855e+04 3.10542189e-14
4.95102016e+04 3.26695234e-14
4.70622485e+04 3.43688497e-14
4.47353305e+04 3.61565682e-14
4.25234633e+04 3.80372770e-14
4.04209584e+04 4.00158131e-14
3.84224085e+04 4.20972651e-14
3.65226736e+04 4.42869866e-14
3.47168682e+04 4.65906093e-14
3.30003479e+04 4.90140583e-14
3.13686982e+04 5.15635664e-14
2.98177229e+04 5.42456912e-14
2.83434331e+04 5.70673309e-14
2.69420371e+04 6.00357429e-14
2.56099310e+04 6.31585620e-14
2.43436887e+04 6.64438203e-14
2.31400538e+04 6.98999675e-14
2.19959307e+04 7.35358931e-14
2.09083769e+04 7.73609489e-14
1.98745955e+04 8.13849734e-14
1.88919278e+04 8.56183167e-14
1.79578465e+04 9.00718675e-14
1.70699493e+04 9.47570809e-14
1.62259529e+04 9.96860079e-14
1.54236865e+04 1.04871327e-13
1.46610868e+04 1.10326375e-13
1.39361927e+04 1.16065184e-13
1.32471399e+04 1.22102515e-13
1.25921561e+04 1.28453898e-13
1.19695570e+04 1.35135670e-13
1.13777413e+04 1.42165019e-13
1.08151870e+04 1.49560027e-13
1.02804473e+04 1.57339715e-13
9.77214697e+03 1.65524097e-13
9.28897872e+03 1.74134226e-13
8.82969996e+03 1.83192251e-13
8.39312950e+03 1.92721473e-13
7.97814457e+03 2.02746406e-13
7.58367791e+03 2.13292840e-13
7.20871503e+03 2.24387906e-13
6.85229160e+03 2.36060148e-13
6.51349095e+03 2.48339595e-13
6.19144176e+03 2.61257837e-13
5.88531578e+03 2.74848110e-13
5.59432571e+03 2.89145379e-13
5.31772318e+03 3.04186429e-13
5.05479682e+03 3.20009960e-13
4.80487044e+03 3.36656683e-13
4.56730127e+03 3.54169433e-13
4.34147833e+03 3.72593270e-13
4.12682085e+03 3.91975602e-13
3.92277676e+03 4.12366304e-13
3.72882131e+03 4.33817848e-13
3.54445567e+03 4.56385435e-13
3.36920571e+03 4.80127144e-13
3.20262069e+03 5.05104074e-13
3.04427221e+03 5.31380507e-13
2.89375302e+03 5.59024071e-13
2.75067601e+03 5.88105917e-13
2.61467321e+03 6.18700898e-13
2.48539486e+03 6.50887769e-13
2.36250847e+03 6.84749383e-13
2.24569800e+03 7.20372911e-13
2.13466303e+03 7.57850062e-13
2.02911802e+03 7.97277324e-13
1.92879151e+03 8.38756209e-13
1.83342548e+03 8.82393522e-13
1.74277468e+03 9.28301628e-13
1.65660596e+03 9.76598751e-13
1.57469771e+03 1.02740927e-12
1.49683929e+03 1.08086406e-12
1.42283046e+03 1.13710079e-12
1.35248087e+03 1.19626435e-12
1.28560961e+03 1.25850713e-12
1.22204469e+03 1.32398951e-12
1.16162263e+03 1.39288021e-12
1.10418805e+03 1.46535676e-12
1.04959323e+03 1.54160595e-12
9.97697764e+02 1.62182430e-12
9.48368187e+02 1.70621861e-12
9.01477631e+02 1.79500645e-12
8.56905505e+02 1.88841676e-12
8.14537177e+02 1.98669043e-12
7.74263683e+02 2.09008091e-12
7.35981448e+02 2.19885493e-12
6.99592017e+02 2.31329311e-12
6.65001803e+02 2.43369077e-12
6.32121848e+02 2.56035863e-12
6.00867589e+02 2.69362368e-12
5.71158648e+02 2.83383001e-12
5.42918618e+02 2.98133970e-12
5.16074871e+02 3.13653378e-12
4.90558371e+02 3.29981323e-12
4.66303493e+02 3.47160003e-12
4.43247859e+02 3.65233824e-12
4.21332174e+02 3.84249524e-12
4.00500076e+02 4.04256286e-12
3.80697987e+02 4.25305878e-12
3.61874981e+02 4.47452780e-12
3.43982649e+02 4.70754336e-12
3.26974974e+02 4.95270901e-12
3.10808217e+02 5.21066002e-12
2.95440800e+02 5.48206509e-12
2.80833200e+02 5.76762811e-12
2.66947849e+02 6.06809002e-12
2.53749038e+02 6.38423085e-12
2.41202821e+02 6.71687174e-12
2.29276931e+02 7.06687720e-12
2.17940698e+02 7.43515742e-12
2.07164968e+02 7.82267074e-12
1.96922026e+02 8.23042621e-12
1.87185529e+02 8.65948638e-12
1.77930439e+02 9.11097019e-12
1.69132952e+02 9.58605602e-12
1.60770442e+02 1.00859849e-11
1.52821404e+02 1.06120641e-11
1.45265393e+02 1.11656704e-11
1.38082977e+02 1.17482545e-11
1.31255684e+02 1.23613444e-11
1.24765955e+02 1.30065502e-11
1.18597101e+02 1.36855687e-11
1.12733256e+02 1.44001877e-11
1.07159340e+02 1.51522917e-11
1.01861017e+02 1.59438672e-11
9.68246612e+01 1.67770082e-11
9.20373200e+01 1.76539229e-11
8.74866812e+01 1.85769396e-11
8.31610415e+01 1.95485143e-11
7.90492762e+01 2.05712376e-11
7.51408106e+01 2.16478430e-11
7.14255929e+01 2.27812149e-11
6.78940681e+01 2.39743981e-11
6.45371540e+01 2.52306072e-11
6.13462172e+01 2.65532368e-11
5.83130511e+01 2.79458729e-11
5.54298552e+01 2.94123041e-11
5.26892142e+01 3.09565350e-11
5.00840799e+01 3.25827995e-11
4.76077523e+01 3.42955755e-11
4.52538628e+01 3.60996008e-11
4.30163576e+01 3.79998901e-11
4.08894823e+01 4.00017535e-11
3.88677669e+01 4.21108165e-11
3.69460121e+01 4.43330415e-11
3.51192753e+01 4.66747515e-11
3.33828586e+01 4.91426550e-11
3.17322963e+01 5.17438744e-11
3.01633435e+01 5.44859757e-11
2.86719650e+01 5.72710148e-11
2.72543253e+01 6.03024680e-11
2.59067786e+01 6.34977835e-11
2.46258592e+01 6.68662321e-11
2.34082728e+01 7.04176596e-11
2.22508880e+01 7.41625286e-11
2.11507282e+01 7.81119630e-11
2.01049642e+01 8.22777978e-11
1.91109062e+01 8.66726326e-11
1.81659979e+01 9.13098899e-11
1.72678090e+01 9.62038790e-11
1.64140297e+01 1.01369866e-10
1.56024641e+01 1.06824148e-10
1.48310251e+01 1.12583912e-10
1.40977287e+01 1.18665050e-10
1.34006890e+01 1.25087606e-10
1.27381132e+01 1.31876811e-10
1.21082975e+01 1.39057136e-10
1.15096220e+01 1.46648544e-10
1.09405471e+01 1.54679786e-10
1.03996091e+01 1.63178588e-10
9.88541702e+00 1.72174817e-10
9.39664831e+00 1.81701389e-10
8.93204600e+00 1.91793375e-10
8.49041520e+00 2.02488773e-10
8.07062014e+00 2.13828475e-10
7.67158118e+00 2.25856626e-10
7.29227206e+00 2.38620911e-10
6.93171728e+00 2.52172812e-10
6.58898955e+00 2.66567969e-10
6.26320745e+00 2.81866513e-10
5.95353313e+00 2.98133446e-10
5.65917016e+00 3.15439032e-10
5.37936150e+00 3.33859212e-10
5.11338754e+00 3.53476041e-10
4.86056423e+00 3.74378134e-10
4.62024137e+00 3.96661126e-10
4.39180089e+00 4.20428136e-10
4.17465529e+00 4.45790226e-10
3.96824610e+00 4.72866845e-10
3.77204249e+00 5.01786248e-10
3.58553986e+00 5.32685870e-10
3.40825855e+00 5.65712637e-10
3.23974263e+00 6.01023195e-10
3.07955871e+00 6.38784031e-10
2.92729484e+00 6.79171446e-10
2.78255940e+00 7.22371361e-10
2.64498018e+00 7.68578909e-10
2.51420335e+00 8.17997771e-10
2.38989257e+00 8.70839214e-10
2.27172813e+00 9.27320790e-10
2.15940615e+00 9.87664639e-10
2.05263775e+00 1.05209536e-09
1.95114835e+00 1.12083733e-09
1.85467692e+00 1.19249759e-09
1.76297538e+00 1.27024226e-09
1.67580786e+00 1.35290168e-09
1.59295021e+00 1.44065729e-09
1.51418933e+00 1.53366724e-09
1.43932264e+00 1.63544258e-09
1.36815763e+00 1.73980827e-09
1.30051125e+00 1.84975682e-09
1.23620954e+00 1.96528442e-09
1.17508713e+00 2.08631892e-09
1.11698682e+00 2.21269631e-09
1.06175918e+00 2.34417987e-09
1.00926219e+00 2.48038459e-09
9.59360829e-01 2.62079194e-09
9.11926760e-01 2.76471471e-09
8.66837993e-01 2.91127013e-09
8.23978568e-01 3.05935355e-09
7.83238260e-01 3.20761544e-09
7.44512291e-01 3.35444557e-09
7.07701066e-01 3.49796873e-09
6.72709914e-01 3.63605697e-09
6.39448843e-01 3.76636254e-09
6.07832313e-01 3.88637482e-09
5.77779012e-01 3.99341284e-09
5.49211648e-01 4.08502040e-09
5.22056753e-01 4.15872295e-09
4.96244488e-01 4.21236376e-09
4.71708469e-01 4.24418433e-09
4.48385595e-01 4.25293272e-09
4.26215883e-01 4.23794329e-09
4.05142317e-01 4.19917938e-09
3.85110700e-01 4.13723476e-09
3.66069515e-01 4.05329513e-09
3.47969790e-01 3.94906545e-09
3.30764978e-01 3.82667349e-09
3.14410830e-01 3.61623440e-09
2.98865287e-01 3.46856330e-09
2.84088369e-01 3.31161576e-09
2.70042072e-01 3.14795454e-09
2.56690272e-01 3.03219689e-09
2.43998630e-01 2.85528035e-09
2.31934506e-01 2.67800373e-09
2.20466874e-01 2.50237124e-09
2.09566240e-01 2.33012652e-09
1.99204571e-01 2.16274422e-09
1.89355218e-01 2.00143088e-09
1.79992851e-01 1.84713372e-09
1.71093391e-01 1.70055545e-09
1.62633950e-01 1.56217412e-09
1.54592774e-01 1.43226623e-09
1.46949180e-01 1.31093219e-09
1.39683512e-01 1.19812265e-09
1.32777083e-01 1.09366488e-09
1.26212131e-01 9.97288027e-10
1.19971774e-01 9.08646609e-10
1.14039960e-01 8.27341764e-10
1.08401436e-01 7.52939783e-10
1.03041699e-01 6.84987892e-10
9.79469667e-02 6.23027250e-10
9.31041349e-02 5.66603326e-10
8.85007491e-02 5.15273875e-10
8.41249705e-02 4.68718484e-10
7.99655453e-02 4.26314278e-10
7.60117762e-02 3.87798429e-10
7.22534949e-02 3.52820907e-10
6.86810359e-02 3.21058227e-10
6.52852114e-02 2.92197692e-10
6.20572881e-02 2.66017203e-10
5.89889643e-02 2.42231169e-10
5.60723488e-02 2.20614727e-10
5.32999408e-02 2.00962977e-10
5.06646101e-02 1.83090546e-10
4.81595791e-02 1.66829957e-10
4.57784054e-02 1.52030057e-10
4.35149650e-02 1.38554502e-10
4.13634368e-02 1.26284852e-10
3.93182876e-02 1.15100991e-10
3.73742574e-02 1.04907432e-10
3.55263468e-02 9.56139613e-11
3.37698031e-02 8.71391330e-11
3.21001090e-02 7.94093540e-11
3.05129702e-02 7.23580681e-11
2.90043049e-02 6.59250218e-11
2.75702333e-02 6.00556101e-11
2.62070670e-02 5.47002939e-11
2.49113003e-02 5.00006375e-11
2.36796007e-02 4.55154910e-11
2.25088005e-02 4.14227517e-11
2.13958887e-02 3.76889557e-11
2.03380031e-02 3.42834882e-11
1.93324229e-02 3.11783153e-11
1.83765620e-02 2.83477488e-11
1.74679622e-02 2.57682391e-11
1.66042866e-02 2.34181920e-11
1.57833141e-02 2.12650298e-11
1.50029332e-02 1.93240599e-11
1.42611371e-02 1.75562238e-11
1.35560179e-02 1.59464915e-11
1.28857621e-02 1.44811084e-11
1.22486461e-02 1.31474862e-11
1.16430313e-02 1.19341036e-11
1.10673602e-02 1.08304171e-11
1.05201522e-02 9.82677893e-12
1.00000000e-02 8.91436263e-12
