1.00000000e+20 0.00000000e+00
9.50556592e+19 0.00000000e+00
9.03557835e+19 0.00000000e+00
8.58882856e+19 0.00000000e+00
8.16416760e+19 0.00000000e+00
7.76050334e+19 0.00000000e+00
7.37679760e+19 0.00000000e+00
7.01206359e+19 0.00000000e+00
6.66536327e+19 0.00000000e+00
6.33580499e+19 0.00000000e+00
6.02254120e+19 0.00000000e+00
5.72476624e+19 0.00000000e+00
5.44171429e+19 0.00000000e+00
5.17265739e+19 0.00000000e+00
4.91690358e+19 0.00000000e+00
4.67379511e+19 0.00000000e+00
4.44270675e+19 0.00000000e+00
4.22304419e+19 0.00000000e+00
4.01424249e+19 0.00000000e+00
3.81576466e+19 0.00000000e+00
3.62710025e+19 0.00000000e+00
3.44776405e+19 0.00000000e+00
3.27729485e+19 0.00000000e+00
3.11525422e+19 0.00000000e+00
2.96122544e+19 0.00000000e+00
2.81481236e+19 0.00000000e+00
2.67563844e+19 0.00000000e+00
2.54334576e+19 0.00000000e+00
2.41759408e+19 0.00000000e+00
2.29805999e+19 0.00000000e+00
2.18443607e+19 0.00000000e+00
2.07643011e+19 0.00000000e+00
1.97376433e+19 0.00000000e+00
1.87617469e+19 0.00000000e+00
1.78341022e+19 0.00000000e+00
1.69523234e+19 0.00000000e+00
1.61141428e+19 0.00000000e+00
1.53174046e+19 0.00000000e+00
1.45600600e+19 0.00000000e+00
1.38401610e+19 0.00000000e+00
1.31558562e+19 0.00000000e+00
1.25053859e+19 0.00000000e+00
1.18870770e+19 0.00000000e+00
1.12993394e+19 0.00000000e+00
1.07406615e+19 0.00000000e+00
1.02096066e+19 0.00000000e+00
9.70480888e+18 0.00000000e+00
9.22497005e+18 0.00000000e+00
8.76885609e+18 0.00000000e+00
8.33529397e+18 0.00000000e+00
7.92316862e+18 0.00000000e+00
7.53142017e+18 0.00000000e+00
7.15904109e+18 0.00000000e+00
6.80507370e+18 0.00000000e+00
6.46860766e+18 0.00000000e+00
6.14877765e+18 0.00000000e+00
5.84476113e+18 0.00000000e+00
5.55577622e+18 0.00000000e+00
5.28107971e+18 0.00000000e+00
5.01996513e+18 0.00000000e+00
4.77176095e+18 0.00000000e+00
4.53582883e+18 0.00000000e+00
4.31156199e+18 0.00000000e+00
4.09838367e+18 0.00000000e+00
3.89574562e+18 0.00000000e+00
3.70312668e+18 0.00000000e+00
3.52003147e+18 0.00000000e+00
3.34598912e+18 0.00000000e+00
3.18055202e+18 0.00000000e+00
3.02329468e+18 0.00000000e+00
2.87381269e+18 0.00000000e+00
2.73172160e+18 0.00000000e+00
2.59665597e+18 0.00000000e+00
2.46826845e+18 0.00000000e+00
2.34622885e+18 0.00000000e+00
2.23022330e+18 0.00000000e+00
2.11995346e+18 0.00000000e+00
2.01513573e+18 0.00000000e+00
1.91550056e+18 0.00000000e+00
1.82079168e+18 0.00000000e+00
1.73076553e+18 0.00000000e+00
1.64519059e+18 0.00000000e+00
1.56384676e+18 0.00000000e+00
1.48652484e+18 0.00000000e+00
1.41302599e+18 0.00000000e+00
1.34316117e+18 0.00000000e+00
1.27675070e+18 0.00000000e+00
1.21362380e+18 0.00000000e+00
1.15361810e+18 0.00000000e+00
1.09657929e+18 0.00000000e+00
1.04236067e+18 0.00000000e+00
9.90822810e+17 0.00000000e+00
9.41833153e+17 0.00000000e+00
8.95265713e+17 0.00000000e+00
8.51000725e+17 0.00000000e+00
8.08924349e+17 0.00000000e+00
7.68928372e+17 0.00000000e+00
7.30909933e+17 0.00000000e+00
6.94771255e+17 0.00000000e+00
6.60419396e+17 5.46170325e-53
6.27766011e+17 5.96320157e-51
5.96727120e+17 2.56513707e-49
5.67222897e+17 8.37795445e-48
5.39177464e+17 2.36398209e-46
5.12518693e+17 5.23749856e-45
4.87178022e+17 1.04335477e-43
4.63090280e+17 2.03131842e-42
4.40193519e+17 2.98185566e-41
4.18428851e+17 4.22497180e-40
3.97740302e+17 5.01821205e-39
3.78074666e+17 4.99645751e-38
3.59381366e+17 4.80179898e-37
3.41612327e+17 3.47943206e-36
3.24721849e+17 3.18064054e-35
3.08666494e+17 1.86948949e-34
2.93404971e+17 1.15654881e-33
2.78898029e+17 5.68424686e-33
2.65108360e+17 3.17448747e-32
2.52000499e+17 1.59075517e-31
2.39540736e+17 6.01718396e-31
2.27697026e+17 2.60522640e-30
2.16438909e+17 9.05370813e-30
2.05737431e+17 3.43727558e-29
1.95565072e+17 1.35404726e-28
1.85895668e+17 3.98041666e-28
1.76704353e+17 1.21410111e-27
1.67967487e+17 2.86061936e-27
1.59662602e+17 8.38274294e-27
1.51768339e+17 2.24687460e-26
1.44264395e+17 5.20410308e-26
1.37131472e+17 1.22166798e-25
1.30351224e+17 2.53677534e-25
1.23906216e+17 5.15696712e-25
1.17779870e+17 1.06854420e-24
1.11956432e+17 2.25661526e-24
1.06420924e+17 4.11689309e-24
1.01159111e+17 7.70624521e-24
9.61574600e+16 1.17620942e-23
9.14031075e+16 2.48398908e-23
8.68838264e+16 3.79882901e-23
8.25879939e+16 6.24854187e-23
7.85045620e+16 1.02102222e-22
7.46230289e+16 1.62940737e-22
7.09334120e+16 2.06413307e-22
6.74262224e+16 3.29873544e-22
6.40924402e+16 4.74167645e-22
6.09234915e+16 7.44909641e-22
5.79112265e+16 1.06833014e-21
5.50478981e+16 1.32079756e-21
5.23261424e+16 1.66222329e-21
4.97389596e+16 2.71951529e-21
4.72796959e+16 3.36517632e-21
4.49420266e+16 4.05491305e-21
4.27199397e+16 5.37906975e-21
4.06077203e+16 6.50292553e-21
3.85999362e+16 8.60729259e-21
3.66914238e+16 1.03600572e-20
3.48772747e+16 1.28089520e-20
3.31528234e+16 1.61212858e-20
3.15136348e+16 1.57176888e-20
2.99554933e+16 1.99130927e-20
2.84743917e+16 2.50759747e-20
2.70665207e+16 2.44560875e-20
2.57282597e+16 3.02715900e-20
2.44561668e+16 3.64843499e-20
2.32469706e+16 4.24457584e-20
2.20975611e+16 4.72267010e-20
2.10049824e+16 4.98670993e-20
1.99664245e+16 5.57276301e-20
1.89792164e+16 6.19602774e-20
1.80408193e+16 7.20899881e-20
1.71488197e+16 7.04054093e-20
1.63009236e+16 8.47757494e-20
1.54949504e+16 8.28272515e-20
1.47288272e+16 8.11319691e-20
1.40005838e+16 1.00277311e-19
1.33083472e+16 9.82085106e-20
1.26503372e+16 9.60795760e-20
1.20248614e+16 1.20828105e-19
1.14303113e+16 1.18497210e-19
1.08651577e+16 1.16436371e-19
1.03279473e+16 1.47575755e-19
9.81729841e+15 1.43975280e-19
9.33189772e+15 1.41829082e-19
8.87049689e+15 1.39973061e-19
8.43190929e+15 1.36765335e-19
8.01500696e+15 1.71860223e-19
7.61871770e+15 1.69427984e-19
7.24202233e+15 1.66899477e-19
6.88395207e+15 1.64779633e-19
6.54358602e+15 1.62340583e-19
6.22004883e+15 1.60855584e-19
5.91250841e+15 1.97206999e-19
5.62017385e+15 1.93261083e-19
5.34229330e+15 1.93346966e-19
5.07815211e+15 1.88857597e-19
4.82707097e+15 1.90578372e-19
4.58840413e+15 1.87277146e-19
4.36153779e+15 1.84041456e-19
4.14588850e+15 2.22515193e-19
3.94090164e+15 2.17813880e-19
3.74605003e+15 2.14447646e-19
3.56083255e+15 2.11841886e-19
3.38477286e+15 2.14983368e-19
3.21741815e+15 2.13254295e-19
3.05833803e+15 2.08681522e-19
2.90712338e+15 2.08017172e-19
2.76338529e+15 2.05078190e-19
2.62675410e+15 2.37244009e-19
2.49687843e+15 2.37143613e-19
2.37342425e+15 2.86480298e-19
2.25607407e+15 2.79954343e-19
2.14452608e+15 2.72947794e-19
2.03849340e+15 2.66697165e-19
1.93770334e+15 2.60562057e-19
1.84189668e+15 2.27988504e-19
1.75082703e+15 2.27711039e-19
1.66426018e+15 2.55855919e-19
1.58197348e+15 2.49453710e-19
1.50375532e+15 2.21234342e-19
1.42940453e+15 2.29719206e-19
1.35872990e+15 2.45205349e-19
1.29154967e+15 2.41984128e-19
1.22769105e+15 2.43033017e-19
1.16698982e+15 2.42454214e-19
1.10928986e+15 2.42502702e-19
1.05444279e+15 2.39064134e-19
1.00230755e+15 2.34251857e-19
9.52750047e+14 2.32337875e-19
9.05642838e+14 2.55766847e-19
8.60864770e+14 2.56426454e-19
8.18300682e+14 2.50474495e-19
7.77841107e+14 2.33762250e-19
7.39381992e+14 2.38514516e-19
7.02824426e+14 2.34630551e-19
6.68074392e+14 2.35728466e-19
6.35042517e+14 2.44372470e-19
6.03643851e+14 2.34828714e-19
5.73797641e+14 2.31792689e-19
5.45427131e+14 2.53544997e-19
5.18459354e+14 2.47497046e-19
4.92824957e+14 2.38464919e-19
4.68458012e+14 2.45597438e-19
4.45295851e+14 2.42696540e-19
4.23278907e+14 2.40852134e-19
4.02350555e+14 2.50006340e-19
3.82456972e+14 2.43478634e-19
3.63546996e+14 2.41542354e-19
3.45571994e+14 2.39835554e-19
3.28485737e+14 2.38944391e-19
3.12244282e+14 2.47990760e-19
2.96805861e+14 2.38134825e-19
2.82130768e+14 2.38396561e-19
2.68181261e+14 2.39218659e-19
2.54921465e+14 2.40086486e-19
2.42317279e+14 2.38855179e-19
2.30336287e+14 2.37369136e-19
2.18947676e+14 2.37513853e-19
2.08122157e+14 2.35906821e-19
1.97831888e+14 2.38286830e-19
1.88050406e+14 2.36196854e-19
1.78752553e+14 2.37046492e-19
1.69914417e+14 2.38201010e-19
1.61513269e+14 2.39475024e-19
1.53527503e+14 2.38150844e-19
1.45936580e+14 2.40089928e-19
1.38720978e+14 2.38275413e-19
1.31862140e+14 2.36195576e-19
1.25342427e+14 2.36992129e-19
1.19145070e+14 2.38504189e-19
1.13254132e+14 2.38607053e-19
1.07654461e+14 2.36231464e-19
1.02331658e+14 2.37350938e-19
9.72720319e+13 2.36795056e-19
9.24625712e+13 2.37018859e-19
8.78909065e+13 2.37822026e-19
8.35452806e+13 2.37834428e-19
7.94145172e+13 2.37692973e-19
7.54879928e+13 2.37745261e-19
7.17556092e+13 2.36409444e-19
6.82077673e+13 2.37540438e-19
6.48353429e+13 2.37618922e-19
6.16296626e+13 2.37112369e-19
5.85824820e+13 2.37713797e-19
5.56859644e+13 2.37719805e-19
5.29326606e+13 2.37061088e-19
5.03154895e+13 2.37067878e-19
4.78277202e+13 2.37588494e-19
4.54629547e+13 2.37077806e-19
4.32151113e+13 2.37127486e-19
4.10784089e+13 2.36791288e-19
3.90473524e+13 2.36714106e-19
3.71167182e+13 2.36708791e-19
3.52815412e+13 2.37099306e-19
3.35371015e+13 2.36707137e-19
3.18789129e+13 2.36687713e-19
3.03027108e+13 2.36728890e-19
2.88044415e+13 2.36865686e-19
2.73802518e+13 2.37143285e-19
2.60264788e+13 2.37037866e-19
2.47396410e+13 2.36998724e-19
2.35164288e+13 2.36882105e-19
2.23536965e+13 2.36740050e-19
2.12484535e+13 2.36637533e-19
2.01978576e+13 2.36637206e-19
1.91992067e+13 2.36793062e-19
1.82499324e+13 2.36847441e-19
1.73475936e+13 2.36966449e-19
1.64898694e+13 2.37070832e-19
1.56745541e+13 2.36867505e-19
1.48995507e+13 2.36890636e-19
1.41628662e+13 2.36799692e-19
1.34626058e+13 2.36754814e-19
1.27969687e+13 2.36745049e-19
1.21642429e+13 2.36919804e-19
1.15628013e+13 2.36732142e-19
1.09910970e+13 2.36754796e-19
1.04476597e+13 2.36691546e-19
9.93109181e+12 2.36707590e-19
9.44006479e+12 2.36759236e-19
8.97331581e+12 2.36771773e-19
8.52964450e+12 2.36754468e-19
8.10790981e+12 2.36714703e-19
7.70702711e+12 2.36746652e-19
7.32596543e+12 2.36749748e-19
6.96374473e+12 2.36681737e-19
6.61943346e+12 2.36646992e-19
6.29214611e+12 2.36660184e-19
5.98104096e+12 2.36666116e-19
5.68531791e+12 2.36758382e-19
5.40421642e+12 2.36693628e-19
5.13701354e+12 2.36752086e-19
4.88302209e+12 2.36651786e-19
4.64158883e+12 2.36718631e-19
4.41209286e+12 2.36660357e-19
4.19394396e+12 2.36738114e-19
3.98658107e+12 2.36642737e-19
3.78947092e+12 2.36721510e-19
3.60210656e+12 2.36680029e-19
3.42400614e+12 2.36662169e-19
3.25471161e+12 2.36680722e-19
3.09378757e+12 2.36676050e-19
2.94082017e+12 2.36667240e-19
2.79541600e+12 2.36720314e-19
2.65720111e+12 2.36731648e-19
2.52582003e+12 2.36721708e-19
2.40093488e+12 2.36713082e-19
2.28222447e+12 2.36697361e-19
2.16938352e+12 2.36686651e-19
2.06212180e+12 2.36719577e-19
1.96016347e+12 2.36725312e-19
1.86324631e+12 2.36720526e-19
1.77112106e+12 2.36731338e-19
1.68355080e+12 2.36734173e-19
1.60031031e+12 2.36737455e-19
1.52118552e+12 2.36734405e-19
1.44597292e+12 2.36743221e-19
1.37447909e+12 2.36769241e-19
1.30652016e+12 2.36770949e-19
1.24192135e+12 2.36768216e-19
1.18051653e+12 2.36781901e-19
1.12214777e+12 2.36795635e-19
1.06666496e+12 2.36793868e-19
1.01392541e+12 2.36812252e-19
9.63793480e+11 2.36817742e-19
9.16140246e+11 2.36824120e-19
8.70843150e+11 2.36836464e-19
8.27785697e+11 2.36845410e-19
7.86857151e+11 2.36871378e-19
7.47952252e+11 2.36859941e-19
7.10970943e+11 2.36890627e-19
6.75818117e+11 2.36893984e-19
6.42403366e+11 2.36906122e-19
6.10640754e+11 2.36936105e-19
5.80448594e+11 2.36944202e-19
5.51749238e+11 2.36964721e-19
5.24468875e+11 2.36981549e-19
4.98537346e+11 2.36998056e-19
4.73887961e+11 2.37021459e-19
4.50457325e+11 2.37040732e-19
4.28185180e+11 2.37067397e-19
4.07014245e+11 2.37087887e-19
3.86890074e+11 2.37114860e-19
3.67760910e+11 2.37137343e-19
3.49577557e+11 2.37168832e-19
3.32293252e+11 2.37195463e-19
3.15863541e+11 2.37231697e-19
3.00246171e+11 2.37258091e-19
2.85400977e+11 2.37292183e-19
2.71289780e+11 2.37327263e-19
2.57876289e+11 2.37363923e-19
2.45126006e+11 2.37406413e-19
2.33006141e+11 2.37449805e-19
2.21485523e+11 2.37491280e-19
2.10534524e+11 2.37538021e-19
2.00124980e+11 2.37586684e-19
1.90230119e+11 2.37637114e-19
1.80824493e+11 2.37692050e-19
1.71883914e+11 2.37749433e-19
1.63385388e+11 2.37808652e-19
1.55307057e+11 2.37868048e-19
1.47628147e+11 2.37936855e-19
1.40328908e+11 2.38007229e-19
1.33390569e+11 2.38078000e-19
1.26795285e+11 2.38157475e-19
1.20526094e+11 2.38238676e-19
1.14566873e+11 2.38322826e-19
1.08902296e+11 2.38412569e-19
1.03517796e+11 2.38507965e-19
9.83995230e+10 2.38606503e-19
9.35343152e+10 2.38710816e-19
8.89096599e+10 2.38820697e-19
8.45136633e+10 2.38936475e-19
8.03350198e+10 2.39057932e-19
7.63629826e+10 2.39184860e-19
7.25873365e+10 2.39320812e-19
6.89983712e+10 2.39461905e-19
6.55868566e+10 2.39610953e-19
6.23440189e+10 2.39767416e-19
5.92615181e+10 2.39931843e-19
5.63314267e+10 2.40105186e-19
5.35462090e+10 2.40287492e-19
5.08987019e+10 2.40479848e-19
4.83820966e+10 2.40681673e-19
4.59899209e+10 2.40894184e-19
4.37160225e+10 2.41117621e-19
4.15545533e+10 2.41352929e-19
3.94999546e+10 2.41599689e-19
3.75469422e+10 2.41859679e-19
3.56904935e+10 2.42133676e-19
3.39258338e+10 2.42421702e-19
3.22484250e+10 2.42724939e-19
3.06539530e+10 2.43043028e-19
2.91383170e+10 2.43378554e-19
2.76976194e+10 2.43731578e-19
2.63281547e+10 2.44102313e-19
2.50264010e+10 2.44492767e-19
2.37890104e+10 2.44903483e-19
2.26128007e+10 2.45335517e-19
2.14947467e+10 2.45789724e-19
2.04319732e+10 2.46267807e-19
1.94217468e+10 2.46771258e-19
1.84614695e+10 2.47300284e-19
1.75486715e+10 2.47857161e-19
1.66810054e+10 2.48442523e-19
1.58562396e+10 2.49058790e-19
1.50722531e+10 2.49706976e-19
1.43270295e+10 2.50388974e-19
1.36186524e+10 2.51106129e-19
1.29452998e+10 2.51860970e-19
1.23052400e+10 2.52654858e-19
1.16968270e+10 2.53490057e-19
1.11184960e+10 2.54368793e-19
1.05687597e+10 2.55293191e-19
1.00462042e+10 2.56265553e-19
9.54948564e+09 2.57288602e-19
9.07732653e+09 2.58364815e-19
8.62851257e+09 2.59497155e-19
8.20188950e+09 2.60688324e-19
7.79636013e+09 2.61941607e-19
7.41088152e+09 2.63259537e-19
7.04446228e+09 2.64646528e-19
6.69616005e+09 2.66105571e-19
6.36507908e+09 2.67640518e-19
6.05036788e+09 2.69255236e-19
5.75121707e+09 2.70953666e-19
5.46685730e+09 2.72740903e-19
5.19655724e+09 2.74620781e-19
4.93962174e+09 2.76598866e-19
4.69539001e+09 2.78679623e-19
4.46323393e+09 2.80868434e-19
4.24255643e+09 2.83171138e-19
4.03278998e+09 2.85593738e-19
3.83339510e+09 2.88142369e-19
3.64385898e+09 2.90823274e-19
3.46369418e+09 2.93644071e-19
3.29243733e+09 2.96611298e-19
3.12964801e+09 2.99732843e-19
2.97490755e+09 3.03017077e-19
2.82781798e+09 3.06497932e-19
2.68800102e+09 3.10132526e-19
2.55509709e+09 3.13956083e-19
2.42876438e+09 3.17978743e-19
2.30867799e+09 3.22210437e-19
2.19452909e+09 3.26662047e-19
2.08602409e+09 3.31345516e-19
1.98288395e+09 3.36272523e-19
1.88484341e+09 3.41455753e-19
1.79165033e+09 3.46908686e-19
1.70306503e+09 3.52645238e-19
1.61885969e+09 3.58680167e-19
1.53881775e+09 3.65028913e-19
1.46273336e+09 3.71708008e-19
1.39041083e+09 3.78734482e-19
1.32166418e+09 3.86126356e-19
1.25631660e+09 3.93902815e-19
1.19420003e+09 4.02083817e-19
1.13515471e+09 4.10690165e-19
1.07902879e+09 4.19818337e-19
1.02567793e+09 4.29343469e-19
9.74964918e+08 4.39363942e-19
9.26759330e+08 4.49905632e-19
8.80937190e+08 4.60995693e-19
8.37380654e+08 4.72662599e-19
7.95977700e+08 4.84936406e-19
7.56621850e+08 4.98058626e-19
7.19211887e+08 5.11642263e-19
6.83651600e+08 5.25932365e-19
6.49849535e+08 5.40965822e-19
6.17718760e+08 5.56781259e-19
5.87176639e+08 5.73419375e-19
5.58144625e+08 5.90922904e-19
5.30548053e+08 6.09336833e-19
5.04315949e+08 6.28708647e-19
4.79380850e+08 6.49088045e-19
4.55678627e+08 6.70527546e-19
4.33148322e+08 6.93082101e-19
4.11731993e+08 7.16809917e-19
3.91374560e+08 7.41771906e-19
3.72023668e+08 7.68032421e-19
3.53629550e+08 7.95658745e-19
3.36144900e+08 8.24722108e-19
3.19524751e+08 8.55297115e-19
3.03726358e+08 8.87462580e-19
2.88709092e+08 9.21301204e-19
2.74434330e+08 9.56899866e-19
2.60865362e+08 9.94350151e-19
2.47967289e+08 1.03374848e-18
2.35706941e+08 1.07519614e-18
2.24052787e+08 1.11879969e-18
2.12974854e+08 1.16467128e-18
2.02444651e+08 1.21292886e-18
1.92435098e+08 1.26369664e-18
1.82920450e+08 1.31710507e-18
1.73876240e+08 1.37329163e-18
1.65279206e+08 1.43240064e-18
1.57107239e+08 1.49458420e-18
1.49339322e+08 1.56000237e-18
1.41955477e+08 1.62882323e-18
1.34936714e+08 1.70122384e-18
1.28264983e+08 1.77739031e-18
1.21923125e+08 1.85751865e-18
1.15894830e+08 1.94181487e-18
1.10164595e+08 2.03049578e-18
1.04717682e+08 2.12378944e-18
9.95400829e+07 2.22193578e-18
9.46184819e+07 2.32581466e-18
8.99402217e+07 2.43443750e-18
8.54932707e+07 2.54871046e-18
8.12661920e+07 2.66892723e-18
7.72481145e+07 2.79539715e-18
7.34287045e+07 2.92844550e-18
6.97981391e+07 3.06841432e-18
6.63470812e+07 3.21566362e-18
6.30666554e+07 3.37057215e-18
5.99484250e+07 3.53353830e-18
5.69843706e+07 3.70498115e-18
5.41668691e+07 3.88534161e-18
5.14886745e+07 4.07508367e-18
4.89428990e+07 4.27469509e-18
4.65229952e+07 4.48468936e-18
4.42227398e+07 4.70560662e-18
4.20362168e+07 4.93801484e-18
3.99578030e+07 5.18251180e-18
3.79821531e+07 5.43972638e-18
3.61041860e+07 5.71032004e-18
3.43190720e+07 5.99498865e-18
3.26222201e+07 6.29446441e-18
3.10092664e+07 6.60951748e-18
2.94760626e+07 6.94095803e-18
2.80186656e+07 7.28963864e-18
2.66333273e+07 7.65645583e-18
2.53164848e+07 8.04235318e-18
2.40647515e+07 8.44832302e-18
2.28749082e+07 8.87540944e-18
2.17438948e+07 9.32471094e-18
2.06688025e+07 9.79738289e-18
1.96468665e+07 1.02946410e-17
1.86754584e+07 1.08177641e-17
1.77520801e+07 1.13680976e-17
1.68743568e+07 1.19470568e-17
1.60400311e+07 1.25561306e-17
1.52469573e+07 1.31968856e-17
1.44930957e+07 1.38709696e-17
1.37765077e+07 1.45801162e-17
1.30953502e+07 1.53261493e-17
1.24478715e+07 1.61109873e-17
1.18324063e+07 1.69366490e-17
1.12473718e+07 1.78052576e-17
1.06912634e+07 1.87190471e-17
1.01626509e+07 1.96803676e-17
9.66017480e+06 2.06916913e-17
9.18254284e+06 2.17556192e-17
8.72852662e+06 2.28748876e-17
8.29695852e+06 2.40523751e-17
7.88672862e+06 2.52911098e-17
7.49678187e+06 2.65942776e-17
7.12611543e+06 2.79652299e-17
6.77377600e+06 2.94074926e-17
6.43885743e+06 3.09247749e-17
6.12049837e+06 3.25209791e-17
5.81788007e+06 3.42002101e-17
5.53022426e+06 3.59667867e-17
5.25679112e+06 3.78252521e-17
4.99687745e+06 3.97803861e-17
4.74981480e+06 4.18372169e-17
4.51496777e+06 4.40010342e-17
4.29173238e+06 4.62774029e-17
4.07953450e+06 4.86721774e-17
3.87782841e+06 5.11915168e-17
3.68609536e+06 5.38419000e-17
3.50384225e+06 5.66301437e-17
3.33060034e+06 5.95634184e-17
3.16592411e+06 6.26492681e-17
3.00939003e+06 6.58956291e-17
2.86059554e+06 6.93108502e-17
2.71915794e+06 7.29037149e-17
2.58471351e+06 7.66834633e-17
2.45691646e+06 8.06598162e-17
2.33543814e+06 8.48430000e-17
2.21996612e+06 8.92437731e-17
2.11020343e+06 9.38734536e-17
2.00586778e+06 9.87439479e-17
1.90669084e+06 1.03867782e-16
1.81241755e+06 1.09258134e-16
1.72280545e+06 1.14928866e-16
1.63762407e+06 1.20894563e-16
1.55665436e+06 1.27170567e-16
1.47968806e+06 1.33773019e-16
1.40652724e+06 1.40718899e-16
1.33698374e+06 1.48026071e-16
1.27087871e+06 1.55713327e-16
1.20804213e+06 1.63800438e-16
1.14831241e+06 1.72308202e-16
1.09153594e+06 1.81258500e-16
1.03756668e+06 1.90674350e-16
9.86265846e+05 2.00579967e-16
9.37501502e+05 2.11000828e-16
8.91148232e+05 2.21963733e-16
8.47086827e+05 2.33496877e-16
8.05203967e+05 2.45629920e-16
7.65391939e+05 2.58394067e-16
7.27548353e+05 2.71822144e-16
6.91575883e+05 2.85948687e-16
6.57382014e+05 3.00810026e-16
6.24878807e+05 3.16444382e-16
5.93982669e+05 3.32891963e-16
5.64614142e+05 3.50195071e-16
5.36697695e+05 3.68398205e-16
5.10161531e+05 3.87548181e-16
4.84937407e+05 4.07694249e-16
4.60960449e+05 4.28888221e-16
4.38168993e+05 4.51184604e-16
4.16504425e+05 4.74640741e-16
3.95911027e+05 4.99316957e-16
3.76335836e+05 5.25276716e-16
3.57728510e+05 5.52586780e-16
3.40041193e+05 5.81317386e-16
3.23228398e+05 6.11542426e-16
3.07246884e+05 6.43339633e-16
2.92055551e+05 6.76790783e-16
2.77615329e+05 7.11981909e-16
2.63889081e+05 7.49003514e-16
2.50841506e+05 7.87950814e-16
2.38439047e+05 8.28923974e-16
2.26649808e+05 8.72028370e-16
2.15443469e+05 9.17374861e-16
2.04791210e+05 9.65080070e-16
1.94665634e+05 1.01526669e-15
1.85040702e+05 1.06806379e-15
1.75891659e+05 1.12360715e-15
1.67194976e+05 1.18203963e-15
1.58928287e+05 1.24351151e-15
1.51070330e+05 1.30818088e-15
1.43600898e+05 1.37621406e-15
1.36500781e+05 1.44778603e-15
1.29751717e+05 1.52308086e-15
1.23336350e+05 1.60229219e-15
1.17238180e+05 1.68562375e-15
1.11441525e+05 1.77328986e-15
1.05931476e+05 1.86551597e-15
1.00693863e+05 1.96253930e-15
9.57152154e+04 2.06460936e-15
9.09827289e+04 2.17198867e-15
8.64842328e+04 2.28495340e-15
8.22081576e+04 2.40379408e-15
7.81435061e+04 2.52881636e-15
7.42798248e+04 2.66034178e-15
7.06071771e+04 2.79870861e-15
6.71161177e+04 2.94427272e-15
6.37976681e+04 3.09740849e-15
6.06432940e+04 3.25850978e-15
5.76448828e+04 3.42799092e-15
5.47947234e+04 3.60628780e-15
5.20854855e+04 3.79385901e-15
4.95102016e+04 3.99118695e-15
4.70622485e+04 4.19877915e-15
4.47353305e+04 4.41716952e-15
4.25234633e+04 4.64691977e-15
4.04209584e+04 4.88862080e-15
3.84224085e+04 5.14289427e-15
3.65226736e+04 5.41039416e-15
3.47168682e+04 5.69180849e-15
3.30003479e+04 5.98786106e-15
3.13686982e+04 6.29931332e-15
2.98177229e+04 6.62696634e-15
2.83434331e+04 6.97166287e-15
2.69420371e+04 7.33428948e-15
2.56099310e+04 7.71577887e-15
2.43436887e+04 8.11711227e-15
2.31400538e+04 8.53932195e-15
2.19959307e+04 8.98349389e-15
2.09083769e+04 9.45077056e-15
1.98745955e+04 9.94235385e-15
1.88919278e+04 1.04595082e-14
1.79578465e+04 1.10035639e-14
1.70699493e+04 1.15759202e-14
1.62259529e+04 1.21780495e-14
1.54236865e+04 1.28115006e-14
1.46610868e+04 1.34779029e-14
1.39361927e+04 1.41789705e-14
1.32471399e+04 1.49165069e-14
1.25921561e+04 1.56924092e-14
1.19695570e+04 1.65086734e-14
1.13777413e+04 1.73673992e-14
1.08151870e+04 1.82707956e-14
1.02804473e+04 1.92211867e-14
9.77214697e+03 2.02210172e-14
9.28897872e+03 2.12728594e-14
8.82969996e+03 2.23794191e-14
8.39312950e+03 2.35435431e-14
7.97814457e+03 2.47682263e-14
7.58367791e+03 2.60566195e-14
7.20871503e+03 2.74120375e-14
6.85229160e+03 2.88379673e-14
6.51349095e+03 3.03380778e-14
6.19144176e+03 3.19162286e-14
5.88531578e+03 3.35764802e-14
5.59432571e+03 3.53231045e-14
5.31772318e+03 3.71605957e-14
5.05479682e+03 3.90936821e-14
4.80487044e+03 4.11273378e-14
4.56730127e+03 4.32667962e-14
4.34147833e+03 4.55175628e-14
4.12682085e+03 4.78854300e-14
3.92277676e+03 5.03764916e-14
3.72882131e+03 5.29971586e-14
3.54445567e+03 5.57541761e-14
3.36920571e+03 5.86546401e-14
3.20262069e+03 6.17060164e-14
3.04427221e+03 6.49161593e-14
2.89375302e+03 6.82933323e-14
2.75067601e+03 7.18462294e-14
2.61467321e+03 7.55839972e-14
2.48539486e+03 7.95162589e-14
2.36250847e+03 8.36531390e-14
2.24569800e+03 8.80052895e-14
2.13466303e+03 9.25839172e-14
2.02911802e+03 9.74008131e-14
1.92879151e+03 1.02468383e-13
1.83342548e+03 1.07799678e-13
1.74277468e+03 1.13408430e-13
1.65660596e+03 1.19309089e-13
1.57469771e+03 1.25516854e-13
1.49683929e+03 1.32047720e-13
1.42283046e+03 1.38918515e-13
1.35248087e+03 1.46146945e-13
1.28560961e+03 1.53751639e-13
1.22204469e+03 1.61752197e-13
1.16162263e+03 1.70169243e-13
1.10418805e+03 1.79024479e-13
1.04959323e+03 1.88340736e-13
9.97697764e+02 1.98142039e-13
9.48368187e+02 2.08453668e-13
9.01477631e+02 2.19302223e-13
8.56905505e+02 2.30715692e-13
8.14537177e+02 2.42723528e-13
7.74263683e+02 2.55356720e-13
7.35981448e+02 2.68647881e-13
6.99592017e+02 2.82631327e-13
6.65001803e+02 2.97343169e-13
6.32121848e+02 3.12821409e-13
6.00867589e+02 3.29106036e-13
5.71158648e+02 3.46239133e-13
5.42918618e+02 3.64264990e-13
5.16074871e+02 3.83230215e-13
4.90558371e+02 4.03183860e-13
4.66303493e+02 4.24177549e-13
4.43247859e+02 4.46265615e-13
4.21332174e+02 4.69505244e-13
4.00500076e+02 4.93956624e-13
3.80697987e+02 5.19683105e-13
3.61874981e+02 5.46751370e-13
3.43982649e+02 5.75231610e-13
3.26974974e+02 6.05197709e-13
3.10808217e+02 6.36727446e-13
2.95440800e+02 6.69902698e-13
2.80833200e+02 7.04809664e-13
2.66947849e+02 7.41539095e-13
2.53749038e+02 7.80186535e-13
2.41202821e+02 8.20852587e-13
2.29276931e+02 8.63643177e-13
2.17940698e+02 9.08669848e-13
2.07164968e+02 9.56050064e-13
1.96922026e+02 1.00590753e-12
1.87185529e+02 1.05837252e-12
1.77930439e+02 1.11358228e-12
1.69132952e+02 1.17168133e-12
1.60770442e+02 1.23282196e-12
1.52821404e+02 1.29716458e-12
1.45265393e+02 1.36487820e-12
1.38082977e+02 1.43614094e-12
1.31255684e+02 1.51114046e-12
1.24765955e+02 1.59007458e-12
1.18597101e+02 1.67315179e-12
1.12733256e+02 1.76059188e-12
1.07159340e+02 1.85262659e-12
1.01861017e+02 1.94950028e-12
9.68246612e+01 2.05147066e-12
9.20373200e+01 2.15880956e-12
8.74866812e+01 2.27180376e-12
8.31610415e+01 2.39075586e-12
7.90492762e+01 2.51598524e-12
7.51408106e+01 2.64782902e-12
7.14255929e+01 2.78664318e-12
6.78940681e+01 2.93280364e-12
6.45371540e+01 3.08670756e-12
6.13462172e+01 3.24877458e-12
5.83130511e+01 3.41944828e-12
5.54298552e+01 3.59919768e-12
5.26892142e+01 3.78851886e-12
5.00840799e+01 3.98793672e-12
4.76077523e+01 4.19800687e-12
4.52538628e+01 4.41931769e-12
4.30163576e+01 4.65249252e-12
4.08894823e+01 4.89819206e-12
3.88677669e+01 5.15711698e-12
3.69460121e+01 5.43001070e-12
3.51192753e+01 5.71766252e-12
3.33828586e+01 6.02091092e-12
3.17322963e+01 6.34064721e-12
3.01633435e+01 6.67781954e-12
2.86719650e+01 7.02044506e-12
2.72543253e+01 7.39349012e-12
2.59067786e+01 7.78686717e-12
2.46258592e+01 8.20174651e-12
2.34082728e+01 8.63937342e-12
2.22508880e+01 9.10107391e-12
2.11507282e+01 9.58826097e-12
2.01049642e+01 1.01024414e-11
1.91109062e+01 1.06452234e-11
1.81659979e+01 1.12183246e-11
1.72678090e+01 1.18235814e-11
1.64140297e+01 1.24629589e-11
1.56024641e+01 1.31385617e-11
1.48310251e+01 1.38529005e-11
1.40977287e+01 1.46072210e-11
1.34006890e+01 1.54049720e-11
1.27381132e+01 1.62491515e-11
1.21082975e+01 1.71429714e-11
1.15096220e+01 1.80891098e-11
1.09405471e+01 1.90913681e-11
1.03996091e+01 2.01534576e-11
9.88541702e+00 2.12793967e-11
9.39664831e+00 2.24736347e-11
8.93204600e+00 2.37409461e-11
8.49041520e+00 2.50865378e-11
8.07062014e+00 2.65160555e-11
7.67158118e+00 2.80356426e-11
7.29227206e+00 2.96519910e-11
6.93171728e+00 3.13723920e-11
6.58898955e+00 3.32048027e-11
6.26320745e+00 3.51579133e-11
5.95353313e+00 3.72412243e-11
5.65917016e+00 3.94651307e-11
5.37936150e+00 4.18410155e-11
5.11338754e+00 4.43813529e-11
4.86056423e+00 4.70998212e-11
4.62024137e+00 5.00114282e-11
4.39180089e+00 5.31326480e-11
4.17465529e+00 5.64815708e-11
3.96824610e+00 6.00780672e-11
3.77204249e+00 6.39439668e-11
3.58553986e+00 6.81032530e-11
3.40825855e+00 7.25822733e-11
3.23974263e+00 7.74099668e-11
3.07955871e+00 8.26181093e-11
2.92729484e+00 8.82415750e-11
2.78255940e+00 9.43186155e-11
2.64498018e+00 1.00891156e-10
2.51420335e+00 1.08005106e-10
2.38989257e+00 1.15710683e-10
2.27172813e+00 1.24062752e-10
2.15940615e+00 1.33010264e-10
2.05263775e+00 1.42820378e-10
1.95114835e+00 1.53471179e-10
1.85467692e+00 1.65039550e-10
1.76297538e+00 1.77608727e-10
1.67580786e+00 1.91495608e-10
1.59295021e+00 2.06368815e-10
1.51418933e+00 2.22536691e-10
1.43932264e+00 2.40107571e-10
1.36815763e+00 2.59198751e-10
1.30051125e+00 2.79933865e-10
1.23620954e+00 3.02442076e-10
1.17508713e+00 3.26856754e-10
1.11698682e+00 3.53313467e-10
1.06175918e+00 3.81947071e-10
1.00926219e+00 4.12887672e-10
9.59360829e-01 4.46255200e-10
9.11926760e-01 4.82152409e-10
8.66837993e-01 5.20656132e-10
8.23978568e-01 5.61810443e-10
7.83238260e-01 6.05601013e-10
7.44512291e-01 6.51961364e-10
7.07701066e-01 7.00747114e-10
6.72709914e-01 7.51726303e-10
6.39448843e-01 8.04568982e-10
6.07832313e-01 8.58840606e-10
5.77779012e-01 9.14000861e-10
5.49211648e-01 9.69409267e-10
5.22056753e-01 1.02433836e-09
4.96244488e-01 1.07799443e-09
4.71708469e-01 1.12954490e-09
4.48385595e-01 1.17815038e-09
4.26215883e-01 1.22299879e-09
4.05142317e-01 1.26333862e-09
3.85110700e-01 1.29850842e-09
3.66069515e-01 1.32796033e-09
3.47969790e-01 1.35127626e-09
3.30764978e-01 1.36817626e-09
3.14410830e-01 1.37851975e-09
2.98865287e-01 1.38230068e-09
2.84088369e-01 1.37963800e-09
2.70042072e-01 1.37076304e-09
2.56690272e-01 1.35600497e-09
2.43998630e-01 1.33577515e-09
2.31934506e-01 1.31055121e-09
2.20466874e-01 1.28086097e-09
2.09566240e-01 1.24726664e-09
1.99204571e-01 1.21034939e-09
1.89355218e-01 1.17064231e-09
1.79992851e-01 1.12894168e-09
1.71093391e-01 1.08565732e-09
1.62633950e-01 1.04130844e-09
1.54592774e-01 9.95839489e-10
1.46949180e-01 9.50562230e-10
1.39683512e-01 9.05501413e-10
1.32777083e-01 8.60988509e-10
1.26212131e-01 8.17299592e-10
1.19971774e-01 7.74671563e-10
1.14039960e-01 7.33280975e-10
1.08401436e-01 6.93265560e-10
1.03041699e-01 6.36786758e-10
9.79469667e-02 6.02177230e-10
9.31041349e-02 5.82297211e-10
8.85007491e-02 5.48460528e-10
8.41249705e-02 5.16205884e-10
7.99655453e-02 4.85511079e-10
7.60117762e-02 4.56342070e-10
7.22534949e-02 4.28656023e-10
6.86810359e-02 4.02403922e-10
6.52852114e-02 3.77532688e-10
6.20572881e-02 3.53986906e-10
5.89889643e-02 3.31710188e-10
5.60723488e-02 3.10646213e-10
5.32999408e-02 2.90739505e-10
5.06646101e-02 2.71935986e-10
4.81595791e-02 2.54183356e-10
4.57784054e-02 2.37431315e-10
4.35149650e-02 2.21631689e-10
4.13634368e-02 2.06738458e-10
3.93182876e-02 1.92707730e-10
3.73742574e-02 1.79497663e-10
3.55263468e-02 1.67068366e-10
3.37698031e-02 1.55437954e-10
3.21001090e-02 1.44448874e-10
3.05129702e-02 1.34129659e-10
2.90043049e-02 1.24447642e-10
2.75702333e-02 1.15359728e-10
2.62070670e-02 1.06870718e-10
2.49113003e-02 9.89277289e-11
2.36796007e-02 9.15024218e-11
2.25088005e-02 8.45675243e-11
2.13958887e-02 7.80967835e-11
2.03380031e-02 7.20649262e-11
1.93324229e-02 6.64476279e-11
1.83765620e-02 6.12214869e-11
1.74679622e-02 5.63640052e-11
1.66042866e-02 5.18535725e-11
1.57833141e-02 4.76723897e-11
1.50029332e-02 4.37942506e-11
1.42611371e-02 4.02034256e-11
1.35560179e-02 3.68817787e-11
1.28857621e-02 3.38120068e-11
1.22486461e-02 3.09776253e-11
1.16430313e-02 2.83629534e-11
1.10673602e-02 2.59530987e-11
1.05201522e-02 2.38333633e-11
1.00000000e-02 2.17763456e-11
