1.00000000e+20 0.00000000e+00
9.50556592e+19 0.00000000e+00
9.03557835e+19 0.00000000e+00
8.58882856e+19 0.00000000e+00
8.16416760e+19 0.00000000e+00
7.76050334e+19 0.00000000e+00
7.37679760e+19 0.00000000e+00
7.01206359e+19 0.00000000e+00
6.66536327e+19 0.00000000e+00
6.33580499e+19 0.00000000e+00
6.02254120e+19 0.00000000e+00
5.72476624e+19 0.00000000e+00
5.44171429e+19 0.00000000e+00
5.17265739e+19 0.00000000e+00
4.91690358e+19 0.00000000e+00
4.67379511e+19 0.00000000e+00
4.44270675e+19 0.00000000e+00
4.22304419e+19 0.00000000e+00
4.01424249e+19 0.00000000e+00
3.81576466e+19 0.00000000e+00
3.62710025e+19 0.00000000e+00
3.44776405e+19 0.00000000e+00
3.27729485e+19 0.00000000e+00
3.11525422e+19 0.00000000e+00
2.96122544e+19 0.00000000e+00
2.81481236e+19 0.00000000e+00
2.67563844e+19 0.00000000e+00
2.54334576e+19 0.00000000e+00
2.41759408e+19 0.00000000e+00
2.29805999e+19 0.00000000e+00
2.18443607e+19 0.00000000e+00
2.07643011e+19 0.00000000e+00
1.97376433e+19 0.00000000e+00
1.87617469e+19 0.00000000e+00
1.78341022e+19 0.00000000e+00
1.69523234e+19 0.00000000e+00
1.61141428e+19 0.00000000e+00
1.53174046e+19 0.00000000e+00
1.45600600e+19 0.00000000e+00
1.38401610e+19 0.00000000e+00
1.31558562e+19 0.00000000e+00
1.25053859e+19 0.00000000e+00
1.18870770e+19 0.00000000e+00
1.12993394e+19 0.00000000e+00
1.07406615e+19 0.00000000e+00
1.02096066e+19 0.00000000e+00
9.70480888e+18 0.00000000e+00
9.22497005e+18 0.00000000e+00
8.76885609e+18 0.00000000e+00
8.33529397e+18 0.00000000e+00
7.92316862e+18 0.00000000e+00
7.53142017e+18 0.00000000e+00
7.15904109e+18 0.00000000e+00
6.80507370e+18 0.00000000e+00
6.46860766e+18 0.00000000e+00
6.14877765e+18 0.00000000e+00
5.84476113e+18 0.00000000e+00
5.55577622e+18 0.00000000e+00
5.28107971e+18 0.00000000e+00
5.01996513e+18 0.00000000e+00
4.77176095e+18 0.00000000e+00
4.53582883e+18 0.00000000e+00
4.31156199e+18 0.00000000e+00
4.09838367e+18 0.00000000e+00
3.89574562e+18 0.00000000e+00
3.70312668e+18 0.00000000e+00
3.52003147e+18 0.00000000e+00
3.34598912e+18 0.00000000e+00
3.18055202e+18 0.00000000e+00
3.02329468e+18 0.00000000e+00
2.87381269e+18 0.00000000e+00
2.73172160e+18 0.00000000e+00
2.59665597e+18 0.00000000e+00
2.46826845e+18 0.00000000e+00
2.34622885e+18 0.00000000e+00
2.23022330e+18 0.00000000e+00
2.11995346e+18 0.00000000e+00
2.01513573e+18 0.00000000e+00
1.91550056e+18 0.00000000e+00
1.82079168e+18 0.00000000e+00
1.73076553e+18 0.00000000e+00
1.64519059e+18 0.00000000e+00
1.56384676e+18 0.00000000e+00
1.48652484e+18 0.00000000e+00
1.41302599e+18 0.00000000e+00
1.34316117e+18 0.00000000e+00
1.27675070e+18 0.00000000e+00
1.21362380e+18 0.00000000e+00
1.15361810e+18 0.00000000e+00
1.09657929e+18 0.00000000e+00
1.04236067e+18 0.00000000e+00
9.90822810e+17 0.00000000e+00
9.41833153e+17 0.00000000e+00
8.95265713e+17 0.00000000e+00
8.51000725e+17 0.00000000e+00
8.08924349e+17 0.00000000e+00
7.68928372e+17 0.00000000e+00
7.30909933e+17 0.00000000e+00
6.94771255e+17 0.00000000e+00
6.60419396e+17 5.80104711e-47
6.27766011e+17 6.33370428e-45
5.96727120e+17 2.72451291e-43
5.67222897e+17 8.89848940e-42
5.39177464e+17 2.51085986e-40
5.12518693e+17 5.56291224e-39
4.87178022e+17 1.10817997e-37
4.63090280e+17 2.15752730e-36
4.40193519e+17 3.16712285e-35
4.18428851e+17 4.48747567e-34
3.97740302e+17 5.33000113e-33
3.78074666e+17 5.30689495e-32
3.59381366e+17 5.10014200e-31
3.41612327e+17 3.69561442e-30
3.24721849e+17 3.37825853e-29
3.08666494e+17 1.98564369e-28
2.93404971e+17 1.22840694e-27
2.78898029e+17 6.03741769e-27
2.65108360e+17 3.37172316e-26
2.52000499e+17 1.68959119e-25
2.39540736e+17 6.39104068e-25
2.27697026e+17 2.76709305e-24
2.16438909e+17 9.61622867e-24
2.05737431e+17 3.65083870e-23
1.95565072e+17 1.43817626e-22
1.85895668e+17 4.22772595e-22
1.76704353e+17 1.28953504e-21
1.67967487e+17 3.03835396e-21
1.59662602e+17 8.90357540e-21
1.51768339e+17 2.38647631e-20
1.44264395e+17 5.52744185e-20
1.37131472e+17 1.29757206e-19
1.30351224e+17 2.69438902e-19
1.23906216e+17 5.47737726e-19
1.17779870e+17 1.13493446e-18
1.11956432e+17 2.39682217e-18
1.06420924e+17 4.37268187e-18
1.01159111e+17 8.18504585e-18
9.61574600e+16 1.24928908e-17
9.14031075e+16 2.63832307e-17
8.68838264e+16 4.03485599e-17
8.25879939e+16 6.63677320e-17
7.85045620e+16 1.08445988e-16
7.46230289e+16 1.73064491e-16
7.09334120e+16 2.19238078e-16
6.74262224e+16 3.50369084e-16
6.40924402e+16 5.03628396e-16
6.09234915e+16 7.91192001e-16
5.79112265e+16 1.13470710e-15
5.50478981e+16 1.40286071e-15
5.23261424e+16 1.76549973e-15
4.97389596e+16 2.88848287e-15
4.72796959e+16 3.57425980e-15
4.49420266e+16 4.30685092e-15
4.27199397e+16 5.71327947e-15
4.06077203e+16 6.90696210e-15
3.85999362e+16 9.14207666e-15
3.66914238e+16 1.10037432e-14
3.48772747e+16 1.36047915e-14
3.31528234e+16 1.71229256e-14
3.15136348e+16 1.66942525e-14
2.99554933e+16 2.11503232e-14
2.84743917e+16 2.66339828e-14
2.70665207e+16 2.59755811e-14
2.57282597e+16 3.21524095e-14
2.44561668e+16 3.87511776e-14
2.32469706e+16 4.50829774e-14
2.20975611e+16 5.01609671e-14
2.10049824e+16 5.29654173e-14
1.99664245e+16 5.91900717e-14
1.89792164e+16 6.58099628e-14
1.80408193e+16 7.65690476e-14
1.71488197e+16 7.47798033e-14
1.63009236e+16 9.00429943e-14
1.54949504e+16 8.79734331e-14
1.47288272e+16 8.61728201e-14
1.40005838e+16 1.06507691e-13
1.33083472e+16 1.04310352e-13
1.26503372e+16 1.02049144e-13
1.20248614e+16 1.28335336e-13
1.14303113e+16 1.25859619e-13
1.08651577e+16 1.23670736e-13
1.03279473e+16 1.56744856e-13
9.81729841e+15 1.52920678e-13
9.33189772e+15 1.50641133e-13
8.87049689e+15 1.48669794e-13
8.43190929e+15 1.45262767e-13
8.01500696e+15 1.82538152e-13
7.61871770e+15 1.79954794e-13
7.24202233e+15 1.77269186e-13
6.88395207e+15 1.75017631e-13
6.54358602e+15 1.72427038e-13
6.22004883e+15 1.70849773e-13
5.91250841e+15 2.09459755e-13
5.62017385e+15 2.05268672e-13
5.34229330e+15 2.05359888e-13
5.07815211e+15 2.00591587e-13
4.82707097e+15 2.02419273e-13
4.58840413e+15 1.98912936e-13
4.36153779e+15 1.95476206e-13
4.14588850e+15 2.36340369e-13
3.94090164e+15 2.31346956e-13
3.74605003e+15 2.27771571e-13
3.56083255e+15 2.25003909e-13
3.38477286e+15 2.28340570e-13
3.21741815e+15 2.26504064e-13
3.05833803e+15 2.21647177e-13
2.90712338e+15 2.20941545e-13
2.76338529e+15 2.17819957e-13
2.62675410e+15 2.51984282e-13
2.49687843e+15 2.51877642e-13
2.37342425e+15 3.04279674e-13
2.25607407e+15 2.97348251e-13
2.14452608e+15 2.89906376e-13
2.03849340e+15 2.83267385e-13
1.93770334e+15 2.76751093e-13
1.84189668e+15 2.42153685e-13
1.75082703e+15 2.41858973e-13
1.66426018e+15 2.71752531e-13
1.58197348e+15 2.64952546e-13
1.50375532e+15 2.34979855e-13
1.42940453e+15 2.43991882e-13
1.35872990e+15 2.60440196e-13
1.29154967e+15 2.57018829e-13
1.22769105e+15 2.58132878e-13
1.16698982e+15 2.57518104e-13
1.10928986e+15 2.57569591e-13
1.05444279e+15 2.53917372e-13
1.00230755e+15 2.48806098e-13
9.52750047e+14 2.46773187e-13
9.05642838e+14 2.71657823e-13
8.60864770e+14 2.72358389e-13
8.18300682e+14 2.66036626e-13
7.77841107e+14 2.48286005e-13
7.39381992e+14 2.53333519e-13
7.02824426e+14 2.49208229e-13
6.68074392e+14 2.50374340e-13
6.35042517e+14 2.59555396e-13
6.03643851e+14 2.49418652e-13
5.73797641e+14 2.46193981e-13
5.45427131e+14 2.69297751e-13
5.18459354e+14 2.62874036e-13
4.92824957e+14 2.53280700e-13
4.68458012e+14 2.60856347e-13
4.45295851e+14 2.57775195e-13
4.23278907e+14 2.55816171e-13
4.02350555e+14 2.65539108e-13
3.82456972e+14 2.58605797e-13
3.63546996e+14 2.56549190e-13
3.45571994e+14 2.54736317e-13
3.28485737e+14 2.53789751e-13
3.12244282e+14 2.63398148e-13
2.96805861e+14 2.52929818e-13
2.82130768e+14 2.53207779e-13
2.68181261e+14 2.54080919e-13
2.54921465e+14 2.55002621e-13
2.42317279e+14 2.53694771e-13
2.30336287e+14 2.52116353e-13
2.18947676e+14 2.52270011e-13
2.08122157e+14 2.50563087e-13
1.97831888e+14 2.53090911e-13
1.88050406e+14 2.50871034e-13
1.78752553e+14 2.51773402e-13
1.69914417e+14 2.52999593e-13
1.61513269e+14 2.54352689e-13
1.53527503e+14 2.52946173e-13
1.45936580e+14 2.55005661e-13
1.38720978e+14 2.53078328e-13
1.31862140e+14 2.50869203e-13
1.25342427e+14 2.51715172e-13
1.19145070e+14 2.53321074e-13
1.13254132e+14 2.53430234e-13
1.07654461e+14 2.50906960e-13
1.02331658e+14 2.52095890e-13
9.72720319e+13 2.51505356e-13
9.24625712e+13 2.51742956e-13
8.78909065e+13 2.52595903e-13
8.35452806e+13 2.52608944e-13
7.94145172e+13 2.52458576e-13
7.54879928e+13 2.52513970e-13
7.17556092e+13 2.51095027e-13
6.82077673e+13 2.52296136e-13
6.48353429e+13 2.52379332e-13
6.16296626e+13 2.51841141e-13
5.85824820e+13 2.52479748e-13
5.56859644e+13 2.52485951e-13
5.29326606e+13 2.51786111e-13
5.03154895e+13 2.51793118e-13
4.78277202e+13 2.52345859e-13
4.54629547e+13 2.51803219e-13
4.32151113e+13 2.51855740e-13
4.10784089e+13 2.51498409e-13
3.90473524e+13 2.51416169e-13
3.71167182e+13 2.51410238e-13
3.52815412e+13 2.51824723e-13
3.35371015e+13 2.51407881e-13
3.18789129e+13 2.51386919e-13
3.03027108e+13 2.51430317e-13
2.88044415e+13 2.51575249e-13
2.73802518e+13 2.51869712e-13
2.60264788e+13 2.51757344e-13
2.47396410e+13 2.51715353e-13
2.35164288e+13 2.51591053e-13
2.23536965e+13 2.51439711e-13
2.12484535e+13 2.51330334e-13
2.01978576e+13 2.51329479e-13
1.91992067e+13 2.51494470e-13
1.82499324e+13 2.51551660e-13
1.73475936e+13 2.51677455e-13
1.64898694e+13 2.51787684e-13
1.56745541e+13 2.51571076e-13
1.48995507e+13 2.51594941e-13
1.41628662e+13 2.51497628e-13
1.34626058e+13 2.51449184e-13
1.27969687e+13 2.51438001e-13
1.21642429e+13 2.51622756e-13
1.15628013e+13 2.51422545e-13
1.09910970e+13 2.51445656e-13
1.04476597e+13 2.51377486e-13
9.93109181e+12 2.51393485e-13
9.44006479e+12 2.51447241e-13
8.97331581e+12 2.51459401e-13
8.52964450e+12 2.51439795e-13
8.10790981e+12 2.51396285e-13
7.70702711e+12 2.51428870e-13
7.32596543e+12 2.51430740e-13
6.96374473e+12 2.51357019e-13
6.61943346e+12 2.51318551e-13
6.29214611e+12 2.51330914e-13
5.98104096e+12 2.51335479e-13
5.68531791e+12 2.51431647e-13
5.40421642e+12 2.51360950e-13
5.13701354e+12 2.51421020e-13
4.88302209e+12 2.51312372e-13
4.64158883e+12 2.51381131e-13
4.41209286e+12 2.51316882e-13
4.19394396e+12 2.51396989e-13
3.98658107e+12 2.51293095e-13
3.78947092e+12 2.51374017e-13
3.60210656e+12 2.51327081e-13
3.42400614e+12 2.51305078e-13
3.25471161e+12 2.51321597e-13
3.09378757e+12 2.51313283e-13
2.94082017e+12 2.51300399e-13
2.79541600e+12 2.51353050e-13
2.65720111e+12 2.51361177e-13
2.52582003e+12 2.51346522e-13
2.40093488e+12 2.51333040e-13
2.28222447e+12 2.51311794e-13
2.16938352e+12 2.51295637e-13
2.06212180e+12 2.51325571e-13
1.96016347e+12 2.51326370e-13
1.86324631e+12 2.51315716e-13
1.77112106e+12 2.51321345e-13
1.68355080e+12 2.51318183e-13
1.60031031e+12 2.51315196e-13
1.52118552e+12 2.51305134e-13
1.44597292e+12 2.51307325e-13
1.37447909e+12 2.51327400e-13
1.30652016e+12 2.51321273e-13
1.24192135e+12 2.51310020e-13
1.18051653e+12 2.51315761e-13
1.12214777e+12 2.51321103e-13
1.06666496e+12 2.51309501e-13
1.01392541e+12 2.51318792e-13
9.63793480e+11 2.51313853e-13
9.16140246e+11 2.51309309e-13
8.70843150e+11 2.51310499e-13
8.27785697e+11 2.51307470e-13
7.86857151e+11 2.51321855e-13
7.47952252e+11 2.51295848e-13
7.10970943e+11 2.51313834e-13
6.75818117e+11 2.51302054e-13
6.42403366e+11 2.51298796e-13
6.10640754e+11 2.51313627e-13
5.80448594e+11 2.51304367e-13
5.51749238e+11 2.51307350e-13
5.24468875e+11 2.51305443e-13
4.98537346e+11 2.51302157e-13
4.73887961e+11 2.51305118e-13
4.50457325e+11 2.51302554e-13
4.28185180e+11 2.51306636e-13
4.07014245e+11 2.51302905e-13
3.86890074e+11 2.51304735e-13
3.67760910e+11 2.51300406e-13
3.49577557e+11 2.51304156e-13
3.32293252e+11 2.51301218e-13
3.15863541e+11 2.51306843e-13
3.00246171e+11 2.51300325e-13
2.85400977e+11 2.51300181e-13
2.71289780e+11 2.51299189e-13
2.57876289e+11 2.51297888e-13
2.45126006e+11 2.51300683e-13
2.33006141e+11 2.51302233e-13
2.21485523e+11 2.51299446e-13
2.10534524e+11 2.51299799e-13
2.00124980e+11 2.51299633e-13
1.90230119e+11 2.51298651e-13
1.80824493e+11 2.51299611e-13
1.71883914e+11 2.51300189e-13
1.63385388e+11 2.51299577e-13
1.55307057e+11 2.51295860e-13
1.47628147e+11 2.51298647e-13
1.40328908e+11 2.51299443e-13
1.33390569e+11 2.51296831e-13
1.26795285e+11 2.51299400e-13
1.20526094e+11 2.51299547e-13
1.14566873e+11 2.51298361e-13
1.08902296e+11 2.51298391e-13
1.03517796e+11 2.51299469e-13
9.83995230e+10 2.51298675e-13
9.35343152e+10 2.51298529e-13
8.89096599e+10 2.51298527e-13
8.45136633e+10 2.51298716e-13
8.03350198e+10 2.51298557e-13
7.63629826e+10 2.51297491e-13
7.25873365e+10 2.51298922e-13
6.89983712e+10 2.51298393e-13
6.55868566e+10 2.51298485e-13
6.23440189e+10 2.51298226e-13
5.92615181e+10 2.51297776e-13
5.63314267e+10 2.51297686e-13
5.35462090e+10 2.51297525e-13
5.08987019e+10 2.51297967e-13
4.83820966e+10 2.51297854e-13
4.59899209e+10 2.51297937e-13
4.37160225e+10 2.51297890e-13
4.15545533e+10 2.51298109e-13
3.94999546e+10 2.51297509e-13
3.75469422e+10 2.51297289e-13
3.56904935e+10 2.51297564e-13
3.39258338e+10 2.51297613e-13
3.22484250e+10 2.51297917e-13
3.06539530e+10 2.51297271e-13
2.91383170e+10 2.51297519e-13
2.76976194e+10 2.51297836e-13
2.63281547e+10 2.51297483e-13
2.50264010e+10 2.51297563e-13
2.37890104e+10 2.51297600e-13
2.26128007e+10 2.51297595e-13
2.14947467e+10 2.51297271e-13
2.04319732e+10 2.51297191e-13
1.94217468e+10 2.51297637e-13
1.84614695e+10 2.51297460e-13
1.75486715e+10 2.51297621e-13
1.66810054e+10 2.51297298e-13
1.58562396e+10 2.51297432e-13
1.50722531e+10 2.51297422e-13
1.43270295e+10 2.51297525e-13
1.36186524e+10 2.51297290e-13
1.29452998e+10 2.51297449e-13
1.23052400e+10 2.51297393e-13
1.16968270e+10 2.51297353e-13
1.11184960e+10 2.51297399e-13
1.05687597e+10 2.51297409e-13
1.00462042e+10 2.51297288e-13
9.54948564e+09 2.51297287e-13
9.07732653e+09 2.51297226e-13
8.62851257e+09 2.51297311e-13
8.20188950e+09 2.51297332e-13
7.79636013e+09 2.51297494e-13
7.41088152e+09 2.51297156e-13
7.04446228e+09 2.51297280e-13
6.69616005e+09 2.51297323e-13
6.36507908e+09 2.51297381e-13
6.05036788e+09 2.51297374e-13
5.75121707e+09 2.51297111e-13
5.46685730e+09 2.51297261e-13
5.19655724e+09 2.51297121e-13
4.93962174e+09 2.51297378e-13
4.69539001e+09 2.51297422e-13
4.46323393e+09 2.51297327e-13
4.24255643e+09 2.51297257e-13
4.03278998e+09 2.51297292e-13
3.83339510e+09 2.51297346e-13
3.64385898e+09 2.51297149e-13
3.46369418e+09 2.51297329e-13
3.29243733e+09 2.51297250e-13
3.12964801e+09 2.51297158e-13
2.97490755e+09 2.51297340e-13
2.82781798e+09 2.51297240e-13
2.68800102e+09 2.51297303e-13
2.55509709e+09 2.51297201e-13
2.42876438e+09 2.51297362e-13
2.30867799e+09 2.51297340e-13
2.19452909e+09 2.51297233e-13
2.08602409e+09 2.51297264e-13
1.98288395e+09 2.51297243e-13
1.88484341e+09 2.51297238e-13
1.79165033e+09 2.51297272e-13
1.70306503e+09 2.51297254e-13
1.61885969e+09 2.51297307e-13
1.53881775e+09 2.51297239e-13
1.46273336e+09 2.51297256e-13
1.39041083e+09 2.51297260e-13
1.32166418e+09 2.51297221e-13
1.25631660e+09 2.51297259e-13
1.19420003e+09 2.51297312e-13
1.13515471e+09 2.51297219e-13
1.07902879e+09 2.51297219e-13
1.02567793e+09 2.51297303e-13
9.74964918e+08 2.51297278e-13
9.26759330e+08 2.51297245e-13
8.80937190e+08 2.51297289e-13
8.37380654e+08 2.51297262e-13
7.95977700e+08 2.51297318e-13
7.56621850e+08 2.51297305e-13
7.19211887e+08 2.51297309e-13
6.83651600e+08 2.51297261e-13
6.49849535e+08 2.51297269e-13
6.17718760e+08 2.51297282e-13
5.87176639e+08 2.51297290e-13
5.58144625e+08 2.51297276e-13
5.30548053e+08 2.51297280e-13
5.04315949e+08 2.51297294e-13
4.79380850e+08 2.51297287e-13
4.55678627e+08 2.51297312e-13
4.33148322e+08 2.51297301e-13
4.11731993e+08 2.51297311e-13
3.91374560e+08 2.51297294e-13
3.72023668e+08 2.51297333e-13
3.53629550e+08 2.51297330e-13
3.36144900e+08 2.51297332e-13
3.19524751e+08 2.51297321e-13
3.03726358e+08 2.51297338e-13
2.88709092e+08 2.51297361e-13
2.74434330e+08 2.51297364e-13
2.60865362e+08 2.51297348e-13
2.47967289e+08 2.51297361e-13
2.35706941e+08 2.51297371e-13
2.24052787e+08 2.51297380e-13
2.12974854e+08 2.51297387e-13
2.02444651e+08 2.51297384e-13
1.92435098e+08 2.51297402e-13
1.82920450e+08 2.51297408e-13
1.73876240e+08 2.51297423e-13
1.65279206e+08 2.51297433e-13
1.57107239e+08 2.51297436e-13
1.49339322e+08 2.51297454e-13
1.41955477e+08 2.51297468e-13
1.34936714e+08 2.51297481e-13
1.28264983e+08 2.51297490e-13
1.21923125e+08 2.51297506e-13
1.15894830e+08 2.51297520e-13
1.10164595e+08 2.51297532e-13
1.04717682e+08 2.51297548e-13
9.95400829e+07 2.51297565e-13
9.46184819e+07 2.51297582e-13
8.99402217e+07 2.51297602e-13
8.54932707e+07 2.51297627e-13
8.12661920e+07 2.51297640e-13
7.72481145e+07 2.51297662e-13
7.34287045e+07 2.51297691e-13
6.97981391e+07 2.51297717e-13
6.63470812e+07 2.51297738e-13
6.30666554e+07 2.51297766e-13
5.99484250e+07 2.51297794e-13
5.69843706e+07 2.51297823e-13
5.41668691e+07 2.51297852e-13
5.14886745e+07 2.51297888e-13
4.89428990e+07 2.51297922e-13
4.65229952e+07 2.51297959e-13
4.42227398e+07 2.51297998e-13
4.20362168e+07 2.51298037e-13
3.99578030e+07 2.51298078e-13
3.79821531e+07 2.51298122e-13
3.61041860e+07 2.51298171e-13
3.43190720e+07 2.51298218e-13
3.26222201e+07 2.51298271e-13
3.10092664e+07 2.51298326e-13
2.94760626e+07 2.51298383e-13
2.80186656e+07 2.51298444e-13
2.66333273e+07 2.51298507e-13
2.53164848e+07 2.51298575e-13
2.40647515e+07 2.51298644e-13
2.28749082e+07 2.51298718e-13
2.17438948e+07 2.51298796e-13
2.06688025e+07 2.51298877e-13
1.96468665e+07 2.51298963e-13
1.86754584e+07 2.51299054e-13
1.77520801e+07 2.51299150e-13
1.68743568e+07 2.51299251e-13
1.60400311e+07 2.51299355e-13
1.52469573e+07 2.51299466e-13
1.44930957e+07 2.51299583e-13
1.37765077e+07 2.51299706e-13
1.30953502e+07 2.51299835e-13
1.24478715e+07 2.51299971e-13
1.18324063e+07 2.51300114e-13
1.12473718e+07 2.51300264e-13
1.06912634e+07 2.51300422e-13
1.01626509e+07 2.51300589e-13
9.66017480e+06 2.51300765e-13
9.18254284e+06 2.51300948e-13
8.72852662e+06 2.51301142e-13
8.29695852e+06 2.51301346e-13
7.88672862e+06 2.51301561e-13
7.49678187e+06 2.51301787e-13
7.12611543e+06 2.51302024e-13
6.77377600e+06 2.51302273e-13
6.43885743e+06 2.51302536e-13
6.12049837e+06 2.51302813e-13
5.81788007e+06 2.51303103e-13
5.53022426e+06 2.51303410e-13
5.25679112e+06 2.51303731e-13
4.99687745e+06 2.51304070e-13
4.74981480e+06 2.51304426e-13
4.51496777e+06 2.51304801e-13
4.29173238e+06 2.51305195e-13
4.07953450e+06 2.51305609e-13
3.87782841e+06 2.51306046e-13
3.68609536e+06 2.51306505e-13
3.50384225e+06 2.51306988e-13
3.33060034e+06 2.51307496e-13
3.16592411e+06 2.51308030e-13
3.00939003e+06 2.51308592e-13
2.86059554e+06 2.51309184e-13
2.71915794e+06 2.51309806e-13
2.58471351e+06 2.51310460e-13
2.45691646e+06 2.51311149e-13
2.33543814e+06 2.51311873e-13
2.21996612e+06 2.51312635e-13
2.11020343e+06 2.51313437e-13
2.00586778e+06 2.51314280e-13
1.90669084e+06 2.51315168e-13
1.81241755e+06 2.51316101e-13
1.72280545e+06 2.51317083e-13
1.63762407e+06 2.51318116e-13
1.55665436e+06 2.51319203e-13
1.47968806e+06 2.51320346e-13
1.40652724e+06 2.51321549e-13
1.33698374e+06 2.51322815e-13
1.27087871e+06 2.51324146e-13
1.20804213e+06 2.51325546e-13
1.14831241e+06 2.51327020e-13
1.09153594e+06 2.51328569e-13
1.03756668e+06 2.51330200e-13
9.86265846e+05 2.51331915e-13
9.37501502e+05 2.51333720e-13
8.91148232e+05 2.51335618e-13
8.47086827e+05 2.51337616e-13
8.05203967e+05 2.51339717e-13
7.65391939e+05 2.51341927e-13
7.27548353e+05 2.51344252e-13
6.91575883e+05 2.51346699e-13
6.57382014e+05 2.51349272e-13
6.24878807e+05 2.51351980e-13
5.93982669e+05 2.51354828e-13
5.64614142e+05 2.51357824e-13
5.36697695e+05 2.51360977e-13
5.10161531e+05 2.51364293e-13
4.84937407e+05 2.51367781e-13
4.60960449e+05 2.51371452e-13
4.38168993e+05 2.51375313e-13
4.16504425e+05 2.51379375e-13
3.95911027e+05 2.51383648e-13
3.76335836e+05 2.51388143e-13
3.57728510e+05 2.51392873e-13
3.40041193e+05 2.51397848e-13
3.23228398e+05 2.51403082e-13
3.07246884e+05 2.51408588e-13
2.92055551e+05 2.51414381e-13
2.77615329e+05 2.51420475e-13
2.63889081e+05 2.51426886e-13
2.50841506e+05 2.51433631e-13
2.38439047e+05 2.51440726e-13
2.26649808e+05 2.51448190e-13
2.15443469e+05 2.51456043e-13
2.04791210e+05 2.51464304e-13
1.94665634e+05 2.51472995e-13
1.85040702e+05 2.51482138e-13
1.75891659e+05 2.51491756e-13
1.67194976e+05 2.51501875e-13
1.58928287e+05 2.51512520e-13
1.51070330e+05 2.51523719e-13
1.43600898e+05 2.51535500e-13
1.36500781e+05 2.51547895e-13
1.29751717e+05 2.51560933e-13
1.23336350e+05 2.51574650e-13
1.17238180e+05 2.51589081e-13
1.11441525e+05 2.51604262e-13
1.05931476e+05 2.51620233e-13
1.00693863e+05 2.51637035e-13
9.57152154e+04 2.51654710e-13
9.09827289e+04 2.51673305e-13
8.64842328e+04 2.51692867e-13
8.22081576e+04 2.51713447e-13
7.81435061e+04 2.51735097e-13
7.42798248e+04 2.51757874e-13
7.06071771e+04 2.51781835e-13
6.71161177e+04 2.51807042e-13
6.37976681e+04 2.51833561e-13
6.06432940e+04 2.51861459e-13
5.76448828e+04 2.51890808e-13
5.47947234e+04 2.51921684e-13
5.20854855e+04 2.51954166e-13
4.95102016e+04 2.51988337e-13
4.70622485e+04 2.52024286e-13
4.47353305e+04 2.52062105e-13
4.25234633e+04 2.52101891e-13
4.04209584e+04 2.52143747e-13
3.84224085e+04 2.52187780e-13
3.65226736e+04 2.52234103e-13
3.47168682e+04 2.52282836e-13
3.30003479e+04 2.52334104e-13
3.13686982e+04 2.52388039e-13
2.98177229e+04 2.52444779e-13
2.83434331e+04 2.52504470e-13
2.69420371e+04 2.52567267e-13
2.56099310e+04 2.52633330e-13
2.43436887e+04 2.52702830e-13
2.31400538e+04 2.52775945e-13
2.19959307e+04 2.52852863e-13
2.09083769e+04 2.52933782e-13
1.98745955e+04 2.53018911e-13
1.88919278e+04 2.53108468e-13
1.79578465e+04 2.53202683e-13
1.70699493e+04 2.53301800e-13
1.62259529e+04 2.53406072e-13
1.54236865e+04 2.53515769e-13
1.46610868e+04 2.53631172e-13
1.39361927e+04 2.53752578e-13
1.32471399e+04 2.53880299e-13
1.25921561e+04 2.54014665e-13
1.19695570e+04 2.54156020e-13
1.13777413e+04 2.54304729e-13
1.08151870e+04 2.54461174e-13
1.02804473e+04 2.54625757e-13
9.77214697e+03 2.54798902e-13
9.28897872e+03 2.54981055e-13
8.82969996e+03 2.55172683e-13
8.39312950e+03 2.55374281e-13
7.97814457e+03 2.55586366e-13
7.58367791e+03 2.55809484e-13
7.20871503e+03 2.56044210e-13
6.85229160e+03 2.56291147e-13
6.51349095e+03 2.56550931e-13
6.19144176e+03 2.56824230e-13
5.88531578e+03 2.57111748e-13
5.59432571e+03 2.57414224e-13
5.31772318e+03 2.57732437e-13
5.05479682e+03 2.58067206e-13
4.80487044e+03 2.58419392e-13
4.56730127e+03 2.58789902e-13
4.34147833e+03 2.59179689e-13
4.12682085e+03 2.59589756e-13
3.92277676e+03 2.60021160e-13
3.72882131e+03 2.60475011e-13
3.54445567e+03 2.60952476e-13
3.36920571e+03 2.61454786e-13
3.20262069e+03 2.61983233e-13
3.04427221e+03 2.62539177e-13
2.89375302e+03 2.63124051e-13
2.75067601e+03 2.63739360e-13
2.61467321e+03 2.64386690e-13
2.48539486e+03 2.65067705e-13
2.36250847e+03 2.65784162e-13
2.24569800e+03 2.66537905e-13
2.13466303e+03 2.67330875e-13
2.02911802e+03 2.68165116e-13
1.92879151e+03 2.69042777e-13
1.83342548e+03 2.69966118e-13
1.74277468e+03 2.70937520e-13
1.65660596e+03 2.71959485e-13
1.57469771e+03 2.73034648e-13
1.49683929e+03 2.74165780e-13
1.42283046e+03 2.75355796e-13
1.35248087e+03 2.76607765e-13
1.28560961e+03 2.77924916e-13
1.22204469e+03 2.79310644e-13
1.16162263e+03 2.80768525e-13
1.10418805e+03 2.82302319e-13
1.04959323e+03 2.83915983e-13
9.97697764e+02 2.85613682e-13
9.48368187e+02 2.87399798e-13
9.01477631e+02 2.89278940e-13
8.56905505e+02 2.91255963e-13
8.14537177e+02 2.93335970e-13
7.74263683e+02 2.95524335e-13
7.35981448e+02 2.97826713e-13
6.99592017e+02 3.00249053e-13
6.65001803e+02 3.02797617e-13
6.32121848e+02 3.05478996e-13
6.00867589e+02 3.08300125e-13
5.71158648e+02 3.11268303e-13
5.42918618e+02 3.14391212e-13
5.16074871e+02 3.17676937e-13
4.90558371e+02 3.21133988e-13
4.66303493e+02 3.24798870e-13
4.43247859e+02 3.28625903e-13
4.21332174e+02 3.32652569e-13
4.00500076e+02 3.36889317e-13
3.80697987e+02 3.41347140e-13
3.61874981e+02 3.46037617e-13
3.43982649e+02 3.50972932e-13
3.26974974e+02 3.56165915e-13
3.10808217e+02 3.61630074e-13
2.95440800e+02 3.67379631e-13
2.80833200e+02 3.73429559e-13
2.66947849e+02 3.79795626e-13
2.53749038e+02 3.86494435e-13
2.41202821e+02 3.93543472e-13
2.29276931e+02 4.00961151e-13
2.17940698e+02 4.08766866e-13
2.07164968e+02 4.16981044e-13
1.96922026e+02 4.25625203e-13
1.87185529e+02 4.34722010e-13
1.77930439e+02 4.44372417e-13
1.69132952e+02 4.54447333e-13
1.60770442e+02 4.65050444e-13
1.52821404e+02 4.76209689e-13
1.45265393e+02 4.87954512e-13
1.38082977e+02 5.00315947e-13
1.31255684e+02 5.13326710e-13
1.24765955e+02 5.27238072e-13
1.18597101e+02 5.41652315e-13
1.12733256e+02 5.56825069e-13
1.07159340e+02 5.72796783e-13
1.01861017e+02 5.89610126e-13
9.68246612e+01 6.07310117e-13
9.20373200e+01 6.25944259e-13
8.74866812e+01 6.45562694e-13
8.31610415e+01 6.66218350e-13
7.90492762e+01 6.87967117e-13
7.51408106e+01 7.10868021e-13
7.14255929e+01 7.34983420e-13
6.78940681e+01 7.60379203e-13
6.45371540e+01 7.87125016e-13
6.13462172e+01 8.15294495e-13
5.83130511e+01 8.44965519e-13
5.54298552e+01 8.76220488e-13
5.26892142e+01 9.09146608e-13
5.00840799e+01 9.43836216e-13
4.76077523e+01 9.80387119e-13
4.52538628e+01 1.01890296e-12
4.30163576e+01 1.05949363e-12
4.08894823e+01 1.10227568e-12
3.88677669e+01 1.14737282e-12
3.69460121e+01 1.19491640e-12
3.51192753e+01 1.24504600e-12
3.33828586e+01 1.29848954e-12
3.17322963e+01 1.35424169e-12
3.01633435e+01 1.41305397e-12
2.86719650e+01 1.47238063e-12
2.72543253e+01 1.53745009e-12
2.59067786e+01 1.60609023e-12
2.46258592e+01 1.67850893e-12
2.34082728e+01 1.75492761e-12
2.22508880e+01 1.83558226e-12
2.11507282e+01 1.92072458e-12
2.01049642e+01 2.01062328e-12
1.91109062e+01 2.10556537e-12
1.81659979e+01 2.20585775e-12
1.72678090e+01 2.31182883e-12
1.64140297e+01 2.42383037e-12
1.56024641e+01 2.54223946e-12
1.48310251e+01 2.66745126e-12
1.40977287e+01 2.79980312e-12
1.34006890e+01 2.93979290e-12
1.27381132e+01 3.08814625e-12
1.21082975e+01 3.24517546e-12
1.15096220e+01 3.41160624e-12
1.09405471e+01 3.58800234e-12
1.03996091e+01 3.77502992e-12
9.88541702e+00 3.97308781e-12
9.39664831e+00 4.18371020e-12
8.93204600e+00 4.40738117e-12
8.49041520e+00 4.64504265e-12
8.07062014e+00 4.89771653e-12
7.67158118e+00 5.16651528e-12
7.29227206e+00 5.45265129e-12
6.93171728e+00 5.75744597e-12
6.58898955e+00 6.08234197e-12
6.26320745e+00 6.42891523e-12
5.95353313e+00 6.79888908e-12
5.65917016e+00 7.19414945e-12
5.37936150e+00 7.61676183e-12
5.11338754e+00 8.06898990e-12
4.86056423e+00 8.55331607e-12
4.62024137e+00 9.07246404e-12
4.39180089e+00 9.62942361e-12
4.17465529e+00 1.02274777e-11
3.96824610e+00 1.08702323e-11
3.77204249e+00 1.15616482e-11
3.58553986e+00 1.23060768e-11
3.40825855e+00 1.31082977e-11
3.23974263e+00 1.39735598e-11
3.07955871e+00 1.49076259e-11
2.92729484e+00 1.59168195e-11
2.78255940e+00 1.70080755e-11
2.64498018e+00 1.81889935e-11
2.51420335e+00 1.94678940e-11
2.38989257e+00 2.08538769e-11
2.27172813e+00 2.23568822e-11
2.15940615e+00 2.39681150e-11
2.05263775e+00 2.57350361e-11
1.95114835e+00 2.76541551e-11
1.85467692e+00 2.97393937e-11
1.76297538e+00 3.20058218e-11
1.67580786e+00 3.45105038e-11
1.59295021e+00 3.71942058e-11
1.51418933e+00 4.01121521e-11
1.43932264e+00 4.32840855e-11
1.36815763e+00 4.67312325e-11
1.30051125e+00 5.04759656e-11
1.23620954e+00 5.45416565e-11
1.17508713e+00 5.89524376e-11
1.11698682e+00 6.37328390e-11
1.06175918e+00 6.89072631e-11
1.00926219e+00 7.44992536e-11
9.59360829e-01 8.05305165e-11
9.11926760e-01 8.70196533e-11
8.66837993e-01 9.39805815e-11
8.23978568e-01 1.01421245e-10
7.83238260e-01 1.09339189e-10
7.44512291e-01 1.17722368e-10
7.07701066e-01 1.26544704e-10
6.72709914e-01 1.35764285e-10
6.39448843e-01 1.45321473e-10
6.07832313e-01 1.55137716e-10
5.77779012e-01 1.65115321e-10
5.49211648e-01 1.75138478e-10
5.22056753e-01 1.85075628e-10
4.96244488e-01 1.94783221e-10
4.71708469e-01 2.04110662e-10
4.48385595e-01 2.12906103e-10
4.26215883e-01 2.21022626e-10
4.05142317e-01 2.28324250e-10
3.85110700e-01 2.34691271e-10
3.66069515e-01 2.40024522e-10
3.47969790e-01 2.44248297e-10
3.30764978e-01 2.47311879e-10
3.14410830e-01 2.49189757e-10
2.98865287e-01 2.49880754e-10
2.84088369e-01 2.49406311e-10
2.70042072e-01 2.47808203e-10
2.56690272e-01 2.45145906e-10
2.43998630e-01 2.41493775e-10
2.31934506e-01 2.36938155e-10
2.20466874e-01 2.31574482e-10
2.09566240e-01 2.25504413e-10
1.99204571e-01 2.18833050e-10
1.89355218e-01 2.11656813e-10
1.79992851e-01 2.04119694e-10
1.71093391e-01 1.96295823e-10
1.62633950e-01 1.88279111e-10
1.54592774e-01 1.80059491e-10
1.46949180e-01 1.71874281e-10
1.39683512e-01 1.63727943e-10
1.32777083e-01 1.55680442e-10
1.26212131e-01 1.47781724e-10
1.19971774e-01 1.40074653e-10
1.14039960e-01 1.32591174e-10
1.08401436e-01 1.25356215e-10
1.03041699e-01 1.15143664e-10
9.79469667e-02 1.08886086e-10
9.31041349e-02 1.05292148e-10
8.85007491e-02 9.91740413e-11
8.41249705e-02 9.33419368e-11
7.99655453e-02 8.77918301e-11
7.60117762e-02 8.25175743e-11
7.22534949e-02 7.75114317e-11
6.86810359e-02 7.27645459e-11
6.52852114e-02 6.82673244e-11
6.20572881e-02 6.40097522e-11
5.89889643e-02 5.99816369e-11
5.60723488e-02 5.61727980e-11
5.32999408e-02 5.25732071e-11
5.06646101e-02 4.91730885e-11
4.81595791e-02 4.59629867e-11
4.57784054e-02 4.29338086e-11
4.35149650e-02 4.00768446e-11
4.13634368e-02 3.73837745e-11
3.93182876e-02 3.48466624e-11
3.73742574e-02 3.24579434e-11
3.55263468e-02 3.02104049e-11
3.37698031e-02 2.81073241e-11
3.21001090e-02 2.61202097e-11
3.05129702e-02 2.42542231e-11
2.90043049e-02 2.25034575e-11
2.75702333e-02 2.08601219e-11
2.62070670e-02 1.93250824e-11
2.49113003e-02 1.78887777e-11
2.36796007e-02 1.65460832e-11
2.25088005e-02 1.52920677e-11
2.13958887e-02 1.41219839e-11
2.03380031e-02 1.30312619e-11
1.93324229e-02 1.20155033e-11
1.83765620e-02 1.10704764e-11
1.74679622e-02 1.01921130e-11
1.66042866e-02 9.37650545e-12
1.57833141e-02 8.62043522e-12
1.50029332e-02 7.91916343e-12
1.42611371e-02 7.26984583e-12
1.35560179e-02 6.66920293e-12
1.28857621e-02 6.11410586e-12
1.22486461e-02 5.60157378e-12
1.16430313e-02 5.12877116e-12
1.10673602e-02 4.69300505e-12
1.05201522e-02 4.30970048e-12
1.00000000e-02 3.93773667e-12
