1.00000000e+20 0.00000000e+00
9.03466021e+19 0.00000000e+00
8.16250851e+19 0.00000000e+00
7.37454909e+19 0.00000000e+00
6.66265452e+19 0.00000000e+00
6.01948197e+19 0.00000000e+00
5.43839743e+19 0.00000000e+00
4.91340729e+19 0.00000000e+00
4.43909653e+19 0.00000000e+00
4.01057288e+19 0.00000000e+00
3.62341632e+19 0.00000000e+00
3.27363353e+19 0.00000000e+00
2.95761666e+19 0.00000000e+00
2.67210616e+19 0.00000000e+00
2.41415712e+19 0.00000000e+00
2.18110892e+19 0.00000000e+00
1.97055780e+19 0.00000000e+00
1.78033202e+19 0.00000000e+00
1.60846948e+19 0.00000000e+00
1.45319752e+19 0.00000000e+00
1.31291459e+19 0.00000000e+00
1.18617372e+19 0.00000000e+00
1.07166765e+19 0.00000000e+00
9.68215306e+18 0.00000000e+00
8.74749630e+18 0.00000000e+00
7.90306568e+18 0.00000000e+00
7.14015130e+18 0.00000000e+00
6.45088409e+18 0.00000000e+00
5.82815458e+18 0.00000000e+00
5.26553963e+18 0.00000000e+00
4.75723614e+18 0.00000000e+00
4.29800121e+18 0.00000000e+00
3.88309805e+18 0.00000000e+00
3.50824714e+18 0.00000000e+00
3.16958209e+18 0.00000000e+00
2.86360972e+18 0.00000000e+00
2.58717408e+18 0.00000000e+00
2.33742387e+18 0.00000000e+00
2.11178304e+18 0.00000000e+00
1.90792422e+18 0.00000000e+00
1.72374471e+18 0.00000000e+00
1.55734477e+18 0.00000000e+00
1.40700809e+18 0.00000000e+00
1.27118400e+18 0.00000000e+00
1.14847155e+18 0.00000000e+00
1.03760502e+18 0.00000000e+00
9.37440879e+17 0.00000000e+00
8.46945981e+17 0.00000000e+00
7.65186915e+17 0.00000000e+00
6.91320378e+17 0.00000000e+00
6.24584471e+17 0.00000000e+00
5.64290847e+17 0.00000000e+00
5.09817606e+17 0.00000000e+00
4.60602884e+17 0.00000000e+00
4.16139055e+17 0.00000000e+00
3.75967497e+17 0.00000000e+00
3.39673858e+17 1.00392855e-56
3.06883789e+17 1.17713094e-53
2.77259076e+17 8.51554621e-51
2.50494154e+17 2.50474892e-48
2.26312957e+17 4.79676919e-46
2.04466067e+17 5.67904802e-44
1.84728144e+17 4.16782249e-42
1.66895601e+17 1.73041562e-40
1.50784505e+17 6.80815841e-39
1.36228676e+17 1.51536209e-37
1.23077980e+17 2.58119822e-36
1.11196773e+17 2.98891437e-35
1.00462506e+17 2.80346003e-34
9.07644607e+16 2.39127863e-33
8.20026062e+16 1.64127877e-32
7.40865683e+16 9.38145592e-32
6.69346971e+16 4.13739161e-31
6.04732245e+16 1.69254054e-30
5.46355035e+16 5.62193577e-30
4.93613210e+16 1.46777488e-29
4.45962763e+16 4.20650189e-29
4.02912203e+16 9.62709638e-29
3.64017485e+16 2.40865506e-28
3.28877429e+16 4.40073628e-28
2.97129582e+16 1.00716518e-27
2.68446481e+16 1.60647524e-27
2.42532274e+16 2.85740517e-27
2.19119669e+16 4.37653077e-27
1.97967175e+16 6.11982743e-27
1.78856616e+16 9.52653887e-27
1.61590875e+16 1.17760012e-26
1.45991865e+16 1.83692374e-26
1.31898690e+16 2.16473114e-26
1.19165984e+16 2.80778397e-26
1.07662418e+16 3.33451782e-26
9.72693362e+15 4.33777595e-26
8.78795401e+15 5.13686314e-26
7.93961785e+15 6.29305589e-26
7.17317494e+15 6.16606161e-26
6.48071983e+15 7.83713768e-26
5.85511016e+15 7.72915215e-26
5.28989308e+15 9.94520551e-26
4.77923865e+15 1.00211099e-25
4.31787973e+15 1.23234924e-25
3.90105762e+15 1.30234871e-25
3.52447300e+15 1.38017257e-25
3.18424160e+15 1.68858368e-25
2.87685409e+15 1.78468568e-25
2.59913992e+15 1.92845803e-25
2.34823460e+15 2.18856444e-25
2.12155017e+15 2.44220184e-25
1.91674849e+15 2.53944568e-25
1.73171713e+15 2.91225619e-25
1.56454759e+15 3.08475464e-25
1.41351558e+15 3.65644268e-25
1.27706330e+15 3.96659546e-25
1.15378330e+15 4.07623742e-25
1.04240401e+15 4.82604329e-25
9.41776601e+14 5.17901769e-25
8.50863158e+14 5.77617868e-25
7.68725952e+14 6.53451622e-25
6.94517777e+14 7.08944466e-25
6.27473213e+14 8.11337322e-25
5.66900727e+14 8.25283367e-25
5.12175544e+14 9.69255084e-25
4.62733201e+14 1.08635670e-24
4.18063724e+14 1.27468925e-24
3.77706369e+14 1.29639685e-24
3.41244871e+14 1.48946555e-24
3.08303146e+14 1.64478836e-24
2.78541416e+14 1.73421294e-24
2.51652705e+14 2.02272190e-24
2.27359668e+14 2.17957811e-24
2.05411735e+14 2.49563782e-24
1.85582523e+14 2.72236272e-24
1.67667503e+14 2.99384321e-24
1.51481892e+14 3.33223524e-24
1.36858742e+14 3.68928046e-24
1.23647224e+14 4.11839110e-24
1.11711065e+14 4.52489774e-24
1.00927151e+14 4.98826672e-24
9.11842520e+13 5.46703482e-24
8.23818733e+13 6.08282199e-24
7.44292233e+13 6.73706749e-24
6.72442742e+13 7.54212598e-24
6.07529169e+13 8.22917023e-24
5.48881961e+13 9.04870594e-24
4.95896201e+13 1.00994044e-23
4.48025368e+13 1.12594186e-23
4.04775697e+13 1.23390252e-23
3.65701088e+13 1.38027874e-23
3.30398507e+13 1.51607546e-23
2.98503825e+13 1.68261275e-23
2.69688063e+13 1.86274085e-23
2.43654001e+13 2.05394263e-23
2.20133111e+13 2.28260682e-23
1.98882786e+13 2.52275107e-23
1.79683839e+13 2.78881392e-23
1.62338243e+13 3.08676893e-23
1.46667087e+13 3.42010752e-23
1.32508729e+13 3.77923233e-23
1.19717134e+13 4.19518125e-23
1.08160363e+13 4.63780030e-23
9.77192128e+12 5.13700378e-23
8.82859884e+12 5.67851788e-23
7.97633907e+12 6.28367462e-23
7.20635132e+12 6.95941304e-23
6.51069356e+12 7.70219288e-23
5.88219040e+12 8.52031844e-23
5.31435916e+12 9.42522321e-23
4.80134292e+12 1.04386295e-22
4.33785019e+12 1.15612755e-22
3.91910025e+12 1.27984904e-22
3.54077391e+12 1.41559018e-22
3.19896892e+12 1.56812855e-22
2.89015972e+12 1.73434518e-22
2.61116110e+12 1.92000091e-22
2.35909533e+12 2.12495120e-22
2.13136247e+12 2.35312372e-22
1.92561357e+12 2.60386009e-22
1.73972643e+12 2.88201030e-22
1.57178372e+12 3.19035193e-22
1.42005318e+12 3.53094055e-22
1.28296980e+12 3.90853326e-22
1.15911962e+12 4.32576596e-22
1.04722519e+12 4.78708120e-22
9.46132376e+11 5.29912830e-22
8.54798453e+11 5.86549086e-22
7.72281357e+11 6.49227080e-22
6.97729965e+11 7.18505914e-22
6.30375315e+11 7.95335976e-22
5.69522678e+11 8.80296894e-22
5.14544388e+11 9.74335922e-22
4.64873371e+11 1.07845694e-21
4.19997295e+11 1.19368429e-21
3.79453285e+11 1.32122108e-21
3.42823149e+11 1.46243711e-21
3.09729067e+11 1.61866666e-21
2.79829688e+11 1.79159246e-21
2.52816614e+11 1.98311179e-21
2.28411221e+11 2.19492390e-21
2.06361777e+11 2.42943807e-21
1.86440853e+11 2.68911183e-21
1.68442976e+11 2.97641249e-21
1.52182505e+11 3.29438877e-21
1.37491723e+11 3.64641326e-21
1.24219100e+11 4.03601298e-21
1.12227736e+11 4.46716772e-21
1.01393946e+11 4.94452220e-21
9.16059848e+10 5.47289296e-21
8.27628946e+10 6.05765181e-21
7.47734631e+10 6.70481513e-21
6.75552832e+10 7.42133452e-21
6.10339029e+10 8.21428569e-21
5.51420574e+10 9.09195161e-21
4.98189752e+10 1.00633640e-20
4.50097513e+10 1.11386979e-20
4.06647809e+10 1.23287543e-20
3.67392478e+10 1.36461074e-20
3.31926620e+10 1.51041639e-20
2.99884423e+10 1.67180027e-20
2.70935387e+10 1.85042662e-20
2.44780916e+10 2.04815236e-20
2.21151240e+10 2.26698688e-20
1.99802631e+10 2.50921258e-20
1.80514888e+10 2.77731004e-20
1.63089068e+10 3.07406638e-20
1.47345431e+10 3.40252791e-20
1.33121590e+10 3.76607701e-20
1.20270833e+10 4.16848027e-20
1.08660611e+10 4.61387980e-20
9.81711702e+09 5.10686528e-20
8.86943166e+09 5.65251590e-20
8.01323013e+09 6.25648168e-20
7.23968114e+09 6.92497386e-20
6.54080591e+09 7.66489508e-20
5.90939590e+09 8.48388105e-20
5.33893840e+09 9.39038042e-20
4.82354943e+09 1.03937204e-19
4.35791301e+09 1.15042730e-19
3.93722633e+09 1.27334863e-19
3.55715021e+09 1.40940372e-19
3.21376434e+09 1.55999629e-19
2.90352688e+09 1.72667942e-19
2.62323788e+09 1.91117408e-19
2.37000629e+09 2.11538044e-19
2.14122015e+09 2.34140449e-19
1.93451965e+09 2.59158028e-19
1.74777277e+09 2.86848642e-19
1.57905331e+09 3.17497950e-19
1.42662102e+09 3.51422037e-19
1.28890361e+09 3.88971068e-19
1.16448062e+09 4.30531981e-19
1.05206867e+09 4.76533796e-19
9.50508296e+08 5.27450772e-19
8.58751948e+08 5.83808083e-19
7.75853206e+08 6.46187031e-19
7.00957009e+08 7.15231106e-19
6.33290840e+08 7.91652367e-19
5.72156756e+08 8.76239293e-19
5.16924187e+08 9.69864195e-19
4.67023439e+08 1.07349270e-18
4.21939808e+08 1.18819378e-18
3.81208280e+08 1.31515043e-18
3.44408728e+08 1.45567231e-18
3.11161583e+08 1.61120880e-18
2.81123917e+08 1.78336382e-18
2.53985907e+08 1.97391368e-18
2.29467637e+08 2.18482331e-18
2.07316213e+08 2.41826835e-18
1.87303154e+08 2.67665680e-18
1.69222035e+08 2.96265333e-18
1.52886359e+08 3.27920847e-18
1.38127630e+08 3.62958687e-18
1.24793621e+08 4.01740281e-18
1.12746796e+08 4.44665621e-18
1.01862899e+08 4.92177471e-18
9.20296681e+07 5.44765891e-18
8.31456781e+07 6.02973311e-18
7.51192949e+07 6.67400084e-18
6.78677305e+07 7.38710791e-18
6.13161884e+07 8.17640918e-18
5.53970928e+07 9.05004611e-18
5.00493910e+07 1.00170299e-17
4.52179242e+07 1.10873344e-17
4.08528580e+07 1.22719993e-17
3.69091691e+07 1.35832439e-17
3.33461802e+07 1.50345929e-17
3.01271407e+07 1.66410167e-17
2.72188479e+07 1.84190841e-17
2.45913043e+07 2.03871354e-17
2.22174078e+07 2.25654700e-17
2.00726730e+07 2.49765566e-17
1.81349780e+07 2.76452639e-17
1.63843365e+07 3.05991187e-17
1.48026913e+07 3.38685884e-17
1.33737286e+07 3.74873960e-17
1.20827094e+07 4.14928678e-17
1.09163173e+07 4.59263182e-17
9.86252179e+06 5.08334760e-17
8.91045332e+06 5.62649564e-17
8.05029181e+06 6.22767824e-17
7.27316511e+06 6.89309629e-17
6.57105755e+06 7.62961326e-17
5.93672722e+06 8.44482597e-17
5.36363132e+06 9.34714295e-17
4.84585864e+06 1.03458711e-16
4.37806863e+06 1.14513120e-16
3.95543624e+06 1.26748675e-16
3.57360225e+06 1.40291581e-16
3.22862820e+06 1.55281527e-16
2.91695588e+06 1.71873126e-16
2.63537052e+06 1.90237513e-16
2.38096772e+06 2.10564108e-16
2.15112343e+06 2.33062570e-16
1.94346693e+06 2.57964959e-16
1.75585633e+06 2.85528133e-16
1.58635653e+06 3.16036392e-16
1.43321923e+06 3.49804414e-16
1.29486487e+06 3.87180502e-16
1.16986641e+06 4.28550170e-16
1.05693455e+06 4.74340129e-16
9.54904456e+05 5.25022681e-16
8.62723729e+05 5.81120593e-16
7.79441575e+05 6.43212490e-16
7.04198979e+05 7.11938820e-16
6.36219849e+05 7.88008465e-16
5.74803016e+05 8.72206051e-16
5.19314994e+05 9.65400037e-16
4.69183451e+05 1.06855168e-15
4.23891306e+05 1.18272494e-15
3.82971391e+05 1.30909748e-15
3.46001639e+05 1.44897276e-15
3.12600724e+05 1.60379356e-15
2.82424133e+05 1.77515677e-15
2.55160607e+05 1.96482995e-15
2.30528939e+05 2.17476951e-15
2.08275063e+05 2.40714089e-15
1.88169442e+05 2.66434093e-15
1.70004698e+05 2.94902256e-15
1.53593468e+05 3.26412216e-15
1.38766479e+05 3.61288992e-15
1.25370799e+05 3.99892326e-15
1.13268257e+05 4.42620401e-15
1.02334021e+05 4.89913949e-15
9.24553110e+04 5.42260792e-15
8.35302320e+04 6.00200878e-15
7.54667263e+04 6.64331852e-15
6.81816229e+04 7.35315217e-15
6.15997796e+04 8.13883163e-15
5.56533078e+04 9.00846116e-15
5.02808725e+04 9.97101101e-15
4.54270599e+04 1.10364100e-14
4.10418050e+04 1.22156478e-14
3.70798763e+04 1.35208886e-14
3.35004083e+04 1.49655963e-14
3.02664806e+04 1.65646736e-14
2.73447368e+04 1.83346157e-14
2.47050406e+04 2.02936806e-14
2.23201647e+04 2.24620774e-14
2.01655104e+04 2.48621748e-14
1.82188534e+04 2.75187323e-14
1.64601150e+04 3.04591549e-14
1.48711546e+04 3.37137771e-14
1.34355829e+04 3.73161749e-14
1.21385926e+04 4.13035132e-14
1.09668060e+04 4.57169288e-14
9.90813657e+03 5.06019559e-14
8.95166472e+03 5.60089952e-14
8.08752491e+03 6.19938354e-14
7.30680395e+03 6.86182287e-14
6.60144909e+03 7.59505288e-14
5.96418495e+03 8.40663972e-14
5.38843844e+03 9.30495847e-14
4.86827104e+03 1.02992797e-13
4.39831747e+03 1.13998653e-13
3.97373038e+03 1.26180746e-13
3.59013038e+03 1.39664818e-13
3.24356081e+03 1.54590060e-13
2.93044698e+03 1.71110553e-13
2.64755927e+03 1.89396862e-13
2.39197984e+03 2.09637805e-13
2.16107251e+03 2.32042405e-13
1.95245558e+03 2.56842059e-13
1.76397728e+03 2.84292937e-13
1.59369353e+03 3.14678639e-13
1.43984795e+03 3.48313140e-13
1.30085370e+03 3.85544055e-13
1.17527712e+03 4.26756248e-13
1.06182294e+03 4.72375843e-13
9.59320948e+02 5.22874662e-13
8.66713880e+02 5.78775143e-13
7.83046540e+02 6.40655800e-13
7.07455942e+02 7.09157270e-13
6.39162405e+02 7.84989027e-13
5.77461515e+02 8.68936819e-13
5.21716858e+02 9.61870936e-13
4.71353453e+02 1.06475538e-12
4.25851829e+02 1.17865802e-12
3.84742658e+02 1.30476196e-12
3.47601918e+02 1.44437804e-12
3.14046522e+02 1.59895887e-12
2.83730362e+02 1.77011434e-12
2.56340741e+02 1.95962892e-12
2.31595149e+02 2.16948100e-12
2.09238348e+02 2.40186432e-12
1.89039738e+02 2.65921201e-12
1.70790980e+02 2.94422337e-12
1.54303847e+02 3.25989385e-12
1.39408283e+02 3.60954868e-12
1.25950646e+02 3.99688049e-12
1.13792129e+02 4.42599169e-12
1.02807322e+02 4.90144219e-12
9.28829225e+01 5.42830319e-12
8.39165644e+01 6.01221814e-12
7.58157646e+01 6.65947194e-12
6.84969672e+01 7.37706965e-12
6.18846824e+01 8.17282652e-12
5.59107078e+01 9.05547136e-12
5.05134247e+01 1.00347655e-11
4.56371628e+01 1.11216409e-11
4.12316259e+01 1.23283603e-11
3.72513730e+01 1.36687058e-11
3.36553498e+01 1.51581996e-11
3.04064649e+01 1.68143663e-11
2.74712079e+01 1.86196295e-11
2.48193029e+01 2.06583203e-11
2.24233968e+01 2.29272209e-11
2.02587771e+01 2.54541537e-11
1.83031168e+01 2.82707839e-11
1.65362441e+01 3.14132712e-11
1.49399346e+01 3.49236991e-11
1.34977233e+01 3.88449763e-11
1.21947344e+01 4.32376073e-11
1.10175281e+01 4.81640540e-11
9.95396231e+00 5.36990073e-11
8.99306672e+00 5.99292190e-11
8.12493021e+00 6.69573780e-11
7.34059837e+00 7.49049950e-11
6.63198120e+00 8.39165587e-11
5.99176967e+00 9.41646538e-11
5.41336030e+00 1.05856332e-10
4.89078709e+00 1.19240987e-10
4.41865996e+00 1.34620068e-10
3.99210913e+00 1.52359043e-10
3.60673495e+00 1.72902059e-10
3.25856248e+00 1.96789839e-10
2.94400048e+00 2.24681412e-10
2.65980440e+00 2.57380334e-10
2.40304289e+00 2.95866107e-10
2.17106760e+00 3.41058425e-10
1.96148581e+00 3.94853192e-10
1.77213578e+00 4.58820911e-10
1.60106446e+00 5.35699015e-10
1.44650734e+00 6.26964364e-10
1.30687023e+00 7.36160769e-10
1.18071285e+00 8.66930001e-10
1.06673394e+00 1.02357111e-09
9.63757866e-01 1.21111198e-09
8.70722485e-01 1.43537357e-09
7.86668179e-01 1.70297638e-09
7.10727970e-01 2.02136197e-09
6.42118571e-01 2.39869462e-09
5.80132310e-01 2.84370078e-09
5.24129830e-01 3.36538739e-09
4.73533492e-01 3.97261839e-09
4.27821420e-01 4.67352778e-09
3.86522116e-01 5.47475164e-09
3.49209598e-01 6.38045638e-09
3.15499006e-01 7.39110949e-09
2.85042632e-01 8.50187470e-09
2.57526333e-01 9.70044966e-09
2.32666291e-01 1.09642105e-08
2.10206088e-01 1.22568499e-08
1.89914058e-01 1.35254011e-08
1.71580899e-01 1.46994674e-08
1.55017512e-01 1.56950262e-08
1.40053055e-01 1.64244710e-08
1.26533176e-01 1.68119910e-08
1.14318425e-01 1.68101339e-08
1.03282813e-01 1.64111184e-08
9.33125118e-02 1.56537612e-08
8.43046837e-02 1.45900274e-08
7.61664172e-02 1.33212319e-08
6.88137699e-02 1.19328871e-08
6.21709029e-02 1.05085423e-08
5.61692982e-02 8.85831723e-09
5.07470524e-02 7.80880893e-09
4.58482375e-02 6.61769104e-09
4.14223247e-02 5.56075737e-09
3.74236629e-02 4.64243376e-09
3.38110078e-02 3.85782019e-09
3.05470967e-02 3.19607946e-09
2.75982639e-02 2.64328929e-09
2.49340937e-02 2.18457681e-09
2.25271064e-02 1.80553537e-09
2.03524752e-02 1.49369375e-09
1.83877698e-02 1.23604728e-09
1.66127252e-02 1.02365382e-09
1.50090328e-02 8.48452246e-10
1.35601511e-02 7.03863375e-10
1.22511358e-02 5.84220800e-10
1.10684849e-02 4.85065664e-10
1.00000000e-02 4.02775442e-10
