1.00000000e+20 0.00000000e+00
9.50556592e+19 0.00000000e+00
9.03557835e+19 0.00000000e+00
8.58882856e+19 0.00000000e+00
8.16416760e+19 0.00000000e+00
7.76050334e+19 0.00000000e+00
7.37679760e+19 0.00000000e+00
7.01206359e+19 0.00000000e+00
6.66536327e+19 0.00000000e+00
6.33580499e+19 0.00000000e+00
6.02254120e+19 0.00000000e+00
5.72476624e+19 0.00000000e+00
5.44171429e+19 0.00000000e+00
5.17265739e+19 0.00000000e+00
4.91690358e+19 0.00000000e+00
4.67379511e+19 0.00000000e+00
4.44270675e+19 0.00000000e+00
4.22304419e+19 0.00000000e+00
4.01424249e+19 0.00000000e+00
3.81576466e+19 0.00000000e+00
3.62710025e+19 0.00000000e+00
3.44776405e+19 0.00000000e+00
3.27729485e+19 0.00000000e+00
3.11525422e+19 0.00000000e+00
2.96122544e+19 0.00000000e+00
2.81481236e+19 0.00000000e+00
2.67563844e+19 0.00000000e+00
2.54334576e+19 0.00000000e+00
2.41759408e+19 0.00000000e+00
2.29805999e+19 0.00000000e+00
2.18443607e+19 0.00000000e+00
2.07643011e+19 0.00000000e+00
1.97376433e+19 0.00000000e+00
1.87617469e+19 0.00000000e+00
1.78341022e+19 0.00000000e+00
1.69523234e+19 0.00000000e+00
1.61141428e+19 0.00000000e+00
1.53174046e+19 0.00000000e+00
1.45600600e+19 0.00000000e+00
1.38401610e+19 0.00000000e+00
1.31558562e+19 0.00000000e+00
1.25053859e+19 0.00000000e+00
1.18870770e+19 0.00000000e+00
1.12993394e+19 0.00000000e+00
1.07406615e+19 0.00000000e+00
1.02096066e+19 0.00000000e+00
9.70480888e+18 0.00000000e+00
9.22497005e+18 0.00000000e+00
8.76885609e+18 0.00000000e+00
8.33529397e+18 0.00000000e+00
7.92316862e+18 0.00000000e+00
7.53142017e+18 0.00000000e+00
7.15904109e+18 0.00000000e+00
6.80507370e+18 0.00000000e+00
6.46860766e+18 0.00000000e+00
6.14877765e+18 0.00000000e+00
5.84476113e+18 0.00000000e+00
5.55577622e+18 0.00000000e+00
5.28107971e+18 0.00000000e+00
5.01996513e+18 0.00000000e+00
4.77176095e+18 0.00000000e+00
4.53582883e+18 0.00000000e+00
4.31156199e+18 0.00000000e+00
4.09838367e+18 0.00000000e+00
3.89574562e+18 0.00000000e+00
3.70312668e+18 0.00000000e+00
3.52003147e+18 0.00000000e+00
3.34598912e+18 0.00000000e+00
3.18055202e+18 0.00000000e+00
3.02329468e+18 0.00000000e+00
2.87381269e+18 0.00000000e+00
2.73172160e+18 0.00000000e+00
2.59665597e+18 0.00000000e+00
2.46826845e+18 0.00000000e+00
2.34622885e+18 0.00000000e+00
2.23022330e+18 0.00000000e+00
2.11995346e+18 0.00000000e+00
2.01513573e+18 0.00000000e+00
1.91550056e+18 0.00000000e+00
1.82079168e+18 0.00000000e+00
1.73076553e+18 0.00000000e+00
1.64519059e+18 0.00000000e+00
1.56384676e+18 0.00000000e+00
1.48652484e+18 0.00000000e+00
1.41302599e+18 0.00000000e+00
1.34316117e+18 0.00000000e+00
1.27675070e+18 0.00000000e+00
1.21362380e+18 0.00000000e+00
1.15361810e+18 0.00000000e+00
1.09657929e+18 0.00000000e+00
1.04236067e+18 0.00000000e+00
9.90822810e+17 0.00000000e+00
9.41833153e+17 0.00000000e+00
8.95265713e+17 0.00000000e+00
8.51000725e+17 0.00000000e+00
8.08924349e+17 0.00000000e+00
7.68928372e+17 0.00000000e+00
7.30909933e+17 0.00000000e+00
6.94771255e+17 0.00000000e+00
6.60419396e+17 0.00000000e+00
6.27766011e+17 0.00000000e+00
5.96727120e+17 0.00000000e+00
5.67222897e+17 0.00000000e+00
5.39177464e+17 0.00000000e+00
5.12518693e+17 0.00000000e+00
4.87178022e+17 0.00000000e+00
4.63090280e+17 0.00000000e+00
4.40193519e+17 0.00000000e+00
4.18428851e+17 0.00000000e+00
3.97740302e+17 8.36892145e-57
3.78074666e+17 3.62791364e-55
3.59381366e+17 1.13180574e-53
3.41612327e+17 3.70544316e-52
3.24721849e+17 9.14616309e-51
3.08666494e+17 1.77815506e-49
2.93404971e+17 3.54410837e-48
2.78898029e+17 5.34268839e-47
2.65108360e+17 6.34578039e-46
2.52000499e+17 7.53720334e-45
2.39540736e+17 8.95231646e-44
2.27697026e+17 8.37785735e-43
2.16438909e+17 5.92988112e-42
2.05737431e+17 5.45641480e-41
1.95565072e+17 3.47438605e-40
1.85895668e+17 2.14688415e-39
1.76704353e+17 1.25872128e-38
1.67967487e+17 5.69402068e-38
1.59662602e+17 2.95289486e-37
1.51768339e+17 1.33244697e-36
1.44264395e+17 5.18320407e-36
1.37131472e+17 2.00485577e-35
1.30351224e+17 6.68061274e-35
1.23906216e+17 2.32165304e-34
1.17779870e+17 7.15207965e-34
1.11956432e+17 2.06915241e-33
1.06420924e+17 6.33456385e-33
1.01159111e+17 1.46386550e-32
9.61574600e+16 3.92019637e-32
9.14031075e+16 1.01145796e-31
8.68838264e+16 2.09578132e-31
8.25879939e+16 5.61744271e-31
7.85045620e+16 1.05573001e-30
7.46230289e+16 2.36618739e-30
7.09334120e+16 3.86919854e-30
6.74262224e+16 7.64212663e-30
6.40924402e+16 1.43218086e-29
6.09234915e+16 2.60460156e-29
5.79112265e+16 4.25905429e-29
5.50478981e+16 8.41213805e-29
5.23261424e+16 1.24317287e-28
4.97389596e+16 2.26095460e-28
4.72796959e+16 2.79526161e-28
4.49420266e+16 4.57082272e-28
4.27199397e+16 7.30472977e-28
4.06077203e+16 1.04999844e-27
3.85999362e+16 1.44779085e-27
3.66914238e+16 1.91624724e-27
3.48772747e+16 2.92478507e-27
3.31528234e+16 3.68084789e-27
3.15136348e+16 4.66291167e-27
2.99554933e+16 7.45192561e-27
2.84743917e+16 8.97938523e-27
2.70665207e+16 1.19118971e-26
2.57282597e+16 1.44014009e-26
2.44561668e+16 1.90606000e-26
2.32469706e+16 2.29448001e-26
2.20975611e+16 2.83729776e-26
2.10049824e+16 3.57191617e-26
1.99664245e+16 3.48249493e-26
1.89792164e+16 4.41346884e-26
1.80408193e+16 5.55932487e-26
1.71488197e+16 5.42771040e-26
1.63009236e+16 6.72005897e-26
1.54949504e+16 8.10660382e-26
1.47288272e+16 9.44587749e-26
1.40005838e+16 1.05296252e-25
1.33083472e+16 1.11385289e-25
1.26503372e+16 1.24740012e-25
1.20248614e+16 1.39104502e-25
1.14303113e+16 1.36305641e-25
1.08651577e+16 1.59797072e-25
1.03279473e+16 1.92674520e-25
9.81729841e+15 1.89617299e-25
9.33189772e+15 1.86860332e-25
8.87049689e+15 2.32094267e-25
8.43190929e+15 2.31473429e-25
8.01500696e+15 2.29603000e-25
7.61871770e+15 2.88168515e-25
7.24202233e+15 2.88409272e-25
6.88395207e+15 2.90554334e-25
6.54358602e+15 3.69950396e-25
6.22004883e+15 3.63063179e-25
5.91250841e+15 3.69759453e-25
5.62017385e+15 3.78794505e-25
5.34229330e+15 3.75278230e-25
5.07815211e+15 4.67889955e-25
4.82707097e+15 4.81630501e-25
4.58840413e+15 4.91453850e-25
4.36153779e+15 5.02915493e-25
4.14588850e+15 5.18843782e-25
3.94090164e+15 5.27544848e-25
3.74605003e+15 6.45064336e-25
3.56083255e+15 5.67291556e-25
3.38477286e+15 7.04668884e-25
3.21741815e+15 6.96711714e-25
3.05833803e+15 7.64878656e-25
2.90712338e+15 7.84291104e-25
2.76338529e+15 8.03734878e-25
2.62675410e+15 9.52691717e-25
2.49687843e+15 9.71929799e-25
2.37342425e+15 1.00564292e-24
2.25607407e+15 1.05735483e-24
2.14452608e+15 1.12852128e-24
2.03849340e+15 1.18727278e-24
1.93770334e+15 1.20328364e-24
1.84189668e+15 1.30811327e-24
1.75082703e+15 1.33240792e-24
1.66426018e+15 1.50055480e-24
1.58197348e+15 1.62868802e-24
1.50375532e+15 1.68537747e-24
1.42940453e+15 1.64675393e-24
1.35872990e+15 1.74334481e-24
1.29154967e+15 2.03246500e-24
1.22769105e+15 2.06052084e-24
1.16698982e+15 2.40199836e-24
1.10928986e+15 2.25452031e-24
1.05444279e+15 2.35567739e-24
1.00230755e+15 2.50432443e-24
9.52750047e+14 2.54801898e-24
9.05642838e+14 2.72623076e-24
8.60864770e+14 2.94732432e-24
8.18300682e+14 3.08032472e-24
7.77841107e+14 3.46197310e-24
7.39381992e+14 3.79454139e-24
7.02824426e+14 3.73994378e-24
6.68074392e+14 3.87701028e-24
6.35042517e+14 3.89951556e-24
6.03643851e+14 4.11635995e-24
5.73797641e+14 4.41761872e-24
5.45427131e+14 4.69639516e-24
5.18459354e+14 5.15088708e-24
4.92824957e+14 5.23637620e-24
4.68458012e+14 5.50288050e-24
4.45295851e+14 5.84095562e-24
4.23278907e+14 5.99008728e-24
4.02350555e+14 6.70548279e-24
3.82456972e+14 6.80348777e-24
3.63546996e+14 7.38397063e-24
3.45571994e+14 7.63513504e-24
3.28485737e+14 7.72463258e-24
3.12244282e+14 8.09036402e-24
2.96805861e+14 8.91951781e-24
2.82130768e+14 9.01418601e-24
2.68181261e+14 9.64782850e-24
2.54921465e+14 1.01707371e-23
2.42317279e+14 1.04965308e-23
2.30336287e+14 1.11430868e-23
2.18947676e+14 1.16408851e-23
2.08122157e+14 1.24704552e-23
1.97831888e+14 1.28822212e-23
1.88050406e+14 1.35672709e-23
1.78752553e+14 1.48482400e-23
1.69914417e+14 1.56454495e-23
1.61513269e+14 1.63094638e-23
1.53527503e+14 1.66434534e-23
1.45936580e+14 1.78612768e-23
1.38720978e+14 1.86320727e-23
1.31862140e+14 1.96017645e-23
1.25342427e+14 2.09022207e-23
1.19145070e+14 2.17446361e-23
1.13254132e+14 2.33386813e-23
1.07654461e+14 2.42371400e-23
1.02331658e+14 2.51611088e-23
9.72720319e+13 2.67063329e-23
9.24625712e+13 2.82492073e-23
8.78909065e+13 2.95183514e-23
8.35452806e+13 3.11043936e-23
7.94145172e+13 3.30400361e-23
7.54879928e+13 3.43778061e-23
7.17556092e+13 3.62253902e-23
6.82077673e+13 3.83279528e-23
6.48353429e+13 4.00271004e-23
6.16296626e+13 4.21392754e-23
5.85824820e+13 4.48509567e-23
5.56859644e+13 4.69083034e-23
5.29326606e+13 4.89128597e-23
5.03154895e+13 5.18373477e-23
4.78277202e+13 5.45627942e-23
4.54629547e+13 5.75041408e-23
4.32151113e+13 6.04054053e-23
4.10784089e+13 6.36233053e-23
3.90473524e+13 6.66296964e-23
3.71167182e+13 7.02792760e-23
3.52815412e+13 7.42490484e-23
3.35371015e+13 7.78041476e-23
3.18789129e+13 8.17841258e-23
3.03027108e+13 8.62764011e-23
2.88044415e+13 9.07904187e-23
2.73802518e+13 9.55354054e-23
2.60264788e+13 1.00406705e-22
2.47396410e+13 1.05604050e-22
2.35164288e+13 1.11330820e-22
2.23536965e+13 1.16529887e-22
2.12484535e+13 1.23140475e-22
2.01978576e+13 1.29170172e-22
1.91992067e+13 1.36017992e-22
1.82499324e+13 1.43225410e-22
1.73475936e+13 1.50890236e-22
1.64898694e+13 1.58483577e-22
1.56745541e+13 1.66530556e-22
1.48995507e+13 1.75383741e-22
1.41628662e+13 1.84887556e-22
1.34626058e+13 1.94016047e-22
1.27969687e+13 2.04493016e-22
1.21642429e+13 2.15089843e-22
1.15628013e+13 2.26104779e-22
1.09910970e+13 2.37889798e-22
1.04476597e+13 2.50474277e-22
9.93109181e+12 2.63150450e-22
9.44006479e+12 2.76868039e-22
8.97331581e+12 2.91395544e-22
8.52964450e+12 3.06429470e-22
8.10790981e+12 3.22318775e-22
7.70702711e+12 3.38918375e-22
7.32596543e+12 3.56599396e-22
6.96374473e+12 3.75035370e-22
6.61943346e+12 3.94765880e-22
6.29214611e+12 4.15353372e-22
5.98104096e+12 4.36943414e-22
5.68531791e+12 4.59991953e-22
5.40421642e+12 4.83760263e-22
5.13701354e+12 5.08774704e-22
4.88302209e+12 5.35425008e-22
4.64158883e+12 5.63421715e-22
4.41209286e+12 5.92397969e-22
4.19394396e+12 6.23694299e-22
3.98658107e+12 6.56028922e-22
3.78947092e+12 6.89956082e-22
3.60210656e+12 7.25428910e-22
3.42400614e+12 7.63671330e-22
3.25471161e+12 8.03181714e-22
3.09378757e+12 8.45244246e-22
2.94082017e+12 8.88974170e-22
2.79541600e+12 9.35084194e-22
2.65720111e+12 9.83824202e-22
2.52582003e+12 1.03513791e-21
2.40093488e+12 1.08904748e-21
2.28222447e+12 1.14557967e-21
2.16938352e+12 1.20532635e-21
2.06212180e+12 1.26785336e-21
1.96016347e+12 1.33375958e-21
1.86324631e+12 1.40333137e-21
1.77112106e+12 1.47648637e-21
1.68355080e+12 1.55314074e-21
1.60031031e+12 1.63437798e-21
1.52118552e+12 1.71869782e-21
1.44597292e+12 1.80857462e-21
1.37447909e+12 1.90260603e-21
1.30652016e+12 2.00134815e-21
1.24192135e+12 2.10526027e-21
1.18051653e+12 2.21488773e-21
1.12214777e+12 2.33062812e-21
1.06666496e+12 2.45110826e-21
1.01392541e+12 2.57913346e-21
9.63793480e+11 2.71320685e-21
9.16140246e+11 2.85451162e-21
8.70843150e+11 3.00271320e-21
8.27785697e+11 3.15937663e-21
7.86857151e+11 3.32352965e-21
7.47952252e+11 3.49594739e-21
7.10970943e+11 3.67826524e-21
6.75818117e+11 3.86921738e-21
6.42403366e+11 4.07094715e-21
6.10640754e+11 4.28238455e-21
5.80448594e+11 4.50497496e-21
5.51749238e+11 4.73980754e-21
5.24468875e+11 4.98586727e-21
4.98537346e+11 5.24523280e-21
4.73887961e+11 5.51835373e-21
4.50457325e+11 5.80532014e-21
4.28185180e+11 6.10711970e-21
4.07014245e+11 6.42522334e-21
3.86890074e+11 6.75906661e-21
3.67760910e+11 7.11071316e-21
3.49577557e+11 7.48090038e-21
3.32293252e+11 7.86967597e-21
3.15863541e+11 8.27907886e-21
3.00246171e+11 8.70990429e-21
2.85400977e+11 9.16249107e-21
2.71289780e+11 9.63921324e-21
2.57876289e+11 1.01408362e-20
2.45126006e+11 1.06683091e-20
2.33006141e+11 1.12230832e-20
2.21485523e+11 1.18068993e-20
2.10534524e+11 1.24210006e-20
2.00124980e+11 1.30672210e-20
1.90230119e+11 1.37469594e-20
1.80824493e+11 1.44616092e-20
1.71883914e+11 1.52144120e-20
1.63385388e+11 1.60057543e-20
1.55307057e+11 1.68382749e-20
1.47628147e+11 1.77138884e-20
1.40328908e+11 1.86353917e-20
1.33390569e+11 1.96047108e-20
1.26795285e+11 2.06242908e-20
1.20526094e+11 2.16969916e-20
1.14566873e+11 2.28256704e-20
1.08902296e+11 2.40129586e-20
1.03517796e+11 2.52623814e-20
9.83995230e+10 2.65760569e-20
9.35343152e+10 2.79585349e-20
8.89096599e+10 2.94129295e-20
8.45136633e+10 3.09426040e-20
8.03350198e+10 3.25522581e-20
7.63629826e+10 3.42455486e-20
7.25873365e+10 3.60264308e-20
6.89983712e+10 3.79006754e-20
6.55868566e+10 3.98719903e-20
6.23440189e+10 4.19461675e-20
5.92615181e+10 4.41281554e-20
5.63314267e+10 4.64228726e-20
5.35462090e+10 4.88377556e-20
5.08987019e+10 5.13782198e-20
4.83820966e+10 5.40505950e-20
4.59899209e+10 5.68620964e-20
4.37160225e+10 5.98199327e-20
4.15545533e+10 6.29313457e-20
3.94999546e+10 6.62049069e-20
3.75469422e+10 6.96483447e-20
3.56904935e+10 7.32712298e-20
3.39258338e+10 7.70825187e-20
3.22484250e+10 8.10919048e-20
3.06539530e+10 8.53099468e-20
2.91383170e+10 8.97470538e-20
2.76976194e+10 9.44157514e-20
2.63281547e+10 9.93268558e-20
2.50264010e+10 1.04493478e-19
2.37890104e+10 1.09928444e-19
2.26128007e+10 1.15646469e-19
2.14947467e+10 1.21662096e-19
2.04319732e+10 1.27990271e-19
1.94217468e+10 1.34647168e-19
1.84614695e+10 1.41651077e-19
1.75486715e+10 1.49019443e-19
1.66810054e+10 1.56770778e-19
1.58562396e+10 1.64924909e-19
1.50722531e+10 1.73503763e-19
1.43270295e+10 1.82528434e-19
1.36186524e+10 1.92022485e-19
1.29452998e+10 2.02010587e-19
1.23052400e+10 2.12518933e-19
1.16968270e+10 2.23572611e-19
1.11184960e+10 2.35201705e-19
1.05687597e+10 2.47435706e-19
1.00462042e+10 2.60306155e-19
9.54948564e+09 2.73846004e-19
9.07732653e+09 2.88090738e-19
8.62851257e+09 3.03076064e-19
8.20188950e+09 3.18840279e-19
7.79636013e+09 3.35424588e-19
7.41088152e+09 3.52872102e-19
7.04446228e+09 3.71226374e-19
6.69616005e+09 3.90535782e-19
6.36507908e+09 4.10849745e-19
6.05036788e+09 4.32220556e-19
5.75121707e+09 4.54702827e-19
5.46685730e+09 4.78353720e-19
5.19655724e+09 5.03235483e-19
4.93962174e+09 5.29411572e-19
4.69539001e+09 5.56948421e-19
4.46323393e+09 5.85919308e-19
4.24255643e+09 6.16395164e-19
4.03278998e+09 6.48456918e-19
3.83339510e+09 6.82186651e-19
3.64385898e+09 7.17670838e-19
3.46369418e+09 7.55000777e-19
3.29243733e+09 7.94272347e-19
3.12964801e+09 8.35586471e-19
2.97490755e+09 8.79049519e-19
2.82781798e+09 9.24773285e-19
2.68800102e+09 9.72876544e-19
2.55509709e+09 1.02348001e-18
2.42876438e+09 1.07671683e-18
2.30867799e+09 1.13272260e-18
2.19452909e+09 1.19164173e-18
2.08602409e+09 1.25362495e-18
1.98288395e+09 1.31883276e-18
1.88484341e+09 1.38743192e-18
1.79165033e+09 1.45959965e-18
1.70306503e+09 1.53552091e-18
1.61885969e+09 1.61539133e-18
1.53881775e+09 1.69941648e-18
1.46273336e+09 1.78781177e-18
1.39041083e+09 1.88080565e-18
1.32166418e+09 1.97863573e-18
1.25631660e+09 2.08155483e-18
1.19420003e+09 2.18982798e-18
1.13515471e+09 2.30373172e-18
1.07902879e+09 2.42356090e-18
1.02567793e+09 2.54962296e-18
9.74964918e+08 2.68224210e-18
9.26759330e+08 2.82176001e-18
8.80937190e+08 2.96853436e-18
8.37380654e+08 3.12294252e-18
7.95977700e+08 3.28538339e-18
7.56621850e+08 3.45627290e-18
7.19211887e+08 3.63605213e-18
6.83651600e+08 3.82518199e-18
6.49849535e+08 4.02415027e-18
6.17718760e+08 4.23346639e-18
5.87176639e+08 4.45367212e-18
5.58144625e+08 4.68533118e-18
5.30548053e+08 4.92903917e-18
5.04315949e+08 5.18542391e-18
4.79380850e+08 5.45514446e-18
4.55678627e+08 5.73889557e-18
4.33148322e+08 6.03740503e-18
4.11731993e+08 6.35144147e-18
3.91374560e+08 6.68181351e-18
3.72023668e+08 7.02937021e-18
3.53629550e+08 7.39500388e-18
3.36144900e+08 7.77965708e-18
3.19524751e+08 8.18431732e-18
3.03726358e+08 8.61002601e-18
2.88709092e+08 9.05787928e-18
2.74434330e+08 9.52902614e-18
2.60865362e+08 1.00246811e-17
2.47967289e+08 1.05461169e-17
2.35706941e+08 1.10946751e-17
2.24052787e+08 1.16717674e-17
2.12974854e+08 1.22788766e-17
2.02444651e+08 1.29175655e-17
1.92435098e+08 1.35894761e-17
1.82920450e+08 1.42963354e-17
1.73876240e+08 1.50399614e-17
1.65279206e+08 1.58222691e-17
1.57107239e+08 1.66452677e-17
1.49339322e+08 1.75110748e-17
1.41955477e+08 1.84219175e-17
1.34936714e+08 1.93801376e-17
1.28264983e+08 2.03881995e-17
1.21923125e+08 2.14486964e-17
1.15894830e+08 2.25643546e-17
1.10164595e+08 2.37380440e-17
1.04717682e+08 2.49727842e-17
9.95400829e+07 2.62717488e-17
9.46184819e+07 2.76382800e-17
8.99402217e+07 2.90758905e-17
8.54932707e+07 3.05882799e-17
8.12661920e+07 3.21793354e-17
7.72481145e+07 3.38531503e-17
7.34287045e+07 3.56140294e-17
6.97981391e+07 3.74665013e-17
6.63470812e+07 3.94153293e-17
6.30666554e+07 4.14655262e-17
5.99484250e+07 4.36223649e-17
5.69843706e+07 4.58913918e-17
5.41668691e+07 4.82784421e-17
5.14886745e+07 5.07896564e-17
4.89428990e+07 5.34314910e-17
4.65229952e+07 5.62107416e-17
4.42227398e+07 5.91345560e-17
4.20362168e+07 6.22104525e-17
3.99578030e+07 6.54463432e-17
3.79821531e+07 6.88505492e-17
3.61041860e+07 7.24318254e-17
3.43190720e+07 7.61993827e-17
3.26222201e+07 8.01629099e-17
3.10092664e+07 8.43326011e-17
2.94760626e+07 8.87191793e-17
2.80186656e+07 9.33339275e-17
2.66333273e+07 9.81887119e-17
2.53164848e+07 1.03296019e-16
2.40647515e+07 1.08668984e-16
2.28749082e+07 1.14321425e-16
2.17438948e+07 1.20267879e-16
2.06688025e+07 1.26523640e-16
1.96468665e+07 1.33104793e-16
1.86754584e+07 1.40028269e-16
1.77520801e+07 1.47311870e-16
1.68743568e+07 1.54974329e-16
1.60400311e+07 1.63035353e-16
1.52469573e+07 1.71515673e-16
1.44930957e+07 1.80437098e-16
1.37765077e+07 1.89822573e-16
1.30953502e+07 1.99696237e-16
1.24478715e+07 2.10083480e-16
1.18324063e+07 2.21011018e-16
1.12473718e+07 2.32506955e-16
1.06912634e+07 2.44600856e-16
1.01626509e+07 2.57323823e-16
9.66017480e+06 2.70708578e-16
9.18254284e+06 2.84789544e-16
8.72852662e+06 2.99602936e-16
8.29695852e+06 3.15186848e-16
7.88672862e+06 3.31581362e-16
7.49678187e+06 3.48828640e-16
7.12611543e+06 3.66973039e-16
6.77377600e+06 3.86061222e-16
6.43885743e+06 4.06142283e-16
6.12049837e+06 4.27267863e-16
5.81788007e+06 4.49492296e-16
5.53022426e+06 4.72872738e-16
5.25679112e+06 4.97469319e-16
4.99687745e+06 5.23345297e-16
4.74981480e+06 5.50567218e-16
4.51496777e+06 5.79205096e-16
4.29173238e+06 6.09332577e-16
4.07953450e+06 6.41027148e-16
3.87782841e+06 6.74370319e-16
3.68609536e+06 7.09447843e-16
3.50384225e+06 7.46349932e-16
3.33060034e+06 7.85171493e-16
3.16592411e+06 8.26012365e-16
3.00939003e+06 8.68977584e-16
2.86059554e+06 9.14177650e-16
2.71915794e+06 9.61728809e-16
2.58471351e+06 1.01175335e-15
2.45691646e+06 1.06437993e-15
2.33543814e+06 1.11974390e-15
2.21996612e+06 1.17798763e-15
2.11020343e+06 1.23926093e-15
2.00586778e+06 1.30372138e-15
1.90669084e+06 1.37153474e-15
1.81241755e+06 1.44287544e-15
1.72280545e+06 1.51792694e-15
1.63762407e+06 1.59688227e-15
1.55665436e+06 1.67994447e-15
1.47968806e+06 1.76732718e-15
1.40652724e+06 1.85925512e-15
1.33698374e+06 1.95596472e-15
1.27087871e+06 2.05770469e-15
1.20804213e+06 2.16473669e-15
1.14831241e+06 2.27733599e-15
1.09153594e+06 2.39579217e-15
1.03756668e+06 2.52040988e-15
9.86265846e+05 2.65150962e-15
9.37501502e+05 2.78942854e-15
8.91148232e+05 2.93452135e-15
8.47086827e+05 3.08716121e-15
8.05203967e+05 3.24774067e-15
7.65391939e+05 3.41667272e-15
7.27548353e+05 3.59439182e-15
6.91575883e+05 3.78135502e-15
6.57382014e+05 3.97804318e-15
6.24878807e+05 4.18496212e-15
5.93982669e+05 4.40264402e-15
5.64614142e+05 4.63164871e-15
5.36697695e+05 4.87256515e-15
5.10161531e+05 5.12601294e-15
4.84937407e+05 5.39264389e-15
4.60960449e+05 5.67314374e-15
4.38168993e+05 5.96823388e-15
4.16504425e+05 6.27867324e-15
3.95911027e+05 6.60526020e-15
3.76335836e+05 6.94883471e-15
3.57728510e+05 7.31028036e-15
3.40041193e+05 7.69052674e-15
3.23228398e+05 8.09055178e-15
3.07246884e+05 8.51138428e-15
2.92055551e+05 8.95410654e-15
2.77615329e+05 9.41985718e-15
2.63889081e+05 9.90983403e-15
2.50841506e+05 1.04252972e-14
2.38439047e+05 1.09675725e-14
2.26649808e+05 1.15380544e-14
2.15443469e+05 1.21382102e-14
2.04791210e+05 1.27695834e-14
1.94665634e+05 1.34337977e-14
1.85040702e+05 1.41325615e-14
1.75891659e+05 1.48676719e-14
1.67194976e+05 1.56410194e-14
1.58928287e+05 1.64545930e-14
1.51070330e+05 1.73104850e-14
1.43600898e+05 1.82108968e-14
1.36500781e+05 1.91581440e-14
1.29751717e+05 2.01546629e-14
1.23336350e+05 2.12030163e-14
1.17238180e+05 2.23059005e-14
1.11441525e+05 2.34661520e-14
1.05931476e+05 2.46867548e-14
1.00693863e+05 2.59708481e-14
9.57152154e+04 2.73217344e-14
9.09827289e+04 2.87428882e-14
8.64842328e+04 3.02379644e-14
8.22081576e+04 3.18108082e-14
7.81435061e+04 3.34654649e-14
7.42798248e+04 3.52061901e-14
7.06071771e+04 3.70374607e-14
6.71161177e+04 3.89639866e-14
6.37976681e+04 4.09907227e-14
6.06432940e+04 4.31228816e-14
5.76448828e+04 4.53659471e-14
5.47947234e+04 4.77256882e-14
5.20854855e+04 5.02081741e-14
4.95102016e+04 5.28197896e-14
4.70622485e+04 5.55672516e-14
4.47353305e+04 5.84576265e-14
4.25234633e+04 6.14983484e-14
4.04209584e+04 6.46972379e-14
3.84224085e+04 6.80625226e-14
3.65226736e+04 7.16028579e-14
3.47168682e+04 7.53273497e-14
3.30003479e+04 7.92455775e-14
3.13686982e+04 8.33676192e-14
2.98177229e+04 8.77040767e-14
2.83434331e+04 9.22661037e-14
2.69420371e+04 9.70654342e-14
2.56099310e+04 1.02114412e-13
2.43436887e+04 1.07426025e-13
2.31400538e+04 1.13013933e-13
2.19959307e+04 1.18892511e-13
2.09083769e+04 1.25076879e-13
1.98745955e+04 1.31582944e-13
1.88919278e+04 1.38427440e-13
1.79578465e+04 1.45627974e-13
1.70699493e+04 1.53203066e-13
1.62259529e+04 1.61172203e-13
1.54236865e+04 1.69555881e-13
1.46610868e+04 1.78375668e-13
1.39361927e+04 1.87654250e-13
1.32471399e+04 1.97415495e-13
1.25921561e+04 2.07684513e-13
1.19695570e+04 2.18487719e-13
1.13777413e+04 2.29852905e-13
1.08151870e+04 2.41809306e-13
1.02804473e+04 2.54387682e-13
9.77214697e+03 2.67620389e-13
9.28897872e+03 2.81541471e-13
8.82969996e+03 2.96186742e-13
8.39312950e+03 3.11593878e-13
7.97814457e+03 3.27802517e-13
7.58367791e+03 3.44854361e-13
7.20871503e+03 3.62793281e-13
6.85229160e+03 3.81665430e-13
6.51349095e+03 4.01519365e-13
6.19144176e+03 4.22406171e-13
5.88531578e+03 4.44379588e-13
5.59432571e+03 4.67496157e-13
5.31772318e+03 4.91815361e-13
5.05479682e+03 5.17399777e-13
4.80487044e+03 5.44315244e-13
4.56730127e+03 5.72631024e-13
4.34147833e+03 6.02419988e-13
4.12682085e+03 6.33758799e-13
3.92277676e+03 6.66728111e-13
3.72882131e+03 7.01412780e-13
3.54445567e+03 7.37902078e-13
3.36920571e+03 7.76289926e-13
3.20262069e+03 8.16675137e-13
3.04427221e+03 8.59161671e-13
2.89375302e+03 9.03858899e-13
2.75067601e+03 9.50881893e-13
2.61467321e+03 1.00035172e-12
2.48539486e+03 1.05239574e-12
2.36250847e+03 1.10714797e-12
2.24569800e+03 1.16474939e-12
2.13466303e+03 1.22534835e-12
2.02911802e+03 1.28910089e-12
1.92879151e+03 1.35617124e-12
1.83342548e+03 1.42673213e-12
1.74277468e+03 1.50096534e-12
1.65660596e+03 1.57906210e-12
1.57469771e+03 1.66122363e-12
1.49683929e+03 1.74766162e-12
1.42283046e+03 1.83859882e-12
1.35248087e+03 1.93426960e-12
1.28560961e+03 2.03492054e-12
1.22204469e+03 2.14081109e-12
1.16162263e+03 2.25221427e-12
1.10418805e+03 2.36941730e-12
1.04959323e+03 2.49272244e-12
9.97697764e+02 2.62244770e-12
9.48368187e+02 2.75892772e-12
9.01477631e+02 2.90251461e-12
8.56905505e+02 3.05357889e-12
8.14537177e+02 3.21251043e-12
7.74263683e+02 3.37971948e-12
7.35981448e+02 3.55563776e-12
6.99592017e+02 3.74071955e-12
6.65001803e+02 3.93544293e-12
6.32121848e+02 4.14031096e-12
6.00867589e+02 4.35585308e-12
5.71158648e+02 4.58262643e-12
5.42918618e+02 4.82121735e-12
5.16074871e+02 5.07224292e-12
4.90558371e+02 5.33635259e-12
4.66303493e+02 5.61422985e-12
4.43247859e+02 5.90659409e-12
4.21332174e+02 6.21420248e-12
4.00500076e+02 6.53785195e-12
3.80697987e+02 6.87838136e-12
3.61874981e+02 7.23667368e-12
3.43982649e+02 7.61365835e-12
3.26974974e+02 8.01031378e-12
3.10808217e+02 8.42766997e-12
2.95440800e+02 8.86681121e-12
2.80833200e+02 9.32887909e-12
2.66947849e+02 9.81507548e-12
2.53749038e+02 1.03266658e-11
2.41202821e+02 1.08649826e-11
2.29276931e+02 1.14314288e-11
2.17940698e+02 1.20274820e-11
2.07164968e+02 1.26546982e-11
1.96922026e+02 1.33147160e-11
1.87185529e+02 1.40092616e-11
1.77930439e+02 1.47401528e-11
1.69132952e+02 1.55093048e-11
1.60770442e+02 1.63187353e-11
1.52821404e+02 1.71705699e-11
1.45265393e+02 1.80670484e-11
1.38082977e+02 1.90105310e-11
1.31255684e+02 2.00035053e-11
1.24765955e+02 2.10485931e-11
1.18597101e+02 2.21485581e-11
1.12733256e+02 2.33063141e-11
1.07159340e+02 2.45249336e-11
1.01861017e+02 2.58076564e-11
9.68246612e+01 2.71578999e-11
9.20373200e+01 2.85792693e-11
8.74866812e+01 3.00755683e-11
8.31610415e+01 3.16508108e-11
7.90492762e+01 3.33092340e-11
7.51408106e+01 3.50553110e-11
7.14255929e+01 3.68937655e-11
6.78940681e+01 3.88295872e-11
6.45371540e+01 4.08680479e-11
6.13462172e+01 4.30147191e-11
5.83130511e+01 4.52754910e-11
5.54298552e+01 4.76565927e-11
5.26892142e+01 5.01646141e-11
5.00840799e+01 5.28065294e-11
4.76077523e+01 5.55897224e-11
4.52538628e+01 5.85220142e-11
4.30163576e+01 6.16116925e-11
4.08894823e+01 6.48675442e-11
3.88677669e+01 6.82988899e-11
3.69460121e+01 7.19156226e-11
3.51192753e+01 7.57282480e-11
3.33828586e+01 7.97479306e-11
3.17322963e+01 8.39865424e-11
3.01633435e+01 8.84567168e-11
2.86719650e+01 9.29998001e-11
2.72543253e+01 9.79466055e-11
2.59067786e+01 1.03163617e-10
2.46258592e+01 1.08666457e-10
2.34082728e+01 1.14471760e-10
2.22508880e+01 1.20597247e-10
2.11507282e+01 1.27061810e-10
2.01049642e+01 1.33885613e-10
1.91109062e+01 1.41090185e-10
1.81659979e+01 1.48698542e-10
1.72678090e+01 1.56735306e-10
1.64140297e+01 1.65226845e-10
1.56024641e+01 1.74201424e-10
1.48310251e+01 1.83692761e-10
1.40977287e+01 1.93717828e-10
1.34006890e+01 2.04322890e-10
1.27381132e+01 2.15548326e-10
1.21082975e+01 2.27437459e-10
1.15096220e+01 2.40026612e-10
1.09405471e+01 2.53367156e-10
1.03996091e+01 2.67509408e-10
9.88541702e+00 2.82507921e-10
9.39664831e+00 2.98423171e-10
8.93204600e+00 3.15320176e-10
8.49041520e+00 3.33269965e-10
8.07062014e+00 3.52349706e-10
7.67158118e+00 3.72643544e-10
7.29227206e+00 3.94243342e-10
6.93171728e+00 4.17249429e-10
6.58898955e+00 4.41771582e-10
6.26320745e+00 4.67930021e-10
5.95353313e+00 4.95856569e-10
5.65917016e+00 5.25695925e-10
5.37936150e+00 5.57607090e-10
5.11338754e+00 5.91764959e-10
4.86056423e+00 6.28362091e-10
4.62024137e+00 6.67610686e-10
4.39180089e+00 7.09744783e-10
4.17465529e+00 7.55022714e-10
3.96824610e+00 8.03729825e-10
3.77204249e+00 8.56181516e-10
3.58553986e+00 9.12726608e-10
3.40825855e+00 9.73751092e-10
3.23974263e+00 1.03968229e-09
3.07955871e+00 1.11099349e-09
2.92729484e+00 1.18820905e-09
2.78255940e+00 1.27191009e-09
2.64498018e+00 1.36274081e-09
2.51420335e+00 1.46141545e-09
2.38989257e+00 1.56872602e-09
2.27172813e+00 1.68555088e-09
2.15940615e+00 1.81142424e-09
2.05263775e+00 1.95005840e-09
1.95114835e+00 2.10144126e-09
1.85467692e+00 2.26690276e-09
1.76297538e+00 2.45045685e-09
1.67580786e+00 2.64894720e-09
1.59295021e+00 2.86648380e-09
1.51418933e+00 3.10504524e-09
1.43932264e+00 3.36685801e-09
1.36815763e+00 3.65438971e-09
1.30051125e+00 3.97037470e-09
1.23620954e+00 4.31784248e-09
1.17508713e+00 4.70014897e-09
1.11698682e+00 5.12101110e-09
1.06175918e+00 5.58454489e-09
1.00926219e+00 6.09530759e-09
9.59360829e-01 6.65834411e-09
9.11926760e-01 7.27923829e-09
8.66837993e-01 7.96420437e-09
8.23978568e-01 8.72001584e-09
7.83238260e-01 9.55426701e-09
7.44512291e-01 1.04753243e-08
7.07701066e-01 1.14924401e-08
6.72709914e-01 1.26158447e-08
6.39448843e-01 1.38568479e-08
6.07832313e-01 1.52279501e-08
5.77779012e-01 1.67429654e-08
5.49211648e-01 1.84171562e-08
5.22056753e-01 2.02673814e-08
4.96244488e-01 2.23122589e-08
4.71708469e-01 2.45723441e-08
4.48385595e-01 2.70703249e-08
4.26215883e-01 2.98312354e-08
4.05142317e-01 3.28826900e-08
3.85110700e-01 3.62551372e-08
3.66069515e-01 3.99821383e-08
3.47969790e-01 4.41006686e-08
3.30764978e-01 4.86514454e-08
3.14410830e-01 5.36792827e-08
2.98865287e-01 5.92334746e-08
2.84088369e-01 6.53682077e-08
2.70042072e-01 7.21430042e-08
2.56690272e-01 7.96231956e-08
2.43998630e-01 8.78804265e-08
2.31934506e-01 9.69931887e-08
2.20466874e-01 1.07047384e-07
2.09566240e-01 1.18136912e-07
1.99204571e-01 1.30364279e-07
1.89355218e-01 1.43841229e-07
1.79992851e-01 1.58689377e-07
1.71093391e-01 1.75040847e-07
1.62633950e-01 1.93038901e-07
1.54592774e-01 2.12838538e-07
1.46949180e-01 2.34607053e-07
1.39683512e-01 2.58524532e-07
1.32777083e-01 2.84784254e-07
1.26212131e-01 3.13592978e-07
1.19971774e-01 3.45171072e-07
1.14039960e-01 3.79752451e-07
1.08401436e-01 4.17584279e-07
1.03041699e-01 4.58926381e-07
9.79469667e-02 5.04050327e-07
9.31041349e-02 5.53238109e-07
8.85007491e-02 6.06780382e-07
8.41249705e-02 6.64974181e-07
7.99655453e-02 7.28120085e-07
7.60117762e-02 7.96518754e-07
7.22534949e-02 8.70466804e-07
6.86810359e-02 9.50251966e-07
6.52852114e-02 1.03614751e-06
6.20572881e-02 1.12840589e-06
5.89889643e-02 1.22725154e-06
5.60723488e-02 1.33287281e-06
5.32999408e-02 1.44541289e-06
5.06646101e-02 1.56495958e-06
4.81595791e-02 1.69153356e-06
4.57784054e-02 1.82507498e-06
4.35149650e-02 1.96542775e-06
4.13634368e-02 2.11232118e-06
3.93182876e-02 2.26534857e-06
3.73742574e-02 2.42394260e-06
3.55263468e-02 2.58734778e-06
3.37698031e-02 2.75459106e-06
3.21001090e-02 2.92445234e-06
3.05129702e-02 3.09543802e-06
2.90043049e-02 3.26576115e-06
2.75702333e-02 3.43333596e-06
2.62070670e-02 3.59578567e-06
2.49113003e-02 3.75047759e-06
2.36796007e-02 3.89458301e-06
2.25088005e-02 4.02516594e-06
2.13958887e-02 4.13929841e-06
2.03380031e-02 4.23419600e-06
1.93324229e-02 4.30736372e-06
1.83765620e-02 4.35673872e-06
1.74679622e-02 4.38081528e-06
1.66042866e-02 4.37873862e-06
1.57833141e-02 4.35035712e-06
1.50029332e-02 4.29622822e-06
1.42611371e-02 4.21757852e-06
1.35560179e-02 4.11622481e-06
1.28857621e-02 3.99446609e-06
1.22486461e-02 3.85613558e-06
1.16430313e-02 3.70315079e-06
1.10673602e-02 3.53441727e-06
1.05201522e-02 3.35928062e-06
1.00000000e-02 3.17812781e-06
