1.00000000e+20 0.00000000e+00
9.50556592e+19 0.00000000e+00
9.03557835e+19 0.00000000e+00
8.58882856e+19 0.00000000e+00
8.16416760e+19 0.00000000e+00
7.76050334e+19 0.00000000e+00
7.37679760e+19 0.00000000e+00
7.01206359e+19 0.00000000e+00
6.66536327e+19 0.00000000e+00
6.33580499e+19 0.00000000e+00
6.02254120e+19 0.00000000e+00
5.72476624e+19 0.00000000e+00
5.44171429e+19 0.00000000e+00
5.17265739e+19 0.00000000e+00
4.91690358e+19 0.00000000e+00
4.67379511e+19 0.00000000e+00
4.44270675e+19 0.00000000e+00
4.22304419e+19 0.00000000e+00
4.01424249e+19 0.00000000e+00
3.81576466e+19 0.00000000e+00
3.62710025e+19 0.00000000e+00
3.44776405e+19 0.00000000e+00
3.27729485e+19 0.00000000e+00
3.11525422e+19 0.00000000e+00
2.96122544e+19 0.00000000e+00
2.81481236e+19 0.00000000e+00
2.67563844e+19 0.00000000e+00
2.54334576e+19 0.00000000e+00
2.41759408e+19 0.00000000e+00
2.29805999e+19 0.00000000e+00
2.18443607e+19 0.00000000e+00
2.07643011e+19 0.00000000e+00
1.97376433e+19 0.00000000e+00
1.87617469e+19 0.00000000e+00
1.78341022e+19 0.00000000e+00
1.69523234e+19 0.00000000e+00
1.61141428e+19 0.00000000e+00
1.53174046e+19 0.00000000e+00
1.45600600e+19 0.00000000e+00
1.38401610e+19 0.00000000e+00
1.31558562e+19 0.00000000e+00
1.25053859e+19 0.00000000e+00
1.18870770e+19 0.00000000e+00
1.12993394e+19 0.00000000e+00
1.07406615e+19 0.00000000e+00
1.02096066e+19 0.00000000e+00
9.70480888e+18 0.00000000e+00
9.22497005e+18 0.00000000e+00
8.76885609e+18 0.00000000e+00
8.33529397e+18 0.00000000e+00
7.92316862e+18 0.00000000e+00
7.53142017e+18 0.00000000e+00
7.15904109e+18 0.00000000e+00
6.80507370e+18 0.00000000e+00
6.46860766e+18 0.00000000e+00
6.14877765e+18 0.00000000e+00
5.84476113e+18 0.00000000e+00
5.55577622e+18 0.00000000e+00
5.28107971e+18 0.00000000e+00
5.01996513e+18 0.00000000e+00
4.77176095e+18 0.00000000e+00
4.53582883e+18 0.00000000e+00
4.31156199e+18 0.00000000e+00
4.09838367e+18 0.00000000e+00
3.89574562e+18 0.00000000e+00
3.70312668e+18 0.00000000e+00
3.52003147e+18 0.00000000e+00
3.34598912e+18 0.00000000e+00
3.18055202e+18 0.00000000e+00
3.02329468e+18 0.00000000e+00
2.87381269e+18 0.00000000e+00
2.73172160e+18 0.00000000e+00
2.59665597e+18 0.00000000e+00
2.46826845e+18 0.00000000e+00
2.34622885e+18 0.00000000e+00
2.23022330e+18 0.00000000e+00
2.11995346e+18 0.00000000e+00
2.01513573e+18 0.00000000e+00
1.91550056e+18 0.00000000e+00
1.82079168e+18 0.00000000e+00
1.73076553e+18 0.00000000e+00
1.64519059e+18 0.00000000e+00
1.56384676e+18 0.00000000e+00
1.48652484e+18 0.00000000e+00
1.41302599e+18 0.00000000e+00
1.34316117e+18 0.00000000e+00
1.27675070e+18 0.00000000e+00
1.21362380e+18 0.00000000e+00
1.15361810e+18 0.00000000e+00
1.09657929e+18 0.00000000e+00
1.04236067e+18 0.00000000e+00
9.90822810e+17 0.00000000e+00
9.41833153e+17 0.00000000e+00
8.95265713e+17 0.00000000e+00
8.51000725e+17 0.00000000e+00
8.08924349e+17 0.00000000e+00
7.68928372e+17 0.00000000e+00
7.30909933e+17 0.00000000e+00
6.94771255e+17 0.00000000e+00
6.60419396e+17 0.00000000e+00
6.27766011e+17 0.00000000e+00
5.96727120e+17 0.00000000e+00
5.67222897e+17 0.00000000e+00
5.39177464e+17 4.54590098e-45
5.12518693e+17 1.88344718e-43
4.87178022e+17 6.13989659e-42
4.63090280e+17 1.91962214e-40
4.40193519e+17 5.22200626e-39
4.18428851e+17 9.70991500e-38
3.97740302e+17 1.93429857e-36
3.78074666e+17 2.96716608e-35
3.59381366e+17 4.47295684e-34
3.41612327e+17 5.31275638e-33
3.24721849e+17 4.97184336e-32
3.08666494e+17 4.57245543e-31
2.93404971e+17 4.17980149e-30
2.78898029e+17 3.03302122e-29
2.65108360e+17 2.14947819e-28
2.52000499e+17 1.22443254e-27
2.39540736e+17 6.82842002e-27
2.27697026e+17 4.01355029e-26
2.16438909e+17 1.68412466e-25
2.05737431e+17 7.27605095e-25
1.95565072e+17 3.27948657e-24
1.85895668e+17 1.41316478e-23
1.76704353e+17 4.35339254e-23
1.67967487e+17 1.63646600e-22
1.59662602e+17 4.76035876e-22
1.51768339e+17 1.45848562e-21
1.44264395e+17 3.74295309e-21
1.37131472e+17 1.03183640e-20
1.30351224e+17 2.76323290e-20
1.23906216e+17 6.40550976e-20
1.17779870e+17 1.47725556e-19
1.11956432e+17 3.11975625e-19
1.06420924e+17 7.02684236e-19
1.01159111e+17 1.31527688e-18
9.61574600e+16 2.72728601e-18
9.14031075e+16 5.38671377e-18
8.68838264e+16 1.00950282e-17
8.25879939e+16 1.83590822e-17
7.85045620e+16 3.00208404e-17
7.46230289e+16 4.79769508e-17
7.09334120e+16 8.76276552e-17
6.74262224e+16 1.29089313e-16
6.40924402e+16 1.97029891e-16
6.09234915e+16 3.22184024e-16
5.79112265e+16 5.14889217e-16
5.50478981e+16 7.40113315e-16
5.23261424e+16 1.02050510e-15
4.97389596e+16 1.35070506e-15
4.72796959e+16 2.06159052e-15
4.49420266e+16 2.59451043e-15
4.27199397e+16 3.28672669e-15
4.06077203e+16 5.25259095e-15
3.85999362e+16 6.32916913e-15
3.66914238e+16 7.36121510e-15
3.48772747e+16 1.01500850e-14
3.31528234e+16 1.12748970e-14
3.15136348e+16 1.61703512e-14
2.99554933e+16 1.99922359e-14
2.84743917e+16 1.94930601e-14
2.70665207e+16 2.45313398e-14
2.57282597e+16 3.10779305e-14
2.44561668e+16 3.91340067e-14
2.32469706e+16 3.81609751e-14
2.20975611e+16 4.72215119e-14
2.10049824e+16 5.69159858e-14
1.99664245e+16 6.62114764e-14
1.89792164e+16 6.45541817e-14
1.80408193e+16 7.77445572e-14
1.71488197e+16 8.68560592e-14
1.63009236e+16 9.65312491e-14
1.54949504e+16 9.41735020e-14
1.47288272e+16 1.09528933e-13
1.40005838e+16 1.31863154e-13
1.33083472e+16 1.28715467e-13
1.26503372e+16 1.25664687e-13
1.20248614e+16 1.55452139e-13
1.14303113e+16 1.51818689e-13
1.08651577e+16 1.48520414e-13
1.03279473e+16 1.86863342e-13
9.81729841e+15 1.82817251e-13
9.33189772e+15 1.79049283e-13
8.87049689e+15 1.74666415e-13
8.43190929e+15 2.21428709e-13
8.01500696e+15 2.17225001e-13
7.61871770e+15 2.13332982e-13
7.24202233e+15 2.08403120e-13
6.88395207e+15 2.62011981e-13
6.54358602e+15 2.57508388e-13
6.22004883e+15 2.52811853e-13
5.91250841e+15 2.48325767e-13
5.62017385e+15 2.44290816e-13
5.34229330e+15 2.39974074e-13
5.07815211e+15 2.96183150e-13
4.82707097e+15 2.90468833e-13
4.58840413e+15 2.88337864e-13
4.36153779e+15 2.81595412e-13
4.14588850e+15 2.81187371e-13
3.94090164e+15 2.76584253e-13
3.74605003e+15 2.72089101e-13
3.56083255e+15 3.26360381e-13
3.38477286e+15 3.21247743e-13
3.21741815e+15 3.16566880e-13
3.05833803e+15 3.12006808e-13
2.90712338e+15 3.12547380e-13
2.76338529e+15 3.10187491e-13
2.62675410e+15 3.04251190e-13
2.49687843e+15 2.98856219e-13
2.37342425e+15 2.98479924e-13
2.25607407e+15 3.43803944e-13
2.14452608e+15 3.38652258e-13
2.03849340e+15 4.31548032e-13
1.93770334e+15 3.34310892e-13
1.84189668e+15 3.27062611e-13
1.75082703e+15 3.40564198e-13
1.66426018e+15 3.34023227e-13
1.58197348e+15 3.94829292e-13
1.50375532e+15 3.85787609e-13
1.42940453e+15 3.76137819e-13
1.35872990e+15 3.67110054e-13
1.29154967e+15 3.19449554e-13
1.22769105e+15 3.69770956e-13
1.16698982e+15 3.60518323e-13
1.10928986e+15 3.52129667e-13
1.05444279e+15 3.40145705e-13
1.00230755e+15 3.43413495e-13
9.52750047e+14 3.49037934e-13
9.05642838e+14 3.44191629e-13
8.60864770e+14 3.37122766e-13
8.18300682e+14 3.34018560e-13
7.77841107e+14 3.54838563e-13
7.39381992e+14 3.39812101e-13
7.02824426e+14 3.46131243e-13
6.68074392e+14 3.41033777e-13
6.35042517e+14 3.35941165e-13
6.03643851e+14 3.59356214e-13
5.73797641e+14 3.52611371e-13
5.45427131e+14 3.51363214e-13
5.18459354e+14 3.45280983e-13
4.92824957e+14 3.32108049e-13
4.68458012e+14 3.57794351e-13
4.45295851e+14 3.52816986e-13
4.23278907e+14 3.39285513e-13
4.02350555e+14 3.46060233e-13
3.82456972e+14 3.45483605e-13
3.63546996e+14 3.43448742e-13
3.45571994e+14 3.61590391e-13
3.28485737e+14 3.58163912e-13
3.12244282e+14 3.44552653e-13
2.96805861e+14 3.43737594e-13
2.82130768e+14 3.41770869e-13
2.68181261e+14 3.41218899e-13
2.54921465e+14 3.36870262e-13
2.42317279e+14 3.40638758e-13
2.30336287e+14 3.41485409e-13
2.18947676e+14 3.45959205e-13
2.08122157e+14 3.40044882e-13
1.97831888e+14 3.40190893e-13
1.88050406e+14 3.44879916e-13
1.78752553e+14 3.39166444e-13
1.69914417e+14 3.40401065e-13
1.61513269e+14 3.39425383e-13
1.53527503e+14 3.38709129e-13
1.45936580e+14 3.42278025e-13
1.38720978e+14 3.39954094e-13
1.31862140e+14 3.41292194e-13
1.25342427e+14 3.39296836e-13
1.19145070e+14 3.42346936e-13
1.13254132e+14 3.43319198e-13
1.07654461e+14 3.41296746e-13
1.02331658e+14 3.39328471e-13
9.72720319e+13 3.40383317e-13
9.24625712e+13 3.42303038e-13
8.78909065e+13 3.40805789e-13
8.35452806e+13 3.38566978e-13
7.94145172e+13 3.38525120e-13
7.54879928e+13 3.40136165e-13
7.17556092e+13 3.40369889e-13
6.82077673e+13 3.41703957e-13
6.48353429e+13 3.39449812e-13
6.16296626e+13 3.38079828e-13
5.85824820e+13 3.40844194e-13
5.56859644e+13 3.40707364e-13
5.29326606e+13 3.40594983e-13
5.03154895e+13 3.39665853e-13
4.78277202e+13 3.39577841e-13
4.54629547e+13 3.39572502e-13
4.32151113e+13 3.39580966e-13
4.10784089e+13 3.39717277e-13
3.90473524e+13 3.39574688e-13
3.71167182e+13 3.39202540e-13
3.52815412e+13 3.39328698e-13
3.35371015e+13 3.39819858e-13
3.18789129e+13 3.39470970e-13
3.03027108e+13 3.39322901e-13
2.88044415e+13 3.39785618e-13
2.73802518e+13 3.39161040e-13
2.60264788e+13 3.39546635e-13
2.47396410e+13 3.39304246e-13
2.35164288e+13 3.39499652e-13
2.23536965e+13 3.39325086e-13
2.12484535e+13 3.39407894e-13
2.01978576e+13 3.39085842e-13
1.91992067e+13 3.38936463e-13
1.82499324e+13 3.39047596e-13
1.73475936e+13 3.39139477e-13
1.64898694e+13 3.39049773e-13
1.56745541e+13 3.38942289e-13
1.48995507e+13 3.39283693e-13
1.41628662e+13 3.39230278e-13
1.34626058e+13 3.39214827e-13
1.27969687e+13 3.39221818e-13
1.21642429e+13 3.39159203e-13
1.15628013e+13 3.38931817e-13
1.09910970e+13 3.38913365e-13
1.04476597e+13 3.39398063e-13
9.93109181e+12 3.39164065e-13
9.44006479e+12 3.39099596e-13
8.97331581e+12 3.39270147e-13
8.52964450e+12 3.38936818e-13
8.10790981e+12 3.39163003e-13
7.70702711e+12 3.39100690e-13
7.32596543e+12 3.39092854e-13
6.96374473e+12 3.39058469e-13
6.61943346e+12 3.39130151e-13
6.29214611e+12 3.39150289e-13
5.98104096e+12 3.39079315e-13
5.68531791e+12 3.39073175e-13
5.40421642e+12 3.39086292e-13
5.13701354e+12 3.39050412e-13
4.88302209e+12 3.39113094e-13
4.64158883e+12 3.39134544e-13
4.41209286e+12 3.39039754e-13
4.19394396e+12 3.39060485e-13
3.98658107e+12 3.39045804e-13
3.78947092e+12 3.39049724e-13
3.60210656e+12 3.39063256e-13
3.42400614e+12 3.39072229e-13
3.25471161e+12 3.39072807e-13
3.09378757e+12 3.38987205e-13
2.94082017e+12 3.39006509e-13
2.79541600e+12 3.39077404e-13
2.65720111e+12 3.39020451e-13
2.52582003e+12 3.39032779e-13
2.40093488e+12 3.39031643e-13
2.28222447e+12 3.39021499e-13
2.16938352e+12 3.39003774e-13
2.06212180e+12 3.39013877e-13
1.96016347e+12 3.38997774e-13
1.86324631e+12 3.38986217e-13
1.77112106e+12 3.38989463e-13
1.68355080e+12 3.39000997e-13
1.60031031e+12 3.39027244e-13
1.52118552e+12 3.38998094e-13
1.44597292e+12 3.38988201e-13
1.37447909e+12 3.38997330e-13
1.30652016e+12 3.39004363e-13
1.24192135e+12 3.38984138e-13
1.18051653e+12 3.38999087e-13
1.12214777e+12 3.39013965e-13
1.06666496e+12 3.38986443e-13
1.01392541e+12 3.38969816e-13
9.63793480e+11 3.38990271e-13
9.16140246e+11 3.38982169e-13
8.70843150e+11 3.38997789e-13
8.27785697e+11 3.39000804e-13
7.86857151e+11 3.38979213e-13
7.47952252e+11 3.38996198e-13
7.10970943e+11 3.38983940e-13
6.75818117e+11 3.38980189e-13
6.42403366e+11 3.38997909e-13
6.10640754e+11 3.39000902e-13
5.80448594e+11 3.38992456e-13
5.51749238e+11 3.38982275e-13
5.24468875e+11 3.38993512e-13
4.98537346e+11 3.38986990e-13
4.73887961e+11 3.38982622e-13
4.50457325e+11 3.38982765e-13
4.28185180e+11 3.38984481e-13
4.07014245e+11 3.38988490e-13
3.86890074e+11 3.38981512e-13
3.67760910e+11 3.38989327e-13
3.49577557e+11 3.38982361e-13
3.32293252e+11 3.38987330e-13
3.15863541e+11 3.38986935e-13
3.00246171e+11 3.38977965e-13
2.85400977e+11 3.38980890e-13
2.71289780e+11 3.38982156e-13
2.57876289e+11 3.38982483e-13
2.45126006e+11 3.38982728e-13
2.33006141e+11 3.38982334e-13
2.21485523e+11 3.38981711e-13
2.10534524e+11 3.38983337e-13
2.00124980e+11 3.38985427e-13
1.90230119e+11 3.38981976e-13
1.80824493e+11 3.38982575e-13
1.71883914e+11 3.38981377e-13
1.63385388e+11 3.38985454e-13
1.55307057e+11 3.38981651e-13
1.47628147e+11 3.38981177e-13
1.40328908e+11 3.38982074e-13
1.33390569e+11 3.38983735e-13
1.26795285e+11 3.38979119e-13
1.20526094e+11 3.38980946e-13
1.14566873e+11 3.38981271e-13
1.08902296e+11 3.38982554e-13
1.03517796e+11 3.38979935e-13
9.83995230e+10 3.38980143e-13
9.35343152e+10 3.38981113e-13
8.89096599e+10 3.38980702e-13
8.45136633e+10 3.38983429e-13
8.03350198e+10 3.38981527e-13
7.63629826e+10 3.38982268e-13
7.25873365e+10 3.38980389e-13
6.89983712e+10 3.38980492e-13
6.55868566e+10 3.38981106e-13
6.23440189e+10 3.38981616e-13
5.92615181e+10 3.38980971e-13
5.63314267e+10 3.38982144e-13
5.35462090e+10 3.38980779e-13
5.08987019e+10 3.38980383e-13
4.83820966e+10 3.38980381e-13
4.59899209e+10 3.38981044e-13
4.37160225e+10 3.38981349e-13
4.15545533e+10 3.38979735e-13
3.94999546e+10 3.38980632e-13
3.75469422e+10 3.38981075e-13
3.56904935e+10 3.38981026e-13
3.39258338e+10 3.38980720e-13
3.22484250e+10 3.38980426e-13
3.06539530e+10 3.38980249e-13
2.91383170e+10 3.38979587e-13
2.76976194e+10 3.38980561e-13
2.63281547e+10 3.38980636e-13
2.50264010e+10 3.38980408e-13
2.37890104e+10 3.38979905e-13
2.26128007e+10 3.38980270e-13
2.14947467e+10 3.38980197e-13
2.04319732e+10 3.38979627e-13
1.94217468e+10 3.38980187e-13
1.84614695e+10 3.38979995e-13
1.75486715e+10 3.38979758e-13
1.66810054e+10 3.38980370e-13
1.58562396e+10 3.38980134e-13
1.50722531e+10 3.38980193e-13
1.43270295e+10 3.38979932e-13
1.36186524e+10 3.38980352e-13
1.29452998e+10 3.38980075e-13
1.23052400e+10 3.38979947e-13
1.16968270e+10 3.38980155e-13
1.11184960e+10 3.38979998e-13
1.05687597e+10 3.38980066e-13
1.00462042e+10 3.38980040e-13
9.54948564e+09 3.38979740e-13
9.07732653e+09 3.38979858e-13
8.62851257e+09 3.38979856e-13
8.20188950e+09 3.38979906e-13
7.79636013e+09 3.38980108e-13
7.41088152e+09 3.38979671e-13
7.04446228e+09 3.38980360e-13
6.69616005e+09 3.38980057e-13
6.36507908e+09 3.38979951e-13
6.05036788e+09 3.38979741e-13
5.75121707e+09 3.38979857e-13
5.46685730e+09 3.38979755e-13
5.19655724e+09 3.38980125e-13
4.93962174e+09 3.38979800e-13
4.69539001e+09 3.38980065e-13
4.46323393e+09 3.38980348e-13
4.24255643e+09 3.38980148e-13
4.03278998e+09 3.38979855e-13
3.83339510e+09 3.38980043e-13
3.64385898e+09 3.38980031e-13
3.46369418e+09 3.38980092e-13
3.29243733e+09 3.38979839e-13
3.12964801e+09 3.38979937e-13
2.97490755e+09 3.38980125e-13
2.82781798e+09 3.38979974e-13
2.68800102e+09 3.38979977e-13
2.55509709e+09 3.38980012e-13
2.42876438e+09 3.38979950e-13
2.30867799e+09 3.38979983e-13
2.19452909e+09 3.38979827e-13
2.08602409e+09 3.38980030e-13
1.98288395e+09 3.38979869e-13
1.88484341e+09 3.38979963e-13
1.79165033e+09 3.38980020e-13
1.70306503e+09 3.38979865e-13
1.61885969e+09 3.38979876e-13
1.53881775e+09 3.38979861e-13
1.46273336e+09 3.38979942e-13
1.39041083e+09 3.38979989e-13
1.32166418e+09 3.38979938e-13
1.25631660e+09 3.38979883e-13
1.19420003e+09 3.38979881e-13
1.13515471e+09 3.38979864e-13
1.07902879e+09 3.38979874e-13
1.02567793e+09 3.38979906e-13
9.74964918e+08 3.38979961e-13
9.26759330e+08 3.38979893e-13
8.80937190e+08 3.38979977e-13
8.37380654e+08 3.38979942e-13
7.95977700e+08 3.38979937e-13
7.56621850e+08 3.38979945e-13
7.19211887e+08 3.38979913e-13
6.83651600e+08 3.38979905e-13
6.49849535e+08 3.38979930e-13
6.17718760e+08 3.38979994e-13
5.87176639e+08 3.38979952e-13
5.58144625e+08 3.38979930e-13
5.30548053e+08 3.38979947e-13
5.04315949e+08 3.38979988e-13
4.79380850e+08 3.38979947e-13
4.55678627e+08 3.38979956e-13
4.33148322e+08 3.38979970e-13
4.11731993e+08 3.38979955e-13
3.91374560e+08 3.38979969e-13
3.72023668e+08 3.38979960e-13
3.53629550e+08 3.38979982e-13
3.36144900e+08 3.38979983e-13
3.19524751e+08 3.38980006e-13
3.03726358e+08 3.38980005e-13
2.88709092e+08 3.38980007e-13
2.74434330e+08 3.38980013e-13
2.60865362e+08 3.38980012e-13
2.47967289e+08 3.38980017e-13
2.35706941e+08 3.38980032e-13
2.24052787e+08 3.38980035e-13
2.12974854e+08 3.38980049e-13
2.02444651e+08 3.38980049e-13
1.92435098e+08 3.38980054e-13
1.82920450e+08 3.38980084e-13
1.73876240e+08 3.38980073e-13
1.65279206e+08 3.38980097e-13
1.57107239e+08 3.38980106e-13
1.49339322e+08 3.38980113e-13
1.41955477e+08 3.38980120e-13
1.34936714e+08 3.38980135e-13
1.28264983e+08 3.38980151e-13
1.21923125e+08 3.38980163e-13
1.15894830e+08 3.38980175e-13
1.10164595e+08 3.38980193e-13
1.04717682e+08 3.38980203e-13
9.95400829e+07 3.38980221e-13
9.46184819e+07 3.38980244e-13
8.99402217e+07 3.38980256e-13
8.54932707e+07 3.38980273e-13
8.12661920e+07 3.38980294e-13
7.72481145e+07 3.38980313e-13
7.34287045e+07 3.38980345e-13
6.97981391e+07 3.38980365e-13
6.63470812e+07 3.38980390e-13
6.30666554e+07 3.38980414e-13
5.99484250e+07 3.38980442e-13
5.69843706e+07 3.38980470e-13
5.41668691e+07 3.38980501e-13
5.14886745e+07 3.38980535e-13
4.89428990e+07 3.38980567e-13
4.65229952e+07 3.38980602e-13
4.42227398e+07 3.38980638e-13
4.20362168e+07 3.38980679e-13
3.99578030e+07 3.38980720e-13
3.79821531e+07 3.38980765e-13
3.61041860e+07 3.38980811e-13
3.43190720e+07 3.38980854e-13
3.26222201e+07 3.38980907e-13
3.10092664e+07 3.38980959e-13
2.94760626e+07 3.38981017e-13
2.80186656e+07 3.38981074e-13
2.66333273e+07 3.38981135e-13
2.53164848e+07 3.38981202e-13
2.40647515e+07 3.38981268e-13
2.28749082e+07 3.38981342e-13
2.17438948e+07 3.38981417e-13
2.06688025e+07 3.38981497e-13
1.96468665e+07 3.38981579e-13
1.86754584e+07 3.38981668e-13
1.77520801e+07 3.38981761e-13
1.68743568e+07 3.38981859e-13
1.60400311e+07 3.38981961e-13
1.52469573e+07 3.38982068e-13
1.44930957e+07 3.38982182e-13
1.37765077e+07 3.38982301e-13
1.30953502e+07 3.38982426e-13
1.24478715e+07 3.38982559e-13
1.18324063e+07 3.38982698e-13
1.12473718e+07 3.38982843e-13
1.06912634e+07 3.38982998e-13
1.01626509e+07 3.38983159e-13
9.66017480e+06 3.38983329e-13
9.18254284e+06 3.38983509e-13
8.72852662e+06 3.38983697e-13
8.29695852e+06 3.38983895e-13
7.88672862e+06 3.38984104e-13
7.49678187e+06 3.38984323e-13
7.12611543e+06 3.38984554e-13
6.77377600e+06 3.38984797e-13
6.43885743e+06 3.38985052e-13
6.12049837e+06 3.38985320e-13
5.81788007e+06 3.38985603e-13
5.53022426e+06 3.38985900e-13
5.25679112e+06 3.38986213e-13
4.99687745e+06 3.38986542e-13
4.74981480e+06 3.38986889e-13
4.51496777e+06 3.38987252e-13
4.29173238e+06 3.38987636e-13
4.07953450e+06 3.38988039e-13
3.87782841e+06 3.38988463e-13
3.68609536e+06 3.38988909e-13
3.50384225e+06 3.38989378e-13
3.33060034e+06 3.38989872e-13
3.16592411e+06 3.38990391e-13
3.00939003e+06 3.38990937e-13
2.86059554e+06 3.38991512e-13
2.71915794e+06 3.38992117e-13
2.58471351e+06 3.38992753e-13
2.45691646e+06 3.38993422e-13
2.33543814e+06 3.38994126e-13
2.21996612e+06 3.38994867e-13
2.11020343e+06 3.38995646e-13
2.00586778e+06 3.38996465e-13
1.90669084e+06 3.38997328e-13
1.81241755e+06 3.38998235e-13
1.72280545e+06 3.38999189e-13
1.63762407e+06 3.39000193e-13
1.55665436e+06 3.39001250e-13
1.47968806e+06 3.39002361e-13
1.40652724e+06 3.39003530e-13
1.33698374e+06 3.39004759e-13
1.27087871e+06 3.39006053e-13
1.20804213e+06 3.39007414e-13
1.14831241e+06 3.39008846e-13
1.09153594e+06 3.39010352e-13
1.03756668e+06 3.39011937e-13
9.86265846e+05 3.39013604e-13
9.37501502e+05 3.39015358e-13
8.91148232e+05 3.39017203e-13
8.47086827e+05 3.39019144e-13
8.05203967e+05 3.39021186e-13
7.65391939e+05 3.39023334e-13
7.27548353e+05 3.39025594e-13
6.91575883e+05 3.39027971e-13
6.57382014e+05 3.39030472e-13
6.24878807e+05 3.39033103e-13
5.93982669e+05 3.39035872e-13
5.64614142e+05 3.39038784e-13
5.36697695e+05 3.39041847e-13
5.10161531e+05 3.39045070e-13
4.84937407e+05 3.39048460e-13
4.60960449e+05 3.39052027e-13
4.38168993e+05 3.39055780e-13
4.16504425e+05 3.39059727e-13
3.95911027e+05 3.39063880e-13
3.76335836e+05 3.39068249e-13
3.57728510e+05 3.39072845e-13
3.40041193e+05 3.39077680e-13
3.23228398e+05 3.39082767e-13
3.07246884e+05 3.39088118e-13
2.92055551e+05 3.39093748e-13
2.77615329e+05 3.39099671e-13
2.63889081e+05 3.39105901e-13
2.50841506e+05 3.39112456e-13
2.38439047e+05 3.39119351e-13
2.26649808e+05 3.39126606e-13
2.15443469e+05 3.39134237e-13
2.04791210e+05 3.39142266e-13
1.94665634e+05 3.39150712e-13
1.85040702e+05 3.39159598e-13
1.75891659e+05 3.39168945e-13
1.67194976e+05 3.39178779e-13
1.58928287e+05 3.39189125e-13
1.51070330e+05 3.39200008e-13
1.43600898e+05 3.39211458e-13
1.36500781e+05 3.39223503e-13
1.29751717e+05 3.39236175e-13
1.23336350e+05 3.39249506e-13
1.17238180e+05 3.39263530e-13
1.11441525e+05 3.39278284e-13
1.05931476e+05 3.39293805e-13
1.00693863e+05 3.39310134e-13
9.57152154e+04 3.39327312e-13
9.09827289e+04 3.39345384e-13
8.64842328e+04 3.39364395e-13
8.22081576e+04 3.39384396e-13
7.81435061e+04 3.39405436e-13
7.42798248e+04 3.39427571e-13
7.06071771e+04 3.39450858e-13
6.71161177e+04 3.39475356e-13
6.37976681e+04 3.39501128e-13
6.06432940e+04 3.39528241e-13
5.76448828e+04 3.39556764e-13
5.47947234e+04 3.39586771e-13
5.20854855e+04 3.39618338e-13
4.95102016e+04 3.39651548e-13
4.70622485e+04 3.39686485e-13
4.47353305e+04 3.39723239e-13
4.25234633e+04 3.39761905e-13
4.04209584e+04 3.39802583e-13
3.84224085e+04 3.39845376e-13
3.65226736e+04 3.39890396e-13
3.47168682e+04 3.39937757e-13
3.30003479e+04 3.39987582e-13
3.13686982e+04 3.40039998e-13
2.98177229e+04 3.40095141e-13
2.83434331e+04 3.40153153e-13
2.69420371e+04 3.40214182e-13
2.56099310e+04 3.40278386e-13
2.43436887e+04 3.40345929e-13
2.31400538e+04 3.40416986e-13
2.19959307e+04 3.40491740e-13
2.09083769e+04 3.40570381e-13
1.98745955e+04 3.40653114e-13
1.88919278e+04 3.40740150e-13
1.79578465e+04 3.40831714e-13
1.70699493e+04 3.40928041e-13
1.62259529e+04 3.41029379e-13
1.54236865e+04 3.41135988e-13
1.46610868e+04 3.41248143e-13
1.39361927e+04 3.41366132e-13
1.32471399e+04 3.41490259e-13
1.25921561e+04 3.41620844e-13
1.19695570e+04 3.41758221e-13
1.13777413e+04 3.41902745e-13
1.08151870e+04 3.42054787e-13
1.02804473e+04 3.42214739e-13
9.77214697e+03 3.42383012e-13
9.28897872e+03 3.42560038e-13
8.82969996e+03 3.42746275e-13
8.39312950e+03 3.42942199e-13
7.97814457e+03 3.43148317e-13
7.58367791e+03 3.43365157e-13
7.20871503e+03 3.43593278e-13
6.85229160e+03 3.43833268e-13
6.51349095e+03 3.44085743e-13
6.19144176e+03 3.44351353e-13
5.88531578e+03 3.44630782e-13
5.59432571e+03 3.44924749e-13
5.31772318e+03 3.45234010e-13
5.05479682e+03 3.45559362e-13
4.80487044e+03 3.45901641e-13
4.56730127e+03 3.46261729e-13
4.34147833e+03 3.46640552e-13
4.12682085e+03 3.47039087e-13
3.92277676e+03 3.47458358e-13
3.72882131e+03 3.47899444e-13
3.54445567e+03 3.48363483e-13
3.36920571e+03 3.48851667e-13
3.20262069e+03 3.49365255e-13
3.04427221e+03 3.49905568e-13
2.89375302e+03 3.50473998e-13
2.75067601e+03 3.51072009e-13
2.61467321e+03 3.51701140e-13
2.48539486e+03 3.52363013e-13
2.36250847e+03 3.53059332e-13
2.24569800e+03 3.53791891e-13
2.13466303e+03 3.54562577e-13
2.02911802e+03 3.55373376e-13
1.92879151e+03 3.56226376e-13
1.83342548e+03 3.57123777e-13
1.74277468e+03 3.58067890e-13
1.65660596e+03 3.59061150e-13
1.57469771e+03 3.60106116e-13
1.49683929e+03 3.61205483e-13
1.42283046e+03 3.62362085e-13
1.35248087e+03 3.63578906e-13
1.28560961e+03 3.64859082e-13
1.22204469e+03 3.66205918e-13
1.16162263e+03 3.67622887e-13
1.10418805e+03 3.69113646e-13
1.04959323e+03 3.70682042e-13
9.97697764e+02 3.72332124e-13
9.48368187e+02 3.74068153e-13
9.01477631e+02 3.75894610e-13
8.56905505e+02 3.77816214e-13
8.14537177e+02 3.79837929e-13
7.74263683e+02 3.81964980e-13
7.35981448e+02 3.84202865e-13
6.99592017e+02 3.86557370e-13
6.65001803e+02 3.89034583e-13
6.32121848e+02 3.91640914e-13
6.00867589e+02 3.94383107e-13
5.71158648e+02 3.97268261e-13
5.42918618e+02 4.00303847e-13
5.16074871e+02 4.03497729e-13
4.90558371e+02 4.06858183e-13
4.66303493e+02 4.10393923e-13
4.43247859e+02 4.14114119e-13
4.21332174e+02 4.18028424e-13
4.00500076e+02 4.22147001e-13
3.80697987e+02 4.26480547e-13
3.61874981e+02 4.31040324e-13
3.43982649e+02 4.35875250e-13
3.26974974e+02 4.40923666e-13
3.10808217e+02 4.46235797e-13
2.95440800e+02 4.51825482e-13
2.80833200e+02 4.57707295e-13
2.66947849e+02 4.63896583e-13
2.53749038e+02 4.70409505e-13
2.41202821e+02 4.77263083e-13
2.29276931e+02 4.84475244e-13
2.17940698e+02 4.92064868e-13
2.07164968e+02 5.00051847e-13
1.96922026e+02 5.08457134e-13
1.87185529e+02 5.17302804e-13
1.77930439e+02 5.26612116e-13
1.69132952e+02 5.36409578e-13
1.60770442e+02 5.46721020e-13
1.52821404e+02 5.57573660e-13
1.45265393e+02 5.68996192e-13
1.38082977e+02 5.81018862e-13
1.31255684e+02 5.93776801e-13
1.24765955e+02 6.07096960e-13
1.18597101e+02 6.21118217e-13
1.12733256e+02 6.35877971e-13
1.07159340e+02 6.51415673e-13
1.01861017e+02 6.67772948e-13
9.68246612e+01 6.84993718e-13
9.20373200e+01 7.03413922e-13
8.74866812e+01 7.22502495e-13
8.31610415e+01 7.42601496e-13
7.90492762e+01 7.63765497e-13
7.51408106e+01 7.86052149e-13
7.14255929e+01 8.09522367e-13
6.78940681e+01 8.34240536e-13
6.45371540e+01 8.60274725e-13
6.13462172e+01 8.87696927e-13
5.83130511e+01 9.16583301e-13
5.54298552e+01 9.47014449e-13
5.26892142e+01 9.79075705e-13
5.00840799e+01 1.01285745e-12
4.76077523e+01 1.04845544e-12
4.52538628e+01 1.08597119e-12
4.30163576e+01 1.12551237e-12
4.08894823e+01 1.16719322e-12
3.88677669e+01 1.21113502e-12
3.69460121e+01 1.25746663e-12
3.51192753e+01 1.30632498e-12
3.33828586e+01 1.35785577e-12
3.17322963e+01 1.41221401e-12
3.01633435e+01 1.46956485e-12
2.86719650e+01 1.52725794e-12
2.72543253e+01 1.59147475e-12
2.59067786e+01 1.65841813e-12
2.46258592e+01 1.72905908e-12
2.34082728e+01 1.80361554e-12
2.22508880e+01 1.88231989e-12
2.11507282e+01 1.96542013e-12
2.01049642e+01 2.05318112e-12
1.91109062e+01 2.14588597e-12
1.81659979e+01 2.24383754e-12
1.72678090e+01 2.34736009e-12
1.64140297e+01 2.45680116e-12
1.56024641e+01 2.57253353e-12
1.48310251e+01 2.69494649e-12
1.40977287e+01 2.82437293e-12
1.34006890e+01 2.96131099e-12
1.27381132e+01 3.10647818e-12
1.21082975e+01 3.26018344e-12
1.15096220e+01 3.42314649e-12
1.09405471e+01 3.59592730e-12
1.03996091e+01 3.77918786e-12
9.88541702e+00 3.97368858e-12
9.39664831e+00 4.17970120e-12
8.93204600e+00 4.39912736e-12
8.49041520e+00 4.63237672e-12
8.07062014e+00 4.88046821e-12
7.67158118e+00 5.14451190e-12
7.29227206e+00 5.42571851e-12
6.93171728e+00 5.72540869e-12
6.58898955e+00 6.04502545e-12
6.26320745e+00 6.38614653e-12
5.95353313e+00 6.75049875e-12
5.65917016e+00 7.13997371e-12
5.37936150e+00 7.55664516e-12
5.11338754e+00 8.00278830e-12
4.86056423e+00 8.48090100e-12
4.62024137e+00 8.99372727e-12
4.39180089e+00 9.54428313e-12
4.17465529e+00 1.01358850e-11
3.96824610e+00 1.07721812e-11
3.77204249e+00 1.14571856e-11
3.58553986e+00 1.21953158e-11
3.40825855e+00 1.29914337e-11
3.23974263e+00 1.38508899e-11
3.07955871e+00 1.47795725e-11
2.92729484e+00 1.57839590e-11
2.78255940e+00 1.68711730e-11
2.64498018e+00 1.80490450e-11
2.51420335e+00 1.93261768e-11
2.38989257e+00 2.07120112e-11
2.27172813e+00 2.22169046e-11
2.15940615e+00 2.38330528e-11
2.05263775e+00 2.56076416e-11
1.95114835e+00 2.75383396e-11
1.85467692e+00 2.96399625e-11
1.76297538e+00 3.19286568e-11
1.67580786e+00 3.44616201e-11
1.59295021e+00 3.71833091e-11
1.51418933e+00 4.01497470e-11
1.43932264e+00 4.33829742e-11
1.36815763e+00 4.69069361e-11
1.30051125e+00 5.07473115e-11
1.23620954e+00 5.49315224e-11
1.17508713e+00 5.94887015e-11
1.11698682e+00 6.44496014e-11
1.06175918e+00 6.98464209e-11
1.00926219e+00 7.57125145e-11
9.59360829e-01 8.20819453e-11
9.11926760e-01 8.89888294e-11
8.66837993e-01 9.64664143e-11
8.23978568e-01 1.04546382e-10
7.83238260e-01 1.13255160e-10
7.44512291e-01 1.22614762e-10
7.07701066e-01 1.32638450e-10
6.72709914e-01 1.43328259e-10
6.39448843e-01 1.54671764e-10
6.07832313e-01 1.66638700e-10
5.77779012e-01 1.79177692e-10
5.49211648e-01 1.92213431e-10
5.22056753e-01 2.05644699e-10
4.96244488e-01 2.19343645e-10
4.71708469e-01 2.33156684e-10
4.48385595e-01 2.46907280e-10
4.26215883e-01 2.60400646e-10
4.05142317e-01 2.73430213e-10
3.85110700e-01 2.85785433e-10
3.66069515e-01 2.97260296e-10
3.47969790e-01 3.07661828e-10
3.30764978e-01 3.16817830e-10
3.14410830e-01 3.24583238e-10
2.98865287e-01 3.30844696e-10
2.84088369e-01 3.35523181e-10
2.70042072e-01 3.38574754e-10
2.56690272e-01 3.39989690e-10
2.43998630e-01 3.39790343e-10
2.31934506e-01 3.38028116e-10
2.20466874e-01 3.34779864e-10
2.09566240e-01 3.30143992e-10
1.99204571e-01 3.24236411e-10
1.89355218e-01 3.17186473e-10
1.79992851e-01 3.09132953e-10
1.71093391e-01 3.00220131e-10
1.62633950e-01 2.90594060e-10
1.54592774e-01 2.80386268e-10
1.46949180e-01 2.69796346e-10
1.39683512e-01 2.58914781e-10
1.32777083e-01 2.47862510e-10
1.26212131e-01 2.36592867e-10
1.19971774e-01 2.25463842e-10
1.14039960e-01 2.14453106e-10
1.08401436e-01 2.03631332e-10
1.03041699e-01 1.93060748e-10
9.79469667e-02 1.82787053e-10
9.31041349e-02 1.72846500e-10
8.85007491e-02 1.63265493e-10
8.41249705e-02 1.49791989e-10
7.99655453e-02 1.41599479e-10
7.60117762e-02 1.36821952e-10
7.22534949e-02 1.28789230e-10
6.86810359e-02 1.21142925e-10
6.52852114e-02 1.13875144e-10
6.20572881e-02 1.06975678e-10
5.89889643e-02 1.00432668e-10
5.60723488e-02 9.42331549e-11
5.32999408e-02 8.83635267e-11
5.06646101e-02 8.28098691e-11
4.81595791e-02 7.75582407e-11
4.57784054e-02 7.25948761e-11
4.35149650e-02 6.79063336e-11
4.13634368e-02 6.34795958e-11
3.93182876e-02 5.93021329e-11
3.73742574e-02 5.53619371e-11
3.55263468e-02 5.16475341e-11
3.37698031e-02 4.81479787e-11
3.21001090e-02 4.48528382e-11
3.05129702e-02 4.17521681e-11
2.90043049e-02 3.88517626e-11
2.75702333e-02 3.61099319e-11
2.62070670e-02 3.35348684e-11
2.49113003e-02 3.11184430e-11
2.36796007e-02 2.88528745e-11
2.25088005e-02 2.67294100e-11
2.13958887e-02 2.47461995e-11
2.03380031e-02 2.28919633e-11
1.93324229e-02 2.11599208e-11
1.83765620e-02 1.95435461e-11
1.74679622e-02 1.80365572e-11
1.66042866e-02 1.66329083e-11
1.57833141e-02 1.53267827e-11
1.50029332e-02 1.41125882e-11
1.42611371e-02 1.29849526e-11
1.35560179e-02 1.19387205e-11
1.28857621e-02 1.09696385e-11
1.22486461e-02 1.00714622e-11
1.16430313e-02 9.24047444e-12
1.10673602e-02 8.47237010e-12
1.05201522e-02 7.76304679e-12
1.00000000e-02 7.10860120e-12
