1.00000000e+20 0.00000000e+00
9.50556592e+19 0.00000000e+00
9.03557835e+19 0.00000000e+00
8.58882856e+19 0.00000000e+00
8.16416760e+19 0.00000000e+00
7.76050334e+19 0.00000000e+00
7.37679760e+19 0.00000000e+00
7.01206359e+19 0.00000000e+00
6.66536327e+19 0.00000000e+00
6.33580499e+19 0.00000000e+00
6.02254120e+19 0.00000000e+00
5.72476624e+19 0.00000000e+00
5.44171429e+19 0.00000000e+00
5.17265739e+19 0.00000000e+00
4.91690358e+19 0.00000000e+00
4.67379511e+19 0.00000000e+00
4.44270675e+19 0.00000000e+00
4.22304419e+19 0.00000000e+00
4.01424249e+19 0.00000000e+00
3.81576466e+19 0.00000000e+00
3.62710025e+19 0.00000000e+00
3.44776405e+19 0.00000000e+00
3.27729485e+19 0.00000000e+00
3.11525422e+19 0.00000000e+00
2.96122544e+19 0.00000000e+00
2.81481236e+19 0.00000000e+00
2.67563844e+19 0.00000000e+00
2.54334576e+19 0.00000000e+00
2.41759408e+19 0.00000000e+00
2.29805999e+19 0.00000000e+00
2.18443607e+19 0.00000000e+00
2.07643011e+19 0.00000000e+00
1.97376433e+19 0.00000000e+00
1.87617469e+19 0.00000000e+00
1.78341022e+19 0.00000000e+00
1.69523234e+19 0.00000000e+00
1.61141428e+19 0.00000000e+00
1.53174046e+19 0.00000000e+00
1.45600600e+19 0.00000000e+00
1.38401610e+19 0.00000000e+00
1.31558562e+19 0.00000000e+00
1.25053859e+19 0.00000000e+00
1.18870770e+19 0.00000000e+00
1.12993394e+19 0.00000000e+00
1.07406615e+19 0.00000000e+00
1.02096066e+19 0.00000000e+00
9.70480888e+18 0.00000000e+00
9.22497005e+18 0.00000000e+00
8.76885609e+18 0.00000000e+00
8.33529397e+18 0.00000000e+00
7.92316862e+18 0.00000000e+00
7.53142017e+18 0.00000000e+00
7.15904109e+18 0.00000000e+00
6.80507370e+18 0.00000000e+00
6.46860766e+18 0.00000000e+00
6.14877765e+18 0.00000000e+00
5.84476113e+18 0.00000000e+00
5.55577622e+18 0.00000000e+00
5.28107971e+18 0.00000000e+00
5.01996513e+18 0.00000000e+00
4.77176095e+18 0.00000000e+00
4.53582883e+18 0.00000000e+00
4.31156199e+18 0.00000000e+00
4.09838367e+18 0.00000000e+00
3.89574562e+18 0.00000000e+00
3.70312668e+18 0.00000000e+00
3.52003147e+18 0.00000000e+00
3.34598912e+18 0.00000000e+00
3.18055202e+18 0.00000000e+00
3.02329468e+18 0.00000000e+00
2.87381269e+18 0.00000000e+00
2.73172160e+18 0.00000000e+00
2.59665597e+18 0.00000000e+00
2.46826845e+18 0.00000000e+00
2.34622885e+18 0.00000000e+00
2.23022330e+18 0.00000000e+00
2.11995346e+18 0.00000000e+00
2.01513573e+18 0.00000000e+00
1.91550056e+18 0.00000000e+00
1.82079168e+18 0.00000000e+00
1.73076553e+18 0.00000000e+00
1.64519059e+18 0.00000000e+00
1.56384676e+18 0.00000000e+00
1.48652484e+18 0.00000000e+00
1.41302599e+18 0.00000000e+00
1.34316117e+18 0.00000000e+00
1.27675070e+18 0.00000000e+00
1.21362380e+18 0.00000000e+00
1.15361810e+18 0.00000000e+00
1.09657929e+18 0.00000000e+00
1.04236067e+18 0.00000000e+00
9.90822810e+17 0.00000000e+00
9.41833153e+17 0.00000000e+00
8.95265713e+17 0.00000000e+00
8.51000725e+17 0.00000000e+00
8.08924349e+17 0.00000000e+00
7.68928372e+17 0.00000000e+00
7.30909933e+17 0.00000000e+00
6.94771255e+17 0.00000000e+00
6.60419396e+17 0.00000000e+00
6.27766011e+17 0.00000000e+00
5.96727120e+17 1.72287808e-58
5.67222897e+17 9.21484778e-57
5.39177464e+17 3.09723748e-55
5.12518693e+17 1.01047974e-53
4.87178022e+17 2.24582642e-52
4.63090280e+17 5.12136395e-51
4.40193519e+17 9.52277830e-50
4.18428851e+17 1.45999961e-48
3.97740302e+17 2.25318552e-47
3.78074666e+17 2.67622205e-46
3.59381366e+17 2.44640480e-45
3.41612327e+17 2.90571834e-44
3.24721849e+17 2.10849812e-43
3.08666494e+17 1.70249450e-42
2.93404971e+17 1.25495501e-41
2.78898029e+17 7.96581572e-41
2.65108360e+17 4.36796759e-40
2.52000499e+17 2.44115558e-39
2.39540736e+17 1.09564442e-38
2.27697026e+17 4.73780481e-38
2.16438909e+17 1.99019159e-37
2.05737431e+17 8.98042391e-37
1.95565072e+17 3.13576199e-36
1.85895668e+17 1.03994655e-35
1.76704353e+17 3.18372286e-35
1.67967487e+17 9.32956363e-35
1.59662602e+17 2.50065638e-34
1.51768339e+17 6.90116918e-34
1.44264395e+17 1.76663729e-33
1.37131472e+17 4.74760555e-33
1.30351224e+17 9.61915820e-33
1.23906216e+17 2.57598728e-32
1.17779870e+17 5.36016058e-32
1.11956432e+17 1.08602604e-31
1.06420924e+17 2.25192403e-31
1.01159111e+17 3.59884824e-31
9.61574600e+16 7.31603692e-31
9.14031075e+16 1.19545271e-30
8.68838264e+16 2.47882517e-30
8.25879939e+16 3.96146383e-30
7.85045620e+16 6.49474527e-30
7.46230289e+16 1.06589234e-29
7.09334120e+16 1.62687873e-29
6.74262224e+16 2.66027819e-29
6.40924402e+16 3.34972555e-29
6.09234915e+16 5.12282351e-29
5.79112265e+16 7.79005348e-29
5.50478981e+16 1.11528089e-28
5.23261424e+16 1.70226147e-28
4.97389596e+16 2.14230146e-28
4.72796959e+16 2.71387536e-28
4.49420266e+16 3.41723597e-28
4.27199397e+16 5.22611897e-28
4.06077203e+16 6.07847570e-28
3.85999362e+16 7.74895849e-28
3.66914238e+16 9.31053774e-28
3.48772747e+16 1.08174632e-27
3.31528234e+16 1.30239364e-27
3.15136348e+16 1.61000088e-27
2.99554933e+16 2.02685231e-27
2.84743917e+16 2.56868618e-27
2.70665207e+16 3.23569105e-27
2.57282597e+16 3.15763919e-27
2.44561668e+16 3.91110082e-27
2.32469706e+16 4.71802734e-27
2.20975611e+16 4.60617085e-27
2.10049824e+16 5.36921052e-27
1.99664245e+16 5.98515258e-27
1.89792164e+16 6.71737038e-27
1.80408193e+16 8.09477521e-27
1.71488197e+16 7.92997853e-27
1.63009236e+16 9.23109538e-27
1.54949504e+16 9.14747605e-27
1.47288272e+16 1.10267170e-26
1.40005838e+16 1.08611100e-26
1.33083472e+16 1.34769682e-26
1.26503372e+16 1.33222524e-26
1.20248614e+16 1.33081376e-26
1.14303113e+16 1.66941554e-26
1.08651577e+16 1.66652920e-26
1.03279473e+16 1.67919699e-26
9.81729841e+15 1.64251387e-26
9.33189772e+15 2.08120974e-26
8.87049689e+15 2.12205495e-26
8.43190929e+15 2.08055313e-26
8.01500696e+15 2.13349517e-26
7.61871770e+15 2.66265716e-26
7.24202233e+15 2.71957350e-26
6.88395207e+15 2.76157505e-26
6.54358602e+15 2.78422433e-26
6.22004883e+15 2.86351722e-26
5.91250841e+15 2.90196786e-26
5.62017385e+15 3.54663682e-26
5.34229330e+15 3.55281514e-26
5.07815211e+15 3.69368761e-26
4.82707097e+15 3.71334812e-26
4.58840413e+15 3.75930931e-26
4.36153779e+15 4.07820840e-26
4.14588850e+15 4.11734398e-26
3.94090164e+15 4.54586215e-26
3.74605003e+15 4.96358924e-26
3.56083255e+15 5.04671097e-26
3.38477286e+15 6.70265128e-26
3.21741815e+15 6.54653193e-26
3.05833803e+15 4.57515601e-26
2.90712338e+15 5.79282391e-26
2.76338529e+15 5.85803914e-26
2.62675410e+15 6.13165521e-26
2.49687843e+15 7.03436572e-26
2.37342425e+15 6.68764719e-26
2.25607407e+15 6.53195846e-26
2.14452608e+15 7.66918851e-26
2.03849340e+15 7.79490190e-26
1.93770334e+15 8.55290246e-26
1.84189668e+15 8.64534251e-26
1.75082703e+15 8.44083658e-26
1.66426018e+15 8.40700478e-26
1.58197348e+15 9.79252384e-26
1.50375532e+15 1.06940477e-25
1.42940453e+15 1.07803072e-25
1.35872990e+15 1.13266674e-25
1.29154967e+15 1.24926847e-25
1.22769105e+15 1.25931598e-25
1.16698982e+15 1.31887927e-25
1.10928986e+15 1.43317771e-25
1.05444279e+15 1.50654628e-25
1.00230755e+15 1.48736971e-25
9.52750047e+14 1.57524362e-25
9.05642838e+14 1.62021580e-25
8.60864770e+14 1.75878407e-25
8.18300682e+14 1.90870535e-25
7.77841107e+14 1.87148458e-25
7.39381992e+14 2.04951868e-25
7.02824426e+14 2.12968461e-25
6.68074392e+14 2.23477466e-25
6.35042517e+14 2.37867578e-25
6.03643851e+14 2.43668027e-25
5.73797641e+14 2.60978017e-25
5.45427131e+14 2.72484688e-25
5.18459354e+14 2.89679189e-25
4.92824957e+14 2.91757733e-25
4.68458012e+14 2.93784386e-25
4.45295851e+14 3.33060429e-25
4.23278907e+14 3.42051676e-25
4.02350555e+14 3.67443344e-25
3.82456972e+14 3.77640418e-25
3.63546996e+14 4.04066312e-25
3.45571994e+14 4.05143700e-25
3.28485737e+14 4.43360487e-25
3.12244282e+14 4.63947431e-25
2.96805861e+14 4.81312401e-25
2.82130768e+14 5.25077416e-25
2.68181261e+14 5.39240377e-25
2.54921465e+14 5.72253464e-25
2.42317279e+14 5.93133187e-25
2.30336287e+14 6.34276663e-25
2.18947676e+14 6.64454725e-25
2.08122157e+14 6.87508198e-25
1.97831888e+14 7.28939063e-25
1.88050406e+14 7.72577885e-25
1.78752553e+14 8.00195424e-25
1.69914417e+14 8.38805209e-25
1.61513269e+14 8.81970886e-25
1.53527503e+14 9.32139532e-25
1.45936580e+14 9.88161600e-25
1.38720978e+14 1.05738179e-24
1.31862140e+14 1.09186714e-24
1.25342427e+14 1.14786044e-24
1.19145070e+14 1.19704542e-24
1.13254132e+14 1.27337099e-24
1.07654461e+14 1.33983096e-24
1.02331658e+14 1.40929348e-24
9.72720319e+13 1.48030023e-24
9.24625712e+13 1.55985065e-24
8.78909065e+13 1.62663207e-24
8.35452806e+13 1.71343470e-24
7.94145172e+13 1.80076409e-24
7.54879928e+13 1.88257711e-24
7.17556092e+13 1.97901685e-24
6.82077673e+13 2.10215333e-24
6.48353429e+13 2.20630601e-24
6.16296626e+13 2.31265670e-24
5.85824820e+13 2.44082136e-24
5.56859644e+13 2.56990201e-24
5.29326606e+13 2.70133312e-24
5.03154895e+13 2.84728184e-24
4.78277202e+13 2.99840489e-24
4.54629547e+13 3.14372844e-24
4.32151113e+13 3.30528292e-24
4.10784089e+13 3.46581783e-24
3.90473524e+13 3.65147133e-24
3.71167182e+13 3.85267923e-24
3.52815412e+13 4.04620882e-24
3.35371015e+13 4.25311014e-24
3.18789129e+13 4.46126399e-24
3.03027108e+13 4.69666971e-24
2.88044415e+13 4.94306802e-24
2.73802518e+13 5.19871666e-24
2.60264788e+13 5.47473789e-24
2.47396410e+13 5.76025000e-24
2.35164288e+13 6.05342405e-24
2.23536965e+13 6.37304328e-24
2.12484535e+13 6.69105089e-24
2.01978576e+13 7.05677297e-24
1.91992067e+13 7.41756807e-24
1.82499324e+13 7.80285113e-24
1.73475936e+13 8.19953681e-24
1.64898694e+13 8.64315224e-24
1.56745541e+13 9.06579309e-24
1.48995507e+13 9.55082575e-24
1.41628662e+13 1.00421224e-23
1.34626058e+13 1.05729768e-23
1.27969687e+13 1.11250507e-23
1.21642429e+13 1.16870748e-23
1.15628013e+13 1.23032613e-23
1.09910970e+13 1.29426999e-23
1.04476597e+13 1.36085665e-23
9.93109181e+12 1.43123387e-23
9.44006479e+12 1.50559418e-23
8.97331581e+12 1.58479813e-23
8.52964450e+12 1.66791173e-23
8.10790981e+12 1.75408712e-23
7.70702711e+12 1.84475792e-23
7.32596543e+12 1.94105615e-23
6.96374473e+12 2.04123671e-23
6.61943346e+12 2.14744838e-23
6.29214611e+12 2.25924118e-23
5.98104096e+12 2.37729662e-23
5.68531791e+12 2.50139037e-23
5.40421642e+12 2.63119437e-23
5.13701354e+12 2.76788304e-23
4.88302209e+12 2.91152203e-23
4.64158883e+12 3.06208443e-23
4.41209286e+12 3.22104253e-23
4.19394396e+12 3.38967206e-23
3.98658107e+12 3.56668281e-23
3.78947092e+12 3.75221406e-23
3.60210656e+12 3.94689780e-23
3.42400614e+12 4.15190158e-23
3.25471161e+12 4.36741327e-23
3.09378757e+12 4.59385384e-23
2.94082017e+12 4.83483622e-23
2.79541600e+12 5.08597031e-23
2.65720111e+12 5.34985532e-23
2.52582003e+12 5.62799368e-23
2.40093488e+12 5.91970979e-23
2.28222447e+12 6.22864472e-23
2.16938352e+12 6.55228788e-23
2.06212180e+12 6.89397762e-23
1.96016347e+12 7.25019302e-23
1.86324631e+12 7.62839239e-23
1.77112106e+12 8.02574891e-23
1.68355080e+12 8.44191676e-23
1.60031031e+12 8.88147166e-23
1.52118552e+12 9.34389149e-23
1.44597292e+12 9.82966077e-23
1.37447909e+12 1.03409368e-22
1.30652016e+12 1.08791570e-22
1.24192135e+12 1.14446074e-22
1.18051653e+12 1.20396198e-22
1.12214777e+12 1.26659635e-22
1.06666496e+12 1.33235916e-22
1.01392541e+12 1.40172340e-22
9.63793480e+11 1.47473816e-22
9.16140246e+11 1.55126885e-22
8.70843150e+11 1.63206204e-22
8.27785697e+11 1.71686341e-22
7.86857151e+11 1.80637607e-22
7.47952252e+11 1.90018272e-22
7.10970943e+11 1.99905676e-22
6.75818117e+11 2.10283908e-22
6.42403366e+11 2.21244824e-22
6.10640754e+11 2.32749837e-22
5.80448594e+11 2.44854626e-22
5.51749238e+11 2.57581261e-22
5.24468875e+11 2.70991641e-22
4.98537346e+11 2.85082410e-22
4.73887961e+11 2.99914822e-22
4.50457325e+11 3.15507466e-22
4.28185180e+11 3.31913337e-22
4.07014245e+11 3.49186225e-22
3.86890074e+11 3.67334139e-22
3.67760910e+11 3.86451842e-22
3.49577557e+11 4.06538716e-22
3.32293252e+11 4.27691729e-22
3.15863541e+11 4.49932821e-22
3.00246171e+11 4.73346668e-22
2.85400977e+11 4.97978343e-22
2.71289780e+11 5.23855897e-22
2.57876289e+11 5.51132820e-22
2.45126006e+11 5.79779162e-22
2.33006141e+11 6.09931245e-22
2.21485523e+11 6.41671812e-22
2.10534524e+11 6.75045604e-22
2.00124980e+11 7.10156164e-22
1.90230119e+11 7.47100115e-22
1.80824493e+11 7.85952895e-22
1.71883914e+11 8.26829041e-22
1.63385388e+11 8.69838762e-22
1.55307057e+11 9.15082279e-22
1.47628147e+11 9.62667796e-22
1.40328908e+11 1.01275273e-21
1.33390569e+11 1.06543869e-21
1.26795285e+11 1.12084959e-21
1.20526094e+11 1.17916217e-21
1.14566873e+11 1.24046799e-21
1.08902296e+11 1.30501508e-21
1.03517796e+11 1.37287405e-21
9.83995230e+10 1.44428630e-21
9.35343152e+10 1.51941848e-21
8.89096599e+10 1.59844849e-21
8.45136633e+10 1.68158533e-21
8.03350198e+10 1.76905684e-21
7.63629826e+10 1.86109261e-21
7.25873365e+10 1.95787769e-21
6.89983712e+10 2.05972726e-21
6.55868566e+10 2.16685498e-21
6.23440189e+10 2.27957378e-21
5.92615181e+10 2.39813587e-21
5.63314267e+10 2.52286816e-21
5.35462090e+10 2.65411110e-21
5.08987019e+10 2.79216033e-21
4.83820966e+10 2.93738604e-21
4.59899209e+10 3.09019782e-21
4.37160225e+10 3.25090990e-21
4.15545533e+10 3.42000727e-21
3.94999546e+10 3.59790929e-21
3.75469422e+10 3.78506618e-21
3.56904935e+10 3.98193496e-21
3.39258338e+10 4.18905673e-21
3.22484250e+10 4.40695428e-21
3.06539530e+10 4.63616887e-21
2.91383170e+10 4.87732420e-21
2.76976194e+10 5.13102483e-21
2.63281547e+10 5.39793675e-21
2.50264010e+10 5.67867956e-21
2.37890104e+10 5.97405948e-21
2.26128007e+10 6.28481081e-21
2.14947467e+10 6.61171772e-21
2.04319732e+10 6.95561959e-21
1.94217468e+10 7.31742115e-21
1.84614695e+10 7.69804458e-21
1.75486715e+10 8.09846380e-21
1.66810054e+10 8.51970173e-21
1.58562396e+10 8.96285209e-21
1.50722531e+10 9.42905743e-21
1.43270295e+10 9.91951603e-21
1.36186524e+10 1.04354820e-20
1.29452998e+10 1.09782793e-20
1.23052400e+10 1.15493098e-20
1.16968270e+10 1.21500466e-20
1.11184960e+10 1.27820398e-20
1.05687597e+10 1.34468993e-20
1.00462042e+10 1.41463378e-20
9.54948564e+09 1.48821686e-20
9.07732653e+09 1.56562595e-20
8.62851257e+09 1.64705937e-20
8.20188950e+09 1.73273393e-20
7.79636013e+09 1.82286497e-20
7.41088152e+09 1.91768200e-20
7.04446228e+09 2.01742986e-20
6.69616005e+09 2.12236799e-20
6.36507908e+09 2.23276062e-20
6.05036788e+09 2.34890028e-20
5.75121707e+09 2.47107559e-20
5.46685730e+09 2.59961189e-20
5.19655724e+09 2.73483194e-20
4.93962174e+09 2.87708026e-20
4.69539001e+09 3.02673619e-20
4.46323393e+09 3.18417212e-20
4.24255643e+09 3.34979561e-20
4.03278998e+09 3.52403795e-20
3.83339510e+09 3.70733911e-20
3.64385898e+09 3.90017730e-20
3.46369418e+09 4.10304732e-20
3.29243733e+09 4.31646996e-20
3.12964801e+09 4.54099036e-20
2.97490755e+09 4.77718933e-20
2.82781798e+09 5.02567860e-20
2.68800102e+09 5.28708738e-20
2.55509709e+09 5.56209892e-20
2.42876438e+09 5.85141255e-20
2.30867799e+09 6.15577562e-20
2.19452909e+09 6.47596948e-20
2.08602409e+09 6.81281614e-20
1.98288395e+09 7.16718715e-20
1.88484341e+09 7.53998640e-20
1.79165033e+09 7.93218334e-20
1.70306503e+09 8.34477629e-20
1.61885969e+09 8.77883262e-20
1.53881775e+09 9.23546267e-20
1.46273336e+09 9.71584848e-20
1.39041083e+09 1.02212237e-19
1.32166418e+09 1.07528797e-19
1.25631660e+09 1.13121937e-19
1.19420003e+09 1.19005995e-19
1.13515471e+09 1.25196139e-19
1.07902879e+09 1.31708199e-19
1.02567793e+09 1.38559050e-19
9.74964918e+08 1.45766235e-19
9.26759330e+08 1.53348313e-19
8.80937190e+08 1.61324746e-19
8.37380654e+08 1.69716108e-19
7.95977700e+08 1.78543925e-19
7.56621850e+08 1.87830914e-19
7.19211887e+08 1.97600953e-19
6.83651600e+08 2.07879231e-19
6.49849535e+08 2.18692129e-19
6.17718760e+08 2.30067458e-19
5.87176639e+08 2.42034443e-19
5.58144625e+08 2.54623907e-19
5.30548053e+08 2.67868238e-19
5.04315949e+08 2.81801432e-19
4.79380850e+08 2.96459436e-19
4.55678627e+08 3.11879842e-19
4.33148322e+08 3.28102308e-19
4.11731993e+08 3.45168643e-19
3.91374560e+08 3.63122682e-19
3.72023668e+08 3.82010579e-19
3.53629550e+08 4.01880909e-19
3.36144900e+08 4.22784868e-19
3.19524751e+08 4.44776106e-19
3.03726358e+08 4.67911179e-19
2.88709092e+08 4.92249714e-19
2.74434330e+08 5.17854203e-19
2.60865362e+08 5.44790495e-19
2.47967289e+08 5.73127901e-19
2.35706941e+08 6.02939261e-19
2.24052787e+08 6.34301264e-19
2.12974854e+08 6.67294565e-19
2.02444651e+08 7.02004071e-19
1.92435098e+08 7.38518953e-19
1.82920450e+08 7.76933176e-19
1.73876240e+08 8.17345542e-19
1.65279206e+08 8.59859921e-19
1.57107239e+08 9.04585696e-19
1.49339322e+08 9.51637936e-19
1.41955477e+08 1.00113762e-18
1.34936714e+08 1.05321198e-18
1.28264983e+08 1.10799504e-18
1.21923125e+08 1.16562767e-18
1.15894830e+08 1.22625805e-18
1.10164595e+08 1.29004210e-18
1.04717682e+08 1.35714395e-18
9.95400829e+07 1.42773607e-18
9.46184819e+07 1.50200006e-18
8.99402217e+07 1.58012694e-18
8.54932707e+07 1.66231757e-18
8.12661920e+07 1.74878341e-18
7.72481145e+07 1.83974676e-18
7.34287045e+07 1.93544155e-18
6.97981391e+07 2.03611401e-18
6.63470812e+07 2.14202290e-18
6.30666554e+07 2.25344070e-18
5.99484250e+07 2.37065388e-18
5.69843706e+07 2.49396396e-18
5.41668691e+07 2.62368808e-18
5.14886745e+07 2.76015977e-18
4.89428990e+07 2.90373008e-18
4.65229952e+07 3.05476823e-18
4.42227398e+07 3.21366269e-18
4.20362168e+07 3.38082201e-18
3.99578030e+07 3.55667619e-18
3.79821531e+07 3.74167748e-18
3.61041860e+07 3.93630167e-18
3.43190720e+07 4.14104926e-18
3.26222201e+07 4.35644683e-18
3.10092664e+07 4.58304839e-18
2.94760626e+07 4.82143665e-18
2.80186656e+07 5.07222471e-18
2.66333273e+07 5.33605759e-18
2.53164848e+07 5.61361380e-18
2.40647515e+07 5.90560718e-18
2.28749082e+07 6.21278861e-18
2.17438948e+07 6.53594813e-18
2.06688025e+07 6.87591693e-18
1.96468665e+07 7.23356928e-18
1.86754584e+07 7.60982496e-18
1.77520801e+07 8.00565165e-18
1.68743568e+07 8.42206735e-18
1.60400311e+07 8.86014306e-18
1.52469573e+07 9.32100533e-18
1.44930957e+07 9.80583947e-18
1.37765077e+07 1.03158924e-17
1.30953502e+07 1.08524758e-17
1.24478715e+07 1.14169697e-17
1.18324063e+07 1.20108259e-17
1.12473718e+07 1.26355716e-17
1.06912634e+07 1.32928137e-17
1.01626509e+07 1.39842423e-17
9.66017480e+06 1.47116357e-17
9.18254284e+06 1.54768647e-17
8.72852662e+06 1.62818972e-17
8.29695852e+06 1.71288037e-17
7.88672862e+06 1.80197622e-17
7.49678187e+06 1.89570641e-17
7.12611543e+06 1.99431200e-17
6.77377600e+06 2.09804658e-17
6.43885743e+06 2.20717694e-17
6.12049837e+06 2.32198374e-17
5.81788007e+06 2.44276224e-17
5.53022426e+06 2.56982306e-17
5.25679112e+06 2.70349298e-17
4.99687745e+06 2.84411576e-17
4.74981480e+06 2.99205308e-17
4.51496777e+06 3.14768539e-17
4.29173238e+06 3.31141295e-17
4.07953450e+06 3.48365684e-17
3.87782841e+06 3.66486003e-17
3.68609536e+06 3.85548855e-17
3.50384225e+06 4.05603265e-17
3.33060034e+06 4.26700810e-17
3.16592411e+06 4.48895749e-17
3.00939003e+06 4.72245163e-17
2.86059554e+06 4.96809102e-17
2.71915794e+06 5.22650741e-17
2.58471351e+06 5.49836538e-17
2.45691646e+06 5.78436411e-17
2.33543814e+06 6.08523912e-17
2.21996612e+06 6.40176423e-17
2.11020343e+06 6.73475347e-17
2.00586778e+06 7.08506322e-17
1.90669084e+06 7.45359442e-17
1.81241755e+06 7.84129486e-17
1.72280545e+06 8.24916164e-17
1.63762407e+06 8.67824371e-17
1.55665436e+06 9.12964459e-17
1.47968806e+06 9.60452520e-17
1.40652724e+06 1.01041068e-16
1.33698374e+06 1.06296743e-16
1.27087871e+06 1.11825794e-16
1.20804213e+06 1.17642439e-16
1.14831241e+06 1.23761639e-16
1.09153594e+06 1.30199130e-16
1.03756668e+06 1.36971470e-16
9.86265846e+05 1.44096074e-16
9.37501502e+05 1.51591267e-16
8.91148232e+05 1.59476324e-16
8.47086827e+05 1.67771524e-16
8.05203967e+05 1.76498202e-16
7.65391939e+05 1.85678800e-16
7.27548353e+05 1.95336930e-16
6.91575883e+05 2.05497430e-16
6.57382014e+05 2.16186432e-16
6.24878807e+05 2.27431425e-16
5.93982669e+05 2.39261330e-16
5.64614142e+05 2.51706571e-16
5.36697695e+05 2.64799155e-16
5.10161531e+05 2.78572754e-16
4.84937407e+05 2.93062791e-16
4.60960449e+05 3.08306532e-16
4.38168993e+05 3.24343182e-16
4.16504425e+05 3.41213983e-16
3.95911027e+05 3.58962325e-16
3.76335836e+05 3.77633852e-16
3.57728510e+05 3.97276587e-16
3.40041193e+05 4.17941045e-16
3.23228398e+05 4.39680372e-16
3.07246884e+05 4.62550479e-16
2.92055551e+05 4.86610184e-16
2.77615329e+05 5.11921363e-16
2.63889081e+05 5.38549114e-16
2.50841506e+05 5.66561918e-16
2.38439047e+05 5.96031821e-16
2.26649808e+05 6.27034613e-16
2.15443469e+05 6.59650030e-16
2.04791210e+05 6.93961952e-16
1.94665634e+05 7.30058626e-16
1.85040702e+05 7.68032885e-16
1.75891659e+05 8.07982395e-16
1.67194976e+05 8.50009899e-16
1.58928287e+05 8.94223486e-16
1.51070330e+05 9.40736867e-16
1.43600898e+05 9.89669668e-16
1.36500781e+05 1.04114774e-15
1.29751717e+05 1.09530347e-15
1.23336350e+05 1.15227614e-15
1.17238180e+05 1.21221229e-15
1.11441525e+05 1.27526606e-15
1.05931476e+05 1.34159961e-15
1.00693863e+05 1.41138354e-15
9.57152154e+04 1.48479734e-15
9.09827289e+04 1.56202982e-15
8.64842328e+04 1.64327961e-15
8.22081576e+04 1.72875566e-15
7.81435061e+04 1.81867783e-15
7.42798248e+04 1.91327739e-15
7.06071771e+04 2.01279762e-15
6.71161177e+04 2.11749450e-15
6.37976681e+04 2.22763728e-15
6.06432940e+04 2.34350927e-15
5.76448828e+04 2.46540845e-15
5.47947234e+04 2.59364836e-15
5.20854855e+04 2.72855883e-15
4.95102016e+04 2.87048682e-15
4.70622485e+04 3.01979738e-15
4.47353305e+04 3.17687453e-15
4.25234633e+04 3.34212227e-15
4.04209584e+04 3.51596561e-15
3.84224085e+04 3.69885167e-15
3.65226736e+04 3.89125085e-15
3.47168682e+04 4.09365798e-15
3.30003479e+04 4.30659368e-15
3.13686982e+04 4.53060561e-15
2.98177229e+04 4.76626994e-15
2.83434331e+04 5.01419283e-15
2.69420371e+04 5.27501194e-15
2.56099310e+04 5.54939812e-15
2.43436887e+04 5.83805712e-15
2.31400538e+04 6.14173140e-15
2.19959307e+04 6.46120207e-15
2.09083769e+04 6.79729083e-15
1.98745955e+04 7.15086217e-15
1.88919278e+04 7.52282554e-15
1.79578465e+04 7.91413770e-15
1.70699493e+04 8.32580520e-15
1.62259529e+04 8.75888694e-15
1.54236865e+04 9.21449693e-15
1.46610868e+04 9.69380713e-15
1.39361927e+04 1.01980505e-14
1.32471399e+04 1.07285241e-14
1.25921561e+04 1.12865925e-14
1.19695570e+04 1.18736912e-14
1.13777413e+04 1.24913307e-14
1.08151870e+04 1.31410996e-14
1.02804473e+04 1.38246696e-14
9.77214697e+03 1.45437991e-14
9.28897872e+03 1.53003382e-14
8.82969996e+03 1.60962332e-14
8.39312950e+03 1.69335315e-14
7.97814457e+03 1.78143874e-14
7.58367791e+03 1.87410670e-14
7.20871503e+03 1.97159545e-14
6.85229160e+03 2.07415581e-14
6.51349095e+03 2.18205166e-14
6.19144176e+03 2.29556061e-14
5.88531578e+03 2.41497473e-14
5.59432571e+03 2.54060126e-14
5.31772318e+03 2.67276348e-14
5.05479682e+03 2.81180145e-14
4.80487044e+03 2.95807297e-14
4.56730127e+03 3.11195444e-14
4.34147833e+03 3.27384187e-14
4.12682085e+03 3.44415189e-14
3.92277676e+03 3.62332280e-14
3.72882131e+03 3.81181574e-14
3.54445567e+03 4.01011585e-14
3.36920571e+03 4.21873356e-14
3.20262069e+03 4.43820583e-14
3.04427221e+03 4.66909764e-14
2.89375302e+03 4.91200335e-14
2.75067601e+03 5.16754831e-14
2.61467321e+03 5.43639042e-14
2.48539486e+03 5.71922186e-14
2.36250847e+03 6.01677088e-14
2.24569800e+03 6.32980367e-14
2.13466303e+03 6.65912633e-14
2.02911802e+03 7.00558698e-14
1.92879151e+03 7.37007793e-14
1.83342548e+03 7.75353801e-14
1.74277468e+03 8.15695498e-14
1.65660596e+03 8.58136811e-14
1.57469771e+03 9.02787082e-14
1.49683929e+03 9.49761359e-14
1.42283046e+03 9.99180688e-14
1.35248087e+03 1.05117243e-13
1.28560961e+03 1.10587059e-13
1.22204469e+03 1.16341615e-13
1.16162263e+03 1.22395749e-13
1.10418805e+03 1.28765068e-13
1.04959323e+03 1.35465999e-13
9.97697764e+02 1.42515822e-13
9.48368187e+02 1.49932723e-13
9.01477631e+02 1.57735836e-13
8.56905505e+02 1.65945296e-13
8.14537177e+02 1.74582289e-13
7.74263683e+02 1.83669109e-13
7.35981448e+02 1.93229216e-13
6.99592017e+02 2.03287297e-13
6.65001803e+02 2.13869330e-13
6.32121848e+02 2.25002653e-13
6.00867589e+02 2.36716036e-13
5.71158648e+02 2.49039753e-13
5.42918618e+02 2.62005668e-13
5.16074871e+02 2.75647311e-13
4.90558371e+02 2.89999974e-13
4.66303493e+02 3.05100798e-13
4.43247859e+02 3.20988873e-13
4.21332174e+02 3.37705343e-13
4.00500076e+02 3.55293513e-13
3.80697987e+02 3.73798965e-13
3.61874981e+02 3.93269677e-13
3.43982649e+02 4.13756152e-13
3.26974974e+02 4.35311556e-13
3.10808217e+02 4.57991854e-13
2.95440800e+02 4.81855964e-13
2.80833200e+02 5.06965913e-13
2.66947849e+02 5.33387008e-13
2.53749038e+02 5.61188004e-13
2.41202821e+02 5.90441302e-13
2.29276931e+02 6.21223133e-13
2.17940698e+02 6.53613775e-13
2.07164968e+02 6.87697769e-13
1.96922026e+02 7.23564150e-13
1.87185529e+02 7.61306693e-13
1.77930439e+02 8.01024172e-13
1.69132952e+02 8.42820637e-13
1.60770442e+02 8.86805700e-13
1.52821404e+02 9.33094845e-13
1.45265393e+02 9.81809755e-13
1.38082977e+02 1.03307865e-12
1.31255684e+02 1.08703667e-12
1.24765955e+02 1.14382624e-12
1.18597101e+02 1.20359750e-12
1.12733256e+02 1.26650872e-12
1.07159340e+02 1.33272680e-12
1.01861017e+02 1.40242773e-12
9.68246612e+01 1.47579715e-12
9.20373200e+01 1.55303085e-12
8.74866812e+01 1.63433544e-12
8.31610415e+01 1.71992894e-12
7.90492762e+01 1.81004147e-12
7.51408106e+01 1.90491595e-12
7.14255929e+01 2.00480894e-12
6.78940681e+01 2.10999138e-12
6.45371540e+01 2.22074955e-12
6.13462172e+01 2.33738600e-12
5.83130511e+01 2.46022056e-12
5.54298552e+01 2.58959144e-12
5.26892142e+01 2.72585643e-12
5.00840799e+01 2.86939415e-12
4.76077523e+01 3.02060547e-12
4.52538628e+01 3.17991494e-12
4.30163576e+01 3.34777241e-12
4.08894823e+01 3.52465483e-12
3.88677669e+01 3.71106806e-12
3.69460121e+01 3.90754897e-12
3.51192753e+01 4.11466766e-12
3.33828586e+01 4.33302994e-12
3.17322963e+01 4.56327991e-12
3.01633435e+01 4.80610295e-12
2.86719650e+01 5.05287792e-12
2.72543253e+01 5.32157741e-12
2.59067786e+01 5.60494562e-12
2.46258592e+01 5.90382972e-12
2.34082728e+01 6.21913149e-12
2.22508880e+01 6.55181159e-12
2.11507282e+01 6.90289409e-12
2.01049642e+01 7.27347159e-12
1.91109062e+01 7.66471073e-12
1.81659979e+01 8.07785831e-12
1.72678090e+01 8.51424796e-12
1.64140297e+01 8.97530757e-12
1.56024641e+01 9.46256746e-12
1.48310251e+01 9.97785313e-12
1.40977287e+01 1.05220801e-11
1.34006890e+01 1.10977540e-11
1.27381132e+01 1.17070592e-11
1.21082975e+01 1.23523388e-11
1.15096220e+01 1.30355543e-11
1.09405471e+01 1.37594827e-11
1.03996091e+01 1.45268414e-11
9.88541702e+00 1.53405758e-11
9.39664831e+00 1.62039501e-11
8.93204600e+00 1.71204718e-11
8.49041520e+00 1.80939712e-11
8.07062014e+00 1.91286074e-11
7.67158118e+00 2.02289129e-11
7.29227206e+00 2.13998336e-11
6.93171728e+00 2.26467675e-11
6.58898955e+00 2.39756170e-11
6.26320745e+00 2.53928417e-11
5.95353313e+00 2.69055188e-11
5.65917016e+00 2.85214107e-11
5.37936150e+00 3.02490394e-11
5.11338754e+00 3.20977694e-11
4.86056423e+00 3.40779006e-11
4.62024137e+00 3.62007706e-11
4.39180089e+00 3.84788685e-11
4.17465529e+00 4.09259613e-11
3.96824610e+00 4.35572339e-11
3.77204249e+00 4.63894438e-11
3.58553986e+00 4.94410926e-11
3.40825855e+00 5.27326152e-11
3.23974263e+00 5.62865883e-11
3.07955871e+00 6.01279609e-11
2.92729484e+00 6.42843067e-11
2.78255940e+00 6.87861029e-11
2.64498018e+00 7.36670347e-11
2.51420335e+00 7.89643297e-11
2.38989257e+00 8.47191230e-11
2.27172813e+00 9.09768562e-11
2.15940615e+00 9.77090598e-11
2.05263775e+00 1.05114751e-10
1.95114835e+00 1.13189014e-10
1.85467692e+00 1.21999285e-10
1.76297538e+00 1.31619900e-10
1.67580786e+00 1.42288261e-10
1.59295021e+00 1.53801756e-10
1.51418933e+00 1.66397202e-10
1.43932264e+00 1.80183197e-10
1.36815763e+00 1.95278856e-10
1.30051125e+00 2.11814667e-10
1.23620954e+00 2.29933384e-10
1.17508713e+00 2.49790941e-10
1.11698682e+00 2.71557394e-10
1.06175918e+00 2.95417865e-10
1.00926219e+00 3.21573478e-10
9.59360829e-01 3.50242270e-10
9.11926760e-01 3.81660049e-10
8.66837993e-01 4.16083132e-10
8.23978568e-01 4.53781562e-10
7.83238260e-01 4.95050350e-10
7.44512291e-01 5.40202878e-10
7.07701066e-01 5.89572638e-10
6.72709914e-01 6.43512978e-10
6.39448843e-01 7.02396471e-10
6.07832313e-01 7.66613829e-10
5.77779012e-01 8.36572283e-10
5.49211648e-01 9.12693351e-10
5.22056753e-01 9.95409903e-10
4.96244488e-01 1.08516245e-09
4.71708469e-01 1.18239458e-09
4.48385595e-01 1.28754741e-09
4.26215883e-01 1.40105315e-09
4.05142317e-01 1.52332747e-09
3.85110700e-01 1.65476091e-09
3.66069515e-01 1.79570906e-09
3.47969790e-01 1.94648160e-09
3.30764978e-01 2.10732999e-09
3.14410830e-01 2.27843378e-09
2.98865287e-01 2.45988512e-09
2.84088369e-01 2.65167121e-09
2.70042072e-01 2.85365404e-09
2.56690272e-01 3.06554686e-09
2.43998630e-01 3.28688664e-09
2.31934506e-01 3.51700204e-09
2.20466874e-01 3.75497672e-09
2.09566240e-01 3.99960862e-09
1.99204571e-01 4.24936674e-09
1.89355218e-01 4.50234866e-09
1.79992851e-01 4.75624327e-09
1.71093391e-01 5.00830512e-09
1.62633950e-01 5.25534809e-09
1.54592774e-01 5.49376639e-09
1.46949180e-01 5.71959002e-09
1.39683512e-01 5.92858404e-09
1.32777083e-01 6.11638332e-09
1.26212131e-01 6.27867174e-09
1.19971774e-01 6.41138653e-09
1.14039960e-01 6.51093546e-09
1.08401436e-01 6.57440590e-09
1.03041699e-01 6.59974428e-09
9.79469667e-02 6.58588603e-09
9.31041349e-02 6.53282204e-09
8.85007491e-02 6.44162539e-09
8.41249705e-02 6.31426977e-09
7.99655453e-02 6.15504357e-09
7.60117762e-02 5.96620407e-09
7.22534949e-02 5.74741533e-09
6.86810359e-02 5.51021927e-09
6.52852114e-02 5.25625134e-09
6.20572881e-02 4.98996101e-09
5.89889643e-02 4.71559533e-09
5.60723488e-02 4.43723663e-09
5.32999408e-02 4.15847353e-09
5.06646101e-02 3.88253430e-09
4.81595791e-02 3.50319282e-09
4.57784054e-02 3.25915595e-09
4.35149650e-02 3.09731496e-09
4.13634368e-02 2.85611529e-09
3.93182876e-02 2.62731083e-09
3.73742574e-02 2.41161282e-09
3.55263468e-02 2.20941061e-09
3.37698031e-02 2.02081508e-09
3.21001090e-02 1.84570291e-09
3.05129702e-02 1.68375999e-09
2.90043049e-02 1.53452262e-09
2.75702333e-02 1.39741529e-09
2.62070670e-02 1.27178432e-09
2.49113003e-02 1.15692697e-09
2.36796007e-02 1.05211591e-09
2.25088005e-02 9.56619080e-10
2.13958887e-02 8.69715364e-10
2.03380031e-02 7.90706477e-10
1.93324229e-02 7.18925493e-10
1.83765620e-02 6.53742603e-10
1.74679622e-02 5.94568579e-10
1.66042866e-02 5.41094441e-10
1.57833141e-02 4.92296233e-10
1.50029332e-02 4.47987560e-10
1.42611371e-02 4.07748356e-10
1.35560179e-02 3.71154308e-10
1.28857621e-02 3.37985618e-10
1.22486461e-02 3.07836997e-10
1.16430313e-02 2.80422575e-10
1.10673602e-02 2.55484294e-10
1.05201522e-02 2.32789406e-10
1.00000000e-02 2.12128090e-10
