1.00000000e-02	1.51069052e-07
1.05201522e-02	1.59826806e-07
1.10673602e-02	1.68529838e-07
1.16430313e-02	1.78128969e-07
1.22486461e-02	1.88213073e-07
1.28857621e-02	1.98703744e-07
1.35560179e-02	2.09603595e-07
1.42611371e-02	2.20751495e-07
1.50029332e-02	2.31791097e-07
1.57833141e-02	2.42349396e-07
1.66042866e-02	2.54777030e-07
1.74679622e-02	2.67533488e-07
1.83765620e-02	2.80451501e-07
1.93324229e-02	2.93165729e-07
2.03380031e-02	3.05522231e-07
2.13958887e-02	3.19026424e-07
2.25088005e-02	3.32785134e-07
2.36796007e-02	3.46962936e-07
2.49113003e-02	3.60652672e-07
2.62070670e-02	3.71537305e-07
2.75702333e-02	3.86126832e-07
2.90043049e-02	4.00214557e-07
3.05129702e-02	4.13100815e-07
3.21001090e-02	4.24683640e-07
3.37698031e-02	4.36782406e-07
3.55263468e-02	4.48183321e-07
3.73742574e-02	4.57683174e-07
3.93182876e-02	4.68738265e-07
4.13634368e-02	4.76843131e-07
4.35149650e-02	4.86412697e-07
4.57784054e-02	4.87573042e-07
4.81595791e-02	4.94171532e-07
5.06646101e-02	5.08301318e-07
5.32999408e-02	5.14229040e-07
5.60723488e-02	5.19875032e-07
5.89889643e-02	5.24859257e-07
6.20572881e-02	5.29930038e-07
6.52852114e-02	5.26503020e-07
6.86810359e-02	5.36685534e-07
7.22534949e-02	5.39224947e-07
7.60117762e-02	5.41039989e-07
7.99655453e-02	5.41433415e-07
8.41249705e-02	5.40604991e-07
8.85007491e-02	5.38545125e-07
9.31041349e-02	5.34865204e-07
9.79469667e-02	5.29629319e-07
1.03041699e-01	5.22386184e-07
1.08401436e-01	5.13440062e-07
1.14039960e-01	5.02687361e-07
1.19971774e-01	4.90204563e-07
1.26212131e-01	4.76115420e-07
1.32777083e-01	4.60587067e-07
1.39683512e-01	4.43822587e-07
1.46949180e-01	4.26048342e-07
1.54592774e-01	4.07500347e-07
1.62633950e-01	3.88413185e-07
1.71093391e-01	3.69012561e-07
1.79992851e-01	3.49506506e-07
1.89355218e-01	3.30081153e-07
1.99204571e-01	3.10898967e-07
2.09566240e-01	2.92097235e-07
2.20466874e-01	2.73789640e-07
2.31934506e-01	2.56065912e-07
2.43998630e-01	2.38997640e-07
2.56690272e-01	2.22637541e-07
2.70042072e-01	2.07022957e-07
2.84088369e-01	1.92177976e-07
2.98865287e-01	1.78115353e-07
3.14410830e-01	1.64838227e-07
3.30764978e-01	1.52341629e-07
3.47969790e-01	1.40613797e-07
3.66069515e-01	1.29637328e-07
3.85110700e-01	1.19390214e-07
4.05142317e-01	1.09846764e-07
4.26215883e-01	1.00978428e-07
4.48385595e-01	9.27545405e-08
4.71708469e-01	8.51429802e-08
4.96244488e-01	7.81107537e-08
5.22056753e-01	7.16245012e-08
5.49211648e-01	6.56509305e-08
5.77779012e-01	6.01571829e-08
6.07832313e-01	5.51111343e-08
6.39448843e-01	5.04816363e-08
6.72709914e-01	4.62387053e-08
7.07701066e-01	4.23536628e-08
7.44512291e-01	3.87992341e-08
7.83238260e-01	3.55496117e-08
8.23978568e-01	3.25804867e-08
8.66837993e-01	2.98690564e-08
9.11926760e-01	2.73938903e-08
9.59360829e-01	2.51353909e-08
1.00926219e+00	2.30749846e-08
1.06175918e+00	2.11956019e-08
1.11698682e+00	1.94814729e-08
1.17508713e+00	1.79180638e-08
1.23620954e+00	1.64920067e-08
1.30051125e+00	1.51910297e-08
1.36815763e+00	1.40038866e-08
1.43932264e+00	1.29202872e-08
1.51418933e+00	1.19308299e-08
1.59295021e+00	1.10269358e-08
1.67580786e+00	1.02007865e-08
1.76297538e+00	9.43578713e-09
1.85467692e+00	8.74529022e-09
1.95114835e+00	8.11324752e-09
2.05263775e+00	7.53413964e-09
2.15940615e+00	7.00303682e-09
2.27172813e+00	6.52024464e-09
2.38989257e+00	6.07157525e-09
2.51420335e+00	5.65900917e-09
2.64498018e+00	5.27929360e-09
2.78255940e+00	4.92943879e-09
2.92729484e+00	4.60679297e-09
3.07955871e+00	4.30894143e-09
3.23974263e+00	4.03369080e-09
3.40825855e+00	3.77906079e-09
3.58553986e+00	3.54325979e-09
3.77204249e+00	3.32466658e-09
3.96824610e+00	3.12181386e-09
4.17465529e+00	2.93338043e-09
4.39180089e+00	2.75814907e-09
4.62024137e+00	2.59503652e-09
4.86056423e+00	2.44305447e-09
5.11338754e+00	2.30130637e-09
5.37936150e+00	2.16897841e-09
5.65917016e+00	2.04533129e-09
5.95353313e+00	1.92969287e-09
6.26320745e+00	1.82145154e-09
6.58898955e+00	1.72005023e-09
6.93171728e+00	1.62498106e-09
7.29227206e+00	1.53578054e-09
7.67158118e+00	1.45202514e-09
8.07062014e+00	1.37332757e-09
8.49041520e+00	1.29932208e-09
8.93204600e+00	1.22970520e-09
9.39664831e+00	1.16416786e-09
9.88541702e+00	1.10243535e-09
1.03996091e+01	1.04425610e-09
1.09405471e+01	9.89376326e-10
1.15096220e+01	9.37624423e-10
1.21082975e+01	8.88784435e-10
1.27381132e+01	8.42657462e-10
1.34006890e+01	7.99109793e-10
1.40977287e+01	7.57967959e-10
1.48310251e+01	7.19074959e-10
1.56024641e+01	6.82251229e-10
1.64140297e+01	6.47427026e-10
1.72678090e+01	6.14480510e-10
1.81659979e+01	5.83300927e-10
1.91109062e+01	5.53782470e-10
2.01049642e+01	5.25829084e-10
2.11507282e+01	4.99349221e-10
2.22508880e+01	4.74269462e-10
2.34082728e+01	4.50504337e-10
2.46258592e+01	4.27979807e-10
2.59067786e+01	4.06627205e-10
2.72543253e+01	3.86387485e-10
2.86719650e+01	3.67194690e-10
3.01633435e+01	3.49577595e-10
3.17322963e+01	3.32234509e-10
3.33828586e+01	3.15770702e-10
3.51192753e+01	3.00192775e-10
3.69460121e+01	2.85399885e-10
3.88677669e+01	2.71367506e-10
4.08894823e+01	2.58055215e-10
4.30163576e+01	2.45424068e-10
4.52538628e+01	2.33438010e-10
4.76077523e+01	2.22062610e-10
5.00840799e+01	2.11266394e-10
5.26892142e+01	2.01018454e-10
5.54298552e+01	1.91289841e-10
5.83130511e+01	1.82053740e-10
6.13462172e+01	1.73285553e-10
6.45371540e+01	1.64959575e-10
6.78940681e+01	1.57053554e-10
7.14255929e+01	1.49545936e-10
7.51408106e+01	1.42416244e-10
7.90492762e+01	1.35645051e-10
8.31610415e+01	1.29213894e-10
8.74866812e+01	1.23105490e-10
9.20373200e+01	1.17303322e-10
9.68246612e+01	1.11791860e-10
1.01861017e+02	1.06556318e-10
1.07159340e+02	1.01582680e-10
1.12733256e+02	9.68576418e-11
1.18597101e+02	9.23686869e-11
1.24765955e+02	8.81038496e-11
1.31255684e+02	8.40518305e-11
1.38082977e+02	8.02019016e-11
1.45265393e+02	7.65438929e-11
1.52821404e+02	7.30681455e-11
1.60770442e+02	6.97654606e-11
1.69132952e+02	6.66272410e-11
1.77930439e+02	6.36451961e-11
1.87185529e+02	6.08115006e-11
1.96922026e+02	5.81187272e-11
2.07164968e+02	5.55598260e-11
2.17940698e+02	5.31281037e-11
2.29276931e+02	5.08172058e-11
2.41202821e+02	4.86210989e-11
2.53749038e+02	4.65340540e-11
2.66947849e+02	4.45506307e-11
2.80833200e+02	4.26655171e-11
2.95440800e+02	4.08740976e-11
3.10808217e+02	3.91715665e-11
3.26974974e+02	3.75534976e-11
3.43982649e+02	3.60156869e-11
3.61874981e+02	3.45541406e-11
3.80697987e+02	3.31650653e-11
4.00500076e+02	3.18448573e-11
4.21332174e+02	3.05900931e-11
4.43247859e+02	2.93975204e-11
4.66303493e+02	2.82640492e-11
4.90558371e+02	2.71867440e-11
5.16074871e+02	2.61628155e-11
5.42918618e+02	2.51896138e-11
5.71158648e+02	2.42646208e-11
6.00867589e+02	2.33854441e-11
6.32121848e+02	2.25498105e-11
6.65001803e+02	2.17555597e-11
6.99592017e+02	2.10006393e-11
7.35981448e+02	2.02830986e-11
7.74263683e+02	1.96010843e-11
8.14537177e+02	1.89528350e-11
8.56905505e+02	1.83366771e-11
9.01477631e+02	1.77510199e-11
9.48368187e+02	1.71943519e-11
9.97697764e+02	1.66652208e-11
1.04959323e+03	1.61622931e-11
1.10418805e+03	1.56842555e-11
1.16162263e+03	1.52298752e-11
1.22204469e+03	1.47979804e-11
1.28560961e+03	1.43874574e-11
1.35248087e+03	1.39972478e-11
1.42283046e+03	1.36263402e-11
1.49683929e+03	1.32737896e-11
1.57469771e+03	1.29386820e-11
1.65660596e+03	1.26201537e-11
1.74277468e+03	1.23173840e-11
1.83342548e+03	1.20295928e-11
1.92879151e+03	1.17560387e-11
2.02911802e+03	1.14959674e-11
2.13466303e+03	1.12488083e-11
2.24569800e+03	1.10138754e-11
2.36250847e+03	1.07905634e-11
2.48539486e+03	1.05782973e-11
2.61467321e+03	1.03765306e-11
2.75067601e+03	1.01847438e-11
2.89375302e+03	1.00024254e-11
3.04427221e+03	9.82914121e-12
3.20262069e+03	9.66442755e-12
3.36920571e+03	9.50786040e-12
3.54445567e+03	9.35903675e-12
3.72882131e+03	9.21757154e-12
3.92277676e+03	9.08310456e-12
4.12682085e+03	8.95528780e-12
4.34147833e+03	8.83379221e-12
4.56730127e+03	8.71830515e-12
4.80487044e+03	8.60852941e-12
5.05479682e+03	8.50418247e-12
5.31772318e+03	8.40499580e-12
5.59432571e+03	8.31071417e-12
5.88531578e+03	8.22109498e-12
6.19144176e+03	8.13590759e-12
6.51349095e+03	8.05493284e-12
6.85229160e+03	7.97796237e-12
7.20871503e+03	7.90479812e-12
7.58367791e+03	7.83524568e-12
7.97814457e+03	7.76913846e-12
8.39312950e+03	7.70630022e-12
8.82969996e+03	7.64656927e-12
9.28897872e+03	7.58979197e-12
9.77214697e+03	7.53582223e-12
1.02804473e+04	7.48452120e-12
1.08151870e+04	7.43575690e-12
1.13777413e+04	7.38940391e-12
1.19695570e+04	7.34534297e-12
1.25921561e+04	7.30346072e-12
1.32471399e+04	7.26364944e-12
1.39361927e+04	7.22580669e-12
1.46610868e+04	7.18983518e-12
1.54236865e+04	7.15564232e-12
1.62259529e+04	7.12314019e-12
1.70699493e+04	7.09224517e-12
1.79578465e+04	7.06287780e-12
1.88919278e+04	7.03496253e-12
1.98745955e+04	7.00842755e-12
2.09083769e+04	6.98320463e-12
2.19959307e+04	6.95922886e-12
2.31400538e+04	6.93643859e-12
2.43436887e+04	6.91477521e-12
2.56099310e+04	6.89418297e-12
2.69420371e+04	6.87460894e-12
2.83434331e+04	6.85600273e-12
2.98177229e+04	6.83831651e-12
3.13686982e+04	6.82150478e-12
3.30003479e+04	6.80552432e-12
3.47168682e+04	6.79033400e-12
3.65226736e+04	6.77589478e-12
3.84224085e+04	6.76216949e-12
4.04209584e+04	6.74912284e-12
4.25234633e+04	6.73672129e-12
4.47353305e+04	6.72493292e-12
4.70622485e+04	6.71372741e-12
4.95102016e+04	6.70307596e-12
5.20854855e+04	6.69295118e-12
5.47947234e+04	6.68332699e-12
5.76448828e+04	6.67417868e-12
6.06432940e+04	6.66548267e-12
6.37976681e+04	6.65721667e-12
6.71161177e+04	6.64935935e-12
7.06071771e+04	6.64189052e-12
7.42798248e+04	6.63479100e-12
7.81435061e+04	6.62804250e-12
8.22081576e+04	6.62162766e-12
8.64842328e+04	6.61553002e-12
9.09827289e+04	6.60973386e-12
9.57152154e+04	6.60422428e-12
1.00693863e+05	6.59898713e-12
1.05931476e+05	6.59400891e-12
1.11441525e+05	6.58927684e-12
1.17238180e+05	6.58477874e-12
1.23336350e+05	6.58050305e-12
1.29751717e+05	6.57643877e-12
1.36500781e+05	6.57257541e-12
1.43600898e+05	6.56890311e-12
1.51070330e+05	6.56541236e-12
1.58928287e+05	6.56209420e-12
1.67194976e+05	6.55894012e-12
1.75891659e+05	6.55594199e-12
1.85040702e+05	6.55309209e-12
1.94665634e+05	6.55038309e-12
2.04791210e+05	6.54780805e-12
2.15443469e+05	6.54536032e-12
2.26649808e+05	6.54303362e-12
2.38439047e+05	6.54082195e-12
2.50841506e+05	6.53871964e-12
2.63889081e+05	6.53672127e-12
2.77615329e+05	6.53482173e-12
2.92055551e+05	6.53301609e-12
3.07246884e+05	6.53129973e-12
3.23228398e+05	6.52966822e-12
3.40041193e+05	6.52811740e-12
3.57728510e+05	6.52664325e-12
3.76335836e+05	6.52524198e-12
3.95911027e+05	6.52391000e-12
4.16504425e+05	6.52264388e-12
4.38168993e+05	6.52144036e-12
4.60960449e+05	6.52029635e-12
4.84937407e+05	6.51920889e-12
5.10161531e+05	6.51817522e-12
5.36697695e+05	6.51719263e-12
5.64614142e+05	6.51625864e-12
5.93982669e+05	6.51537083e-12
6.24878807e+05	6.51452692e-12
6.57382014e+05	6.51372472e-12
6.91575883e+05	6.51296220e-12
7.27548353e+05	6.51223737e-12
7.65391939e+05	6.51154838e-12
8.05203967e+05	6.51089346e-12
8.47086827e+05	6.51027092e-12
8.91148232e+05	6.50967916e-12
9.37501502e+05	6.50911667e-12
9.86265846e+05	6.50858198e-12
1.03756668e+06	6.50807372e-12
1.09153594e+06	6.50759060e-12
1.14831241e+06	6.50713136e-12
1.20804213e+06	6.50669484e-12
1.27087871e+06	6.50627990e-12
1.33698374e+06	6.50588546e-12
1.40652724e+06	6.50551055e-12
1.47968806e+06	6.50515415e-12
1.55665436e+06	6.50481538e-12
1.63762407e+06	6.50449337e-12
1.72280545e+06	6.50418726e-12
1.81241755e+06	6.50389630e-12
1.90669084e+06	6.50361973e-12
2.00586778e+06	6.50335682e-12
2.11020343e+06	6.50310693e-12
2.21996612e+06	6.50286938e-12
2.33543814e+06	6.50264358e-12
2.45691646e+06	6.50242895e-12
2.58471351e+06	6.50222493e-12
2.71915794e+06	6.50203099e-12
2.86059554e+06	6.50184663e-12
3.00939003e+06	6.50167141e-12
3.16592411e+06	6.50150483e-12
3.33060034e+06	6.50134650e-12
3.50384225e+06	6.50119600e-12
3.68609536e+06	6.50105293e-12
3.87782841e+06	6.50091695e-12
4.07953450e+06	6.50078767e-12
4.29173238e+06	6.50066481e-12
4.51496777e+06	6.50054800e-12
4.74981480e+06	6.50043697e-12
4.99687745e+06	6.50033143e-12
5.25679112e+06	6.50023112e-12
5.53022426e+06	6.50013575e-12
5.81788007e+06	6.50004511e-12
6.12049837e+06	6.49995897e-12
6.43885743e+06	6.49987705e-12
6.77377600e+06	6.49979921e-12
7.12611543e+06	6.49972520e-12
7.49678187e+06	6.49965486e-12
7.88672862e+06	6.49958799e-12
8.29695852e+06	6.49952443e-12
8.72852662e+06	6.49946401e-12
9.18254284e+06	6.49940658e-12
9.66017480e+06	6.49935201e-12
1.01626509e+07	6.49930012e-12
1.06912634e+07	6.49925079e-12
1.12473718e+07	6.49920389e-12
1.18324063e+07	6.49915933e-12
1.24478715e+07	6.49911698e-12
1.30953502e+07	6.49907670e-12
1.37765077e+07	6.49903842e-12
1.44930957e+07	6.49900203e-12
1.52469573e+07	6.49896743e-12
1.60400311e+07	6.49893458e-12
1.68743568e+07	6.49890331e-12
1.77520801e+07	6.49887362e-12
1.86754584e+07	6.49884539e-12
1.96468665e+07	6.49881856e-12
2.06688025e+07	6.49879302e-12
2.17438948e+07	6.49876876e-12
2.28749082e+07	6.49874573e-12
2.40647515e+07	6.49872383e-12
2.53164848e+07	6.49870298e-12
2.66333273e+07	6.49868316e-12
2.80186656e+07	6.49866434e-12
2.94760626e+07	6.49864647e-12
3.10092664e+07	6.49862948e-12
3.26222201e+07	6.49861328e-12
3.43190720e+07	6.49859795e-12
3.61041860e+07	6.49858335e-12
3.79821531e+07	6.49856940e-12
3.99578030e+07	6.49855623e-12
4.20362168e+07	6.49854368e-12
4.42227398e+07	6.49853180e-12
4.65229952e+07	6.49852044e-12
4.89428990e+07	6.49850968e-12
5.14886745e+07	6.49849946e-12
5.41668691e+07	6.49848973e-12
5.69843706e+07	6.49848041e-12
5.99484250e+07	6.49847165e-12
6.30666554e+07	6.49846330e-12
6.63470812e+07	6.49845531e-12
6.97981391e+07	6.49844783e-12
7.34287045e+07	6.49844058e-12
7.72481145e+07	6.49843381e-12
8.12661920e+07	6.49842737e-12
8.54932707e+07	6.49842104e-12
8.99402217e+07	6.49841531e-12
9.46184819e+07	6.49840963e-12
9.95400829e+07	6.49840435e-12
1.04717682e+08	6.49839947e-12
1.10164595e+08	6.49839447e-12
1.15894830e+08	6.49839009e-12
1.21923125e+08	6.49838576e-12
1.28264983e+08	6.49838148e-12
1.34936714e+08	6.49837756e-12
1.41955477e+08	6.49837394e-12
1.49339322e+08	6.49837040e-12
1.57107239e+08	6.49836687e-12
1.65279206e+08	6.49836388e-12
1.73876240e+08	6.49836099e-12
1.82920450e+08	6.49835775e-12
1.92435098e+08	6.49835520e-12
2.02444651e+08	6.49835272e-12
2.12974854e+08	6.49835001e-12
2.24052787e+08	6.49834767e-12
2.35706941e+08	6.49834560e-12
2.47967289e+08	6.49834362e-12
2.60865362e+08	6.49834150e-12
2.74434330e+08	6.49833964e-12
2.88709092e+08	6.49833790e-12
3.03726358e+08	6.49833566e-12
3.19524751e+08	6.49833471e-12
3.36144900e+08	6.49833283e-12
3.53629550e+08	6.49833127e-12
3.72023668e+08	6.49833013e-12
3.91374560e+08	6.49832878e-12
4.11731993e+08	6.49832745e-12
4.33148322e+08	6.49832592e-12
4.55678627e+08	6.49832511e-12
4.79380850e+08	6.49832402e-12
5.04315949e+08	6.49832268e-12
5.30548053e+08	6.49832223e-12
5.58144625e+08	6.49832019e-12
5.87176639e+08	6.49831992e-12
6.17718760e+08	6.49831946e-12
6.49849535e+08	6.49831868e-12
6.83651600e+08	6.49831701e-12
7.19211887e+08	6.49831622e-12
7.56621850e+08	6.49831630e-12
7.95977700e+08	6.49831609e-12
8.37380654e+08	6.49831538e-12
8.80937190e+08	6.49831436e-12
9.26759330e+08	6.49831418e-12
9.74964918e+08	6.49831283e-12
1.02567793e+09	6.49831246e-12
1.07902879e+09	6.49831066e-12
1.13515471e+09	6.49831100e-12
1.19420003e+09	6.49831122e-12
1.25631660e+09	6.49831001e-12
1.32166418e+09	6.49830966e-12
1.39041083e+09	6.49831177e-12
1.46273336e+09	6.49831026e-12
1.53881775e+09	6.49830858e-12
1.61885969e+09	6.49830879e-12
1.70306503e+09	6.49830824e-12
1.79165033e+09	6.49830907e-12
1.88484341e+09	6.49830773e-12
1.98288395e+09	6.49830949e-12
2.08602409e+09	6.49830849e-12
2.19452909e+09	6.49831140e-12
2.30867799e+09	6.49830888e-12
2.42876438e+09	6.49830915e-12
2.55509709e+09	6.49830963e-12
2.68800102e+09	6.49830586e-12
2.82781798e+09	6.49830608e-12
2.97490755e+09	6.49830707e-12
3.12964801e+09	6.49830642e-12
3.29243733e+09	6.49830765e-12
3.46369418e+09	6.49830636e-12
3.64385898e+09	6.49830848e-12
3.83339510e+09	6.49830210e-12
4.03278998e+09	6.49831049e-12
4.24255643e+09	6.49830451e-12
4.46323393e+09	6.49831200e-12
4.69539001e+09	6.49831085e-12
4.93962174e+09	6.49830522e-12
5.19655724e+09	6.49831385e-12
5.46685730e+09	6.49830600e-12
5.75121707e+09	6.49830693e-12
6.05036788e+09	6.49831291e-12
6.36507908e+09	6.49830532e-12
6.69616005e+09	6.49830893e-12
7.04446228e+09	6.49831152e-12
7.41088152e+09	6.49831129e-12
7.79636013e+09	6.49830490e-12
8.20188950e+09	6.49830315e-12
8.62851257e+09	6.49829617e-12
9.07732653e+09	6.49830730e-12
9.54948564e+09	6.49830276e-12
1.00462042e+10	6.49831021e-12
1.05687597e+10	6.49830560e-12
1.11184960e+10	6.49830600e-12
1.16968270e+10	6.49831149e-12
1.23052400e+10	6.49830696e-12
1.29452998e+10	6.49830630e-12
1.36186524e+10	6.49831342e-12
1.43270295e+10	6.49831071e-12
1.50722531e+10	6.49831330e-12
1.58562396e+10	6.49831110e-12
1.66810054e+10	6.49830928e-12
1.75486715e+10	6.49830986e-12
1.84614695e+10	6.49831614e-12
1.94217468e+10	6.49832129e-12
2.04319732e+10	6.49830917e-12
2.14947467e+10	6.49831534e-12
2.26128007e+10	6.49830979e-12
2.37890104e+10	6.49830485e-12
2.50264010e+10	6.49831517e-12
2.63281547e+10	6.49831533e-12
2.76976194e+10	6.49831627e-12
2.91383170e+10	6.49832168e-12
3.06539530e+10	6.49832518e-12
3.22484250e+10	6.49831291e-12
3.39258338e+10	6.49831258e-12
3.56904935e+10	6.49832364e-12
3.75469422e+10	6.49832064e-12
3.94999546e+10	6.49831571e-12
4.15545533e+10	6.49833367e-12
4.37160225e+10	6.49832143e-12
4.59899209e+10	6.49831752e-12
4.83820966e+10	6.49833230e-12
5.08987019e+10	6.49833614e-12
5.35462090e+10	6.49833837e-12
5.63314267e+10	6.49833001e-12
5.92615181e+10	6.49833258e-12
6.23440189e+10	6.49834401e-12
6.55868566e+10	6.49833065e-12
6.89983712e+10	6.49831737e-12
7.25873365e+10	6.49832975e-12
7.63629826e+10	6.49833527e-12
8.03350198e+10	6.49836723e-12
8.45136633e+10	6.49833582e-12
8.89096599e+10	6.49836206e-12
9.35343152e+10	6.49835447e-12
9.83995230e+10	6.49836149e-12
1.03517796e+11	6.49838993e-12
1.08902296e+11	6.49832391e-12
1.14566873e+11	6.49831843e-12
1.20526094e+11	6.49836967e-12
1.26795285e+11	6.49835375e-12
1.33390569e+11	6.49836742e-12
1.40328908e+11	6.49837182e-12
1.47628147e+11	6.49835379e-12
1.55307057e+11	6.49839340e-12
1.63385388e+11	6.49840442e-12
1.71883914e+11	6.49840099e-12
1.80824493e+11	6.49836601e-12
1.90230119e+11	6.49837317e-12
2.00124980e+11	6.49834584e-12
2.10534524e+11	6.49835967e-12
2.21485523e+11	6.49839268e-12
2.33006141e+11	6.49848697e-12
2.45126006e+11	6.49833838e-12
2.57876289e+11	6.49833803e-12
2.71289780e+11	6.49842691e-12
2.85400977e+11	6.49840471e-12
3.00246171e+11	6.49846407e-12
3.15863541e+11	6.49846589e-12
3.32293252e+11	6.49840936e-12
3.49577557e+11	6.49846028e-12
3.67760910e+11	6.49845429e-12
3.86890074e+11	6.49839885e-12
4.07014245e+11	6.49841557e-12
4.28185180e+11	6.49859145e-12
4.50457325e+11	6.49857145e-12
4.73887961e+11	6.49864187e-12
4.98537346e+11	6.49851325e-12
5.24468875e+11	6.49853515e-12
5.51749238e+11	6.49850583e-12
5.80448594e+11	6.49854027e-12
6.10640754e+11	6.49865797e-12
6.42403366e+11	6.49895142e-12
6.75818117e+11	6.49861515e-12
7.10970943e+11	6.49864496e-12
7.47952252e+11	6.49850449e-12
7.86857151e+11	6.49855747e-12
8.27785697e+11	6.49880179e-12
8.70843150e+11	6.49873597e-12
9.16140246e+11	6.49852187e-12
9.63793480e+11	6.49864303e-12
1.01392541e+12	6.49877642e-12
1.06666496e+12	6.49896912e-12
1.12214777e+12	6.49882548e-12
1.18051653e+12	6.49879584e-12
1.24192135e+12	6.49859140e-12
1.30652016e+12	6.49933853e-12
1.37447909e+12	6.49839369e-12
1.44597292e+12	6.49952741e-12
1.52118552e+12	6.49839352e-12
1.60031031e+12	6.49857442e-12
1.68355080e+12	6.49974703e-12
1.77112106e+12	6.49955818e-12
1.86324631e+12	6.49915327e-12
1.96016347e+12	6.49895576e-12
2.06212180e+12	6.49935829e-12
2.16938352e+12	6.49960408e-12
2.28222447e+12	6.49942265e-12
2.40093488e+12	6.49922882e-12
2.52582003e+12	6.49950930e-12
2.65720111e+12	6.49954821e-12
2.79541600e+12	6.49893122e-12
2.94082017e+12	6.49955718e-12
3.09378757e+12	6.50022259e-12
3.25471161e+12	6.50122397e-12
3.42400614e+12	6.50057112e-12
3.60210656e+12	6.50017198e-12
3.78947092e+12	6.49917586e-12
3.98658107e+12	6.49983337e-12
4.19394396e+12	6.49954530e-12
4.41209286e+12	6.49977491e-12
4.64158883e+12	6.49969060e-12
4.88302209e+12	6.49977339e-12
5.13701354e+12	6.49904685e-12
5.40421642e+12	6.50064826e-12
5.68531791e+12	6.50125599e-12
5.98104096e+12	6.50049148e-12
6.29214611e+12	6.50041009e-12
6.61943346e+12	6.50032610e-12
6.96374473e+12	6.49989732e-12
7.32596543e+12	6.50277777e-12
7.70702711e+12	6.50051896e-12
8.10790981e+12	6.50074408e-12
8.52964450e+12	6.50306789e-12
8.97331581e+12	6.50459229e-12
9.44006479e+12	6.50069182e-12
9.93109181e+12	6.50097916e-12
1.04476597e+13	6.50297976e-12
1.09910970e+13	6.50142073e-12
1.15628013e+13	6.50730603e-12
1.21642429e+13	6.50028703e-12
1.27969687e+13	6.49984893e-12
1.34626058e+13	6.50468583e-12
1.41628662e+13	6.50435752e-12
1.48995507e+13	6.50157359e-12
1.56745541e+13	6.50773503e-12
1.64898694e+13	6.50947688e-12
1.73475936e+13	6.51204135e-12
1.82499324e+13	6.51022756e-12
1.91992067e+13	6.50613484e-12
2.01978576e+13	6.50238918e-12
2.12484535e+13	6.51133578e-12
2.23536965e+13	6.50706545e-12
2.35164288e+13	6.51155743e-12
2.47396410e+13	6.51518444e-12
2.60264788e+13	6.50624078e-12
2.73802518e+13	6.51251875e-12
2.88044415e+13	6.52021922e-12
3.03027108e+13	6.51445563e-12
3.18789129e+13	6.51286525e-12
3.35371015e+13	6.51076491e-12
3.52815412e+13	6.52486187e-12
3.71167182e+13	6.52860384e-12
3.90473524e+13	6.50843972e-12
4.10784089e+13	6.51779412e-12
4.32151113e+13	6.52494164e-12
4.54629547e+13	6.51819939e-12
4.78277202e+13	6.50654594e-12
5.03154895e+13	6.52685912e-12
5.29326606e+13	6.53050995e-12
5.56859644e+13	6.52378860e-12
5.85824820e+13	6.50454662e-12
6.16296626e+13	6.54235801e-12
6.48353429e+13	6.52220361e-12
6.82077673e+13	6.53354382e-12
7.17556092e+13	6.52838002e-12
7.54879928e+13	6.54639146e-12
7.94145172e+13	6.55087920e-12
8.35452806e+13	6.51311572e-12
8.78909065e+13	6.51041873e-12
9.24625712e+13	6.51347634e-12
9.72720319e+13	6.56009402e-12
1.02331658e+14	6.49561861e-12
1.07654461e+14	6.52228786e-12
1.13254132e+14	6.52390608e-12
1.19145070e+14	6.53454391e-12
1.25342427e+14	6.54069192e-12
1.31862140e+14	6.55770775e-12
1.38720978e+14	6.54776348e-12
1.45936580e+14	6.58582596e-12
1.53527503e+14	6.52102942e-12
1.61513269e+14	6.53888205e-12
1.69914417e+14	6.52513402e-12
1.78752553e+14	6.51261799e-12
1.88050406e+14	6.57882591e-12
1.97831888e+14	6.52335275e-12
2.08122157e+14	6.64064229e-12
2.18947676e+14	6.56952018e-12
2.30336287e+14	6.51160731e-12
2.42317279e+14	6.59270896e-12
2.54921465e+14	6.62767092e-12
2.68181261e+14	6.68227787e-12
2.82130768e+14	6.53908399e-12
2.96805861e+14	6.66312496e-12
3.12244282e+14	6.54888335e-12
3.28485737e+14	6.65635457e-12
3.45571994e+14	6.61910171e-12
3.63546996e+14	6.64862371e-12
3.82456972e+14	6.65741844e-12
4.02350555e+14	6.71171477e-12
4.23278907e+14	6.73634382e-12
4.45295851e+14	6.58797434e-12
4.68458012e+14	6.92036630e-12
4.92824957e+14	6.96985257e-12
5.18459354e+14	7.01033584e-12
5.45427131e+14	6.43706795e-12
5.73797641e+14	6.46810669e-12
6.03643851e+14	6.87900625e-12
6.35042517e+14	6.53715528e-12
6.68074392e+14	6.54943358e-12
7.02824426e+14	6.83243226e-12
7.39381992e+14	6.99808232e-12
7.77841107e+14	7.07519583e-12
8.18300682e+14	7.24963464e-12
8.60864770e+14	7.21433623e-12
9.05642838e+14	6.43771648e-12
9.52750047e+14	6.53741790e-12
1.00230755e+15	6.66191392e-12
1.05444279e+15	6.74850617e-12
1.10928986e+15	6.69283814e-12
1.16698982e+15	6.66674716e-12
1.22769105e+15	6.77716782e-12
1.29154967e+15	6.87199865e-12
1.35872990e+15	6.18130921e-12
1.42940453e+15	6.21897487e-12
1.50375532e+15	6.96616644e-12
1.58197348e+15	7.13120515e-12
1.66426018e+15	7.31421804e-12
1.75082703e+15	7.48687817e-12
1.84189668e+15	6.54736291e-12
1.93770334e+15	6.40939064e-12
2.03849340e+15	6.35207027e-12
2.14452608e+15	6.47197027e-12
2.25607407e+15	6.58360003e-12
2.37342425e+15	6.60896875e-12
2.49687843e+15	6.72398378e-12
2.62675410e+15	5.77834981e-12
2.76338529e+15	5.81587097e-12
2.90712338e+15	5.92823346e-12
3.05833803e+15	6.04959554e-12
3.21741815e+15	6.11992991e-12
3.38477286e+15	5.97431149e-12
3.56083255e+15	6.11380743e-12
3.74605003e+15	6.21884706e-12
3.94090164e+15	6.14604562e-12
4.14588850e+15	5.25501969e-12
4.36153779e+15	5.35253104e-12
4.58840413e+15	5.30585848e-12
4.82707097e+15	5.40368441e-12
5.07815211e+15	5.51013382e-12
5.34229330e+15	5.53602556e-12
5.62017385e+15	5.64899203e-12
5.91250841e+15	4.58856615e-12
6.22004883e+15	4.65145801e-12
6.54358602e+15	4.70478848e-12
6.88395207e+15	4.78627158e-12
7.24202233e+15	4.85886234e-12
7.61871770e+15	4.92604571e-12
8.01500696e+15	3.92142347e-12
8.43190929e+15	3.97101183e-12
8.87049689e+15	4.06944717e-12
9.33189772e+15	4.12873139e-12
9.81729841e+15	3.25909730e-12
1.03279473e+16	3.34112874e-12
1.08651577e+16	3.39952667e-12
1.14303113e+16	3.46691402e-12
1.20248614e+16	2.75709663e-12
1.26503372e+16	2.81128969e-12
1.33083472e+16	2.87435623e-12
1.40005838e+16	2.32289385e-12
1.47288272e+16	2.37687066e-12
1.54949504e+16	1.97409086e-12
1.63009236e+16	2.01702016e-12
1.71488197e+16	1.73549103e-12
1.80408193e+16	1.77805840e-12
1.89792164e+16	1.47880452e-12
1.99664245e+16	1.32185869e-12
2.10049824e+16	1.18803761e-12
2.20975611e+16	1.02077124e-12
2.32469706e+16	1.04655071e-12
2.44561668e+16	8.68446555e-13
2.57282597e+16	7.01741977e-13
2.70665207e+16	7.19599161e-13
2.84743917e+16	5.71441191e-13
2.99554933e+16	4.51046701e-13
3.15136348e+16	3.58373114e-13
3.31528234e+16	2.89878281e-13
3.48772747e+16	2.40817689e-13
3.66914238e+16	2.07292623e-13
3.85999362e+16	1.72521980e-13
4.06077203e+16	1.35337674e-13
4.27199397e+16	1.16362856e-13
4.49420266e+16	7.60875006e-14
4.72796959e+16	6.04269257e-14
4.97389596e+16	4.77004183e-14
5.23261424e+16	3.79025990e-14
5.50478981e+16	2.48328817e-14
5.79112265e+16	1.73453713e-14
6.09234915e+16	1.14065089e-14
6.40924402e+16	7.45851994e-15
6.74262224e+16	5.92339247e-15
7.09334120e+16	3.62241856e-15
7.46230289e+16	2.37332274e-15
7.85045620e+16	1.44612416e-15
8.25879939e+16	8.82062085e-16
8.68838264e+16	5.51936808e-16
9.14031075e+16	2.66180269e-16
9.61574600e+16	1.62899349e-16
1.01159111e+17	8.01321866e-17
1.06420924e+17	5.01414855e-17
1.11956432e+17	2.41815257e-17
1.17779870e+17	1.19349680e-17
1.23906216e+17	5.73570987e-18
1.30351224e+17	2.14180796e-18
1.37131472e+17	1.05710491e-18
1.44264395e+17	3.93360595e-19
1.51768339e+17	1.53661877e-19
1.59662602e+17	5.56797760e-20
1.67967487e+17	2.07732664e-20
1.76704353e+17	7.08889782e-21
1.85895668e+17	2.31555169e-21
1.95565072e+17	6.98210783e-22
2.05737431e+17	1.99958697e-22
2.16438909e+17	4.43137342e-23
2.27697026e+17	1.05492267e-23
2.39540736e+17	2.43956891e-24
2.52000499e+17	5.43549273e-25
2.65108360e+17	9.72574475e-26
2.78898029e+17	1.77367366e-26
2.93404971e+17	2.79429090e-27
3.08666494e+17	3.79078521e-28
3.24721849e+17	4.69479548e-29
3.41612327e+17	6.46989116e-30
3.59381366e+17	5.44718067e-31
3.78074666e+17	5.95889325e-32
3.97740302e+17	5.01695737e-33
4.18428851e+17	3.25084453e-34
4.40193519e+17	2.12034795e-35
4.63090280e+17	1.14032619e-36
4.87178022e+17	5.00057157e-38
5.12518693e+17	2.24994070e-39
5.39177464e+17	6.89632890e-41
5.67222897e+17	2.05178394e-42
5.96727120e+17	3.83617142e-44
6.27766011e+17	0.00000000e+00
6.60419396e+17	0.00000000e+00
6.94771255e+17	0.00000000e+00
7.30909933e+17	0.00000000e+00
7.68928372e+17	0.00000000e+00
8.08924349e+17	0.00000000e+00
8.51000725e+17	0.00000000e+00
8.95265713e+17	0.00000000e+00
9.41833153e+17	0.00000000e+00
9.90822810e+17	0.00000000e+00
1.04236067e+18	0.00000000e+00
1.09657929e+18	0.00000000e+00
1.15361810e+18	0.00000000e+00
1.21362380e+18	0.00000000e+00
1.27675070e+18	0.00000000e+00
1.34316117e+18	0.00000000e+00
1.41302599e+18	0.00000000e+00
1.48652484e+18	0.00000000e+00
1.56384676e+18	0.00000000e+00
1.64519059e+18	0.00000000e+00
1.73076553e+18	0.00000000e+00
1.82079168e+18	0.00000000e+00
1.91550056e+18	0.00000000e+00
2.01513573e+18	0.00000000e+00
2.11995346e+18	0.00000000e+00
2.23022330e+18	0.00000000e+00
2.34622885e+18	0.00000000e+00
2.46826845e+18	0.00000000e+00
2.59665597e+18	0.00000000e+00
2.73172160e+18	0.00000000e+00
2.87381269e+18	0.00000000e+00
3.02329468e+18	0.00000000e+00
3.18055202e+18	0.00000000e+00
3.34598912e+18	0.00000000e+00
3.52003147e+18	0.00000000e+00
3.70312668e+18	0.00000000e+00
3.89574562e+18	0.00000000e+00
4.09838367e+18	0.00000000e+00
4.31156199e+18	0.00000000e+00
4.53582883e+18	0.00000000e+00
4.77176095e+18	0.00000000e+00
5.01996513e+18	0.00000000e+00
5.28107971e+18	0.00000000e+00
5.55577622e+18	0.00000000e+00
5.84476113e+18	0.00000000e+00
6.14877765e+18	0.00000000e+00
6.46860766e+18	0.00000000e+00
6.80507370e+18	0.00000000e+00
7.15904109e+18	0.00000000e+00
7.53142017e+18	0.00000000e+00
7.92316862e+18	0.00000000e+00
8.33529397e+18	0.00000000e+00
8.76885609e+18	0.00000000e+00
9.22497005e+18	0.00000000e+00
9.70480888e+18	0.00000000e+00
1.02096066e+19	0.00000000e+00
1.07406615e+19	0.00000000e+00
1.12993394e+19	0.00000000e+00
1.18870770e+19	0.00000000e+00
1.25053859e+19	0.00000000e+00
1.31558562e+19	0.00000000e+00
1.38401610e+19	0.00000000e+00
1.45600600e+19	0.00000000e+00
1.53174046e+19	0.00000000e+00
1.61141428e+19	0.00000000e+00
1.69523234e+19	0.00000000e+00
1.78341022e+19	0.00000000e+00
1.87617469e+19	0.00000000e+00
1.97376433e+19	0.00000000e+00
2.07643011e+19	0.00000000e+00
2.18443607e+19	0.00000000e+00
2.29805999e+19	0.00000000e+00
2.41759408e+19	0.00000000e+00
2.54334576e+19	0.00000000e+00
2.67563844e+19	0.00000000e+00
2.81481236e+19	0.00000000e+00
2.96122544e+19	0.00000000e+00
3.11525422e+19	0.00000000e+00
3.27729485e+19	0.00000000e+00
3.44776405e+19	0.00000000e+00
3.62710025e+19	0.00000000e+00
3.81576466e+19	0.00000000e+00
4.01424249e+19	0.00000000e+00
4.22304419e+19	0.00000000e+00
4.44270675e+19	0.00000000e+00
4.67379511e+19	0.00000000e+00
4.91690358e+19	0.00000000e+00
5.17265739e+19	0.00000000e+00
5.44171429e+19	0.00000000e+00
5.72476624e+19	0.00000000e+00
6.02254120e+19	0.00000000e+00
6.33580499e+19	0.00000000e+00
6.66536327e+19	0.00000000e+00
7.01206359e+19	0.00000000e+00
7.37679760e+19	0.00000000e+00
7.76050334e+19	0.00000000e+00
8.16416760e+19	0.00000000e+00
8.58882856e+19	0.00000000e+00
9.03557835e+19	0.00000000e+00
9.50556592e+19	0.00000000e+00
1.00000000e+20	0.00000000e+00
