1.00000000e+20 0.00000000e+00
9.50556592e+19 0.00000000e+00
9.03557835e+19 0.00000000e+00
8.58882856e+19 0.00000000e+00
8.16416760e+19 0.00000000e+00
7.76050334e+19 0.00000000e+00
7.37679760e+19 0.00000000e+00
7.01206359e+19 0.00000000e+00
6.66536327e+19 0.00000000e+00
6.33580499e+19 0.00000000e+00
6.02254120e+19 0.00000000e+00
5.72476624e+19 0.00000000e+00
5.44171429e+19 0.00000000e+00
5.17265739e+19 0.00000000e+00
4.91690358e+19 0.00000000e+00
4.67379511e+19 0.00000000e+00
4.44270675e+19 0.00000000e+00
4.22304419e+19 0.00000000e+00
4.01424249e+19 0.00000000e+00
3.81576466e+19 0.00000000e+00
3.62710025e+19 0.00000000e+00
3.44776405e+19 0.00000000e+00
3.27729485e+19 0.00000000e+00
3.11525422e+19 0.00000000e+00
2.96122544e+19 0.00000000e+00
2.81481236e+19 0.00000000e+00
2.67563844e+19 0.00000000e+00
2.54334576e+19 0.00000000e+00
2.41759408e+19 0.00000000e+00
2.29805999e+19 0.00000000e+00
2.18443607e+19 0.00000000e+00
2.07643011e+19 0.00000000e+00
1.97376433e+19 0.00000000e+00
1.87617469e+19 0.00000000e+00
1.78341022e+19 0.00000000e+00
1.69523234e+19 0.00000000e+00
1.61141428e+19 0.00000000e+00
1.53174046e+19 0.00000000e+00
1.45600600e+19 0.00000000e+00
1.38401610e+19 0.00000000e+00
1.31558562e+19 0.00000000e+00
1.25053859e+19 0.00000000e+00
1.18870770e+19 0.00000000e+00
1.12993394e+19 0.00000000e+00
1.07406615e+19 0.00000000e+00
1.02096066e+19 0.00000000e+00
9.70480888e+18 0.00000000e+00
9.22497005e+18 0.00000000e+00
8.76885609e+18 0.00000000e+00
8.33529397e+18 0.00000000e+00
7.92316862e+18 0.00000000e+00
7.53142017e+18 0.00000000e+00
7.15904109e+18 0.00000000e+00
6.80507370e+18 0.00000000e+00
6.46860766e+18 0.00000000e+00
6.14877765e+18 0.00000000e+00
5.84476113e+18 0.00000000e+00
5.55577622e+18 0.00000000e+00
5.28107971e+18 0.00000000e+00
5.01996513e+18 0.00000000e+00
4.77176095e+18 0.00000000e+00
4.53582883e+18 0.00000000e+00
4.31156199e+18 0.00000000e+00
4.09838367e+18 0.00000000e+00
3.89574562e+18 0.00000000e+00
3.70312668e+18 0.00000000e+00
3.52003147e+18 0.00000000e+00
3.34598912e+18 0.00000000e+00
3.18055202e+18 0.00000000e+00
3.02329468e+18 0.00000000e+00
2.87381269e+18 0.00000000e+00
2.73172160e+18 0.00000000e+00
2.59665597e+18 0.00000000e+00
2.46826845e+18 0.00000000e+00
2.34622885e+18 0.00000000e+00
2.23022330e+18 0.00000000e+00
2.11995346e+18 0.00000000e+00
2.01513573e+18 0.00000000e+00
1.91550056e+18 0.00000000e+00
1.82079168e+18 0.00000000e+00
1.73076553e+18 0.00000000e+00
1.64519059e+18 0.00000000e+00
1.56384676e+18 0.00000000e+00
1.48652484e+18 0.00000000e+00
1.41302599e+18 0.00000000e+00
1.34316117e+18 0.00000000e+00
1.27675070e+18 0.00000000e+00
1.21362380e+18 0.00000000e+00
1.15361810e+18 0.00000000e+00
1.09657929e+18 0.00000000e+00
1.04236067e+18 0.00000000e+00
9.90822810e+17 0.00000000e+00
9.41833153e+17 0.00000000e+00
8.95265713e+17 0.00000000e+00
8.51000725e+17 0.00000000e+00
8.08924349e+17 0.00000000e+00
7.68928372e+17 0.00000000e+00
7.30909933e+17 0.00000000e+00
6.94771255e+17 0.00000000e+00
6.60419396e+17 0.00000000e+00
6.27766011e+17 0.00000000e+00
5.96727120e+17 0.00000000e+00
5.67222897e+17 4.92417391e-46
5.39177464e+17 2.40653199e-44
5.12518693e+17 9.99992522e-43
4.87178022e+17 2.82186137e-41
4.63090280e+17 8.07012781e-40
4.40193519e+17 2.04148162e-38
4.18428851e+17 3.57491806e-37
3.97740302e+17 6.00508598e-36
3.78074666e+17 9.68279473e-35
3.59381366e+17 1.15007435e-33
3.41612327e+17 1.36600130e-32
3.24721849e+17 1.36167889e-31
3.08666494e+17 1.14482544e-30
2.93404971e+17 9.99379517e-30
2.78898029e+17 7.56736347e-29
2.65108360e+17 4.14948044e-28
2.52000499e+17 2.64219259e-27
2.39540736e+17 1.32102671e-26
2.27697026e+17 7.36710677e-26
2.16438909e+17 3.18969491e-25
2.05737431e+17 1.43160536e-24
1.95565072e+17 6.19057302e-24
1.85895668e+17 2.10409409e-23
1.76704353e+17 7.16877638e-23
1.67967487e+17 2.43657250e-22
1.59662602e+17 6.72431415e-22
1.51768339e+17 2.22313514e-21
1.44264395e+17 5.73595686e-21
1.37131472e+17 1.53415019e-20
1.30351224e+17 3.93713322e-20
1.23906216e+17 8.79154796e-20
1.17779870e+17 2.25055726e-19
1.11956432e+17 4.44511788e-19
1.06420924e+17 8.33042041e-19
1.01159111e+17 1.95557385e-18
9.61574600e+16 3.19945038e-18
9.14031075e+16 6.65747378e-18
8.68838264e+16 1.09259871e-17
8.25879939e+16 2.15261510e-17
7.85045620e+16 3.52182311e-17
7.46230289e+16 6.42509580e-17
7.09334120e+16 1.00937197e-16
6.74262224e+16 1.44761494e-16
6.40924402e+16 2.31018912e-16
6.09234915e+16 3.77962487e-16
5.79112265e+16 5.78027881e-16
5.50478981e+16 7.66781786e-16
5.23261424e+16 1.05613991e-15
4.97389596e+16 1.51468854e-15
4.72796959e+16 1.87263972e-15
4.49420266e+16 3.06215057e-15
4.27199397e+16 3.85575439e-15
4.06077203e+16 4.77119971e-15
3.85999362e+16 5.74915319e-15
3.66914238e+16 8.25524759e-15
3.48772747e+16 1.05046090e-14
3.31528234e+16 1.22035005e-14
3.15136348e+16 1.46885867e-14
2.99554933e+16 1.81606527e-14
2.84743917e+16 2.28569106e-14
2.70665207e+16 2.89579330e-14
2.57282597e+16 2.82382647e-14
2.44561668e+16 3.55576909e-14
2.32469706e+16 4.40087346e-14
2.20975611e+16 4.29193200e-14
2.10049824e+16 5.17277842e-14
1.99664245e+16 6.01798034e-14
1.89792164e+16 6.69582732e-14
1.80408193e+16 7.48898976e-14
1.71488197e+16 7.90580272e-14
1.63009236e+16 8.79443106e-14
1.54949504e+16 1.02207816e-13
1.47288272e+16 9.98194084e-14
1.40005838e+16 1.20190546e-13
1.33083472e+16 1.17693831e-13
1.26503372e+16 1.45409942e-13
1.20248614e+16 1.42266914e-13
1.14303113e+16 1.39196515e-13
1.08651577e+16 1.74958231e-13
1.03279473e+16 1.71243881e-13
9.81729841e+15 1.67923502e-13
9.33189772e+15 1.65006703e-13
8.87049689e+15 2.09031503e-13
8.43190929e+15 2.05836060e-13
8.01500696e+15 2.00784506e-13
7.61871770e+15 1.98194980e-13
7.24202233e+15 1.95784647e-13
6.88395207e+15 2.42976336e-13
6.54358602e+15 2.39419194e-13
6.22004883e+15 2.35682499e-13
5.91250841e+15 2.32560388e-13
5.62017385e+15 2.31309148e-13
5.34229330e+15 2.80753949e-13
5.07815211e+15 2.77853398e-13
4.82707097e+15 2.71927429e-13
4.58840413e+15 2.71679872e-13
4.36153779e+15 2.66175718e-13
4.14588850e+15 2.67449960e-13
3.94090164e+15 2.61746536e-13
3.74605003e+15 3.07624177e-13
3.56083255e+15 3.11025570e-13
3.38477286e+15 3.04088466e-13
3.21741815e+15 2.98908804e-13
3.05833803e+15 2.94010348e-13
2.90712338e+15 2.99509527e-13
2.76338529e+15 2.95638004e-13
2.62675410e+15 2.89224154e-13
2.49687843e+15 2.86517284e-13
2.37342425e+15 2.94609503e-13
2.25607407e+15 3.28364868e-13
2.14452608e+15 3.26031699e-13
2.03849340e+15 3.21826091e-13
1.93770334e+15 3.15841115e-13
1.84189668e+15 3.09545272e-13
1.75082703e+15 3.24167440e-13
1.66426018e+15 3.17571421e-13
1.58197348e+15 3.69513562e-13
1.50375532e+15 3.60643329e-13
1.42940453e+15 3.52323753e-13
1.35872990e+15 3.43512732e-13
1.29154967e+15 3.44504854e-13
1.22769105e+15 3.36190645e-13
1.16698982e+15 3.28354466e-13
1.10928986e+15 3.28401923e-13
1.05444279e+15 3.27217863e-13
1.00230755e+15 3.30900877e-13
9.52750047e+14 3.27608475e-13
9.05642838e+14 3.21926125e-13
8.60864770e+14 3.15936425e-13
8.18300682e+14 3.59413802e-13
7.77841107e+14 3.50806444e-13
7.39381992e+14 3.53012421e-13
7.02824426e+14 3.49386242e-13
6.68074392e+14 3.40811276e-13
6.35042517e+14 3.41631253e-13
6.03643851e+14 3.33385321e-13
5.73797641e+14 3.16385237e-13
5.45427131e+14 3.14262009e-13
5.18459354e+14 3.17263184e-13
4.92824957e+14 3.36786947e-13
4.68458012e+14 3.16801060e-13
4.45295851e+14 3.21406892e-13
4.23278907e+14 3.26462955e-13
4.02350555e+14 3.29406296e-13
3.82456972e+14 3.25990760e-13
3.63546996e+14 3.23629449e-13
3.45571994e+14 3.31347825e-13
3.28485737e+14 3.24354399e-13
3.12244282e+14 3.23351268e-13
2.96805861e+14 3.19862064e-13
2.82130768e+14 3.22015618e-13
2.68181261e+14 3.18683356e-13
2.54921465e+14 3.25795191e-13
2.42317279e+14 3.23009226e-13
2.30336287e+14 3.23277043e-13
2.18947676e+14 3.18075309e-13
2.08122157e+14 3.20369939e-13
1.97831888e+14 3.16122301e-13
1.88050406e+14 3.15135354e-13
1.78752553e+14 3.20297325e-13
1.69914417e+14 3.17483822e-13
1.61513269e+14 3.17730008e-13
1.53527503e+14 3.18074929e-13
1.45936580e+14 3.17428400e-13
1.38720978e+14 3.16502444e-13
1.31862140e+14 3.18183742e-13
1.25342427e+14 3.17696229e-13
1.19145070e+14 3.18009548e-13
1.13254132e+14 3.15802766e-13
1.07654461e+14 3.16439235e-13
1.02331658e+14 3.14208312e-13
9.72720319e+13 3.17662864e-13
9.24625712e+13 3.16006127e-13
8.78909065e+13 3.17975676e-13
8.35452806e+13 3.18752169e-13
7.94145172e+13 3.16249432e-13
7.54879928e+13 3.16011375e-13
7.17556092e+13 3.16925014e-13
6.82077673e+13 3.16604469e-13
6.48353429e+13 3.16461238e-13
6.16296626e+13 3.16636189e-13
5.85824820e+13 3.16778081e-13
5.56859644e+13 3.16212712e-13
5.29326606e+13 3.16719868e-13
5.03154895e+13 3.16853414e-13
4.78277202e+13 3.16114829e-13
4.54629547e+13 3.16988409e-13
4.32151113e+13 3.16223430e-13
4.10784089e+13 3.16120241e-13
3.90473524e+13 3.16374905e-13
3.71167182e+13 3.15958050e-13
3.52815412e+13 3.15973701e-13
3.35371015e+13 3.15827661e-13
3.18789129e+13 3.15312616e-13
3.03027108e+13 3.15911009e-13
2.88044415e+13 3.16095334e-13
2.73802518e+13 3.15563086e-13
2.60264788e+13 3.15691368e-13
2.47396410e+13 3.15942156e-13
2.35164288e+13 3.16056787e-13
2.23536965e+13 3.15690807e-13
2.12484535e+13 3.16203353e-13
2.01978576e+13 3.15902063e-13
1.91992067e+13 3.15781253e-13
1.82499324e+13 3.15859292e-13
1.73475936e+13 3.15447002e-13
1.64898694e+13 3.15538852e-13
1.56745541e+13 3.15318983e-13
1.48995507e+13 3.15533030e-13
1.41628662e+13 3.15368278e-13
1.34626058e+13 3.15406184e-13
1.27969687e+13 3.15610143e-13
1.21642429e+13 3.15227342e-13
1.15628013e+13 3.15392638e-13
1.09910970e+13 3.15700058e-13
1.04476597e+13 3.15559700e-13
9.93109181e+12 3.15383184e-13
9.44006479e+12 3.15298109e-13
8.97331581e+12 3.15358669e-13
8.52964450e+12 3.15449566e-13
8.10790981e+12 3.15367849e-13
7.70702711e+12 3.15364507e-13
7.32596543e+12 3.15377791e-13
6.96374473e+12 3.15426162e-13
6.61943346e+12 3.15368250e-13
6.29214611e+12 3.15342204e-13
5.98104096e+12 3.15308361e-13
5.68531791e+12 3.15372132e-13
5.40421642e+12 3.15297114e-13
5.13701354e+12 3.15298275e-13
4.88302209e+12 3.15256277e-13
4.64158883e+12 3.15238188e-13
4.41209286e+12 3.15257657e-13
4.19394396e+12 3.15273675e-13
3.98658107e+12 3.15354696e-13
3.78947092e+12 3.15290526e-13
3.60210656e+12 3.15276215e-13
3.42400614e+12 3.15243744e-13
3.25471161e+12 3.15256011e-13
3.09378757e+12 3.15268140e-13
2.94082017e+12 3.15195535e-13
2.79541600e+12 3.15259405e-13
2.65720111e+12 3.15257072e-13
2.52582003e+12 3.15214558e-13
2.40093488e+12 3.15198844e-13
2.28222447e+12 3.15218375e-13
2.16938352e+12 3.15202330e-13
2.06212180e+12 3.15259764e-13
1.96016347e+12 3.15248281e-13
1.86324631e+12 3.15251663e-13
1.77112106e+12 3.15227601e-13
1.68355080e+12 3.15209713e-13
1.60031031e+12 3.15210886e-13
1.52118552e+12 3.15218370e-13
1.44597292e+12 3.15210943e-13
1.37447909e+12 3.15228391e-13
1.30652016e+12 3.15248520e-13
1.24192135e+12 3.15206086e-13
1.18051653e+12 3.15209707e-13
1.12214777e+12 3.15225460e-13
1.06666496e+12 3.15183695e-13
1.01392541e+12 3.15196721e-13
9.63793480e+11 3.15190608e-13
9.16140246e+11 3.15195853e-13
8.70843150e+11 3.15190468e-13
8.27785697e+11 3.15213615e-13
7.86857151e+11 3.15195403e-13
7.47952252e+11 3.15192401e-13
7.10970943e+11 3.15175033e-13
6.75818117e+11 3.15178547e-13
6.42403366e+11 3.15183196e-13
6.10640754e+11 3.15187142e-13
5.80448594e+11 3.15191758e-13
5.51749238e+11 3.15188865e-13
5.24468875e+11 3.15196520e-13
4.98537346e+11 3.15186325e-13
4.73887961e+11 3.15194061e-13
4.50457325e+11 3.15178828e-13
4.28185180e+11 3.15185932e-13
4.07014245e+11 3.15182764e-13
3.86890074e+11 3.15179098e-13
3.67760910e+11 3.15180057e-13
3.49577557e+11 3.15191467e-13
3.32293252e+11 3.15190209e-13
3.15863541e+11 3.15183249e-13
3.00246171e+11 3.15184117e-13
2.85400977e+11 3.15180491e-13
2.71289780e+11 3.15183271e-13
2.57876289e+11 3.15181788e-13
2.45126006e+11 3.15178898e-13
2.33006141e+11 3.15181907e-13
2.21485523e+11 3.15179396e-13
2.10534524e+11 3.15179919e-13
2.00124980e+11 3.15178627e-13
1.90230119e+11 3.15179509e-13
1.80824493e+11 3.15179465e-13
1.71883914e+11 3.15181626e-13
1.63385388e+11 3.15181163e-13
1.55307057e+11 3.15180471e-13
1.47628147e+11 3.15178724e-13
1.40328908e+11 3.15179303e-13
1.33390569e+11 3.15178517e-13
1.26795285e+11 3.15179206e-13
1.20526094e+11 3.15179754e-13
1.14566873e+11 3.15178982e-13
1.08902296e+11 3.15179468e-13
1.03517796e+11 3.15179727e-13
9.83995230e+10 3.15180575e-13
9.35343152e+10 3.15179752e-13
8.89096599e+10 3.15178972e-13
8.45136633e+10 3.15177243e-13
8.03350198e+10 3.15178377e-13
7.63629826e+10 3.15178022e-13
7.25873365e+10 3.15177656e-13
6.89983712e+10 3.15178131e-13
6.55868566e+10 3.15177237e-13
6.23440189e+10 3.15177838e-13
5.92615181e+10 3.15178863e-13
5.63314267e+10 3.15177945e-13
5.35462090e+10 3.15177978e-13
5.08987019e+10 3.15177636e-13
4.83820966e+10 3.15176619e-13
4.59899209e+10 3.15178277e-13
4.37160225e+10 3.15177678e-13
4.15545533e+10 3.15177411e-13
3.94999546e+10 3.15177561e-13
3.75469422e+10 3.15176807e-13
3.56904935e+10 3.15177080e-13
3.39258338e+10 3.15176759e-13
3.22484250e+10 3.15177569e-13
3.06539530e+10 3.15177204e-13
2.91383170e+10 3.15176961e-13
2.76976194e+10 3.15177317e-13
2.63281547e+10 3.15177585e-13
2.50264010e+10 3.15176547e-13
2.37890104e+10 3.15177106e-13
2.26128007e+10 3.15177041e-13
2.14947467e+10 3.15176417e-13
2.04319732e+10 3.15176808e-13
1.94217468e+10 3.15177221e-13
1.84614695e+10 3.15176619e-13
1.75486715e+10 3.15176957e-13
1.66810054e+10 3.15176869e-13
1.58562396e+10 3.15177100e-13
1.50722531e+10 3.15176564e-13
1.43270295e+10 3.15176631e-13
1.36186524e+10 3.15176599e-13
1.29452998e+10 3.15176739e-13
1.23052400e+10 3.15176716e-13
1.16968270e+10 3.15176411e-13
1.11184960e+10 3.15176746e-13
1.05687597e+10 3.15176750e-13
1.00462042e+10 3.15176696e-13
9.54948564e+09 3.15176531e-13
9.07732653e+09 3.15177018e-13
8.62851257e+09 3.15176451e-13
8.20188950e+09 3.15176441e-13
7.79636013e+09 3.15176703e-13
7.41088152e+09 3.15176600e-13
7.04446228e+09 3.15177071e-13
6.69616005e+09 3.15176292e-13
6.36507908e+09 3.15176549e-13
6.05036788e+09 3.15176463e-13
5.75121707e+09 3.15176423e-13
5.46685730e+09 3.15176197e-13
5.19655724e+09 3.15176637e-13
4.93962174e+09 3.15176256e-13
4.69539001e+09 3.15176356e-13
4.46323393e+09 3.15176916e-13
4.24255643e+09 3.15176562e-13
4.03278998e+09 3.15176469e-13
3.83339510e+09 3.15176504e-13
3.64385898e+09 3.15176578e-13
3.46369418e+09 3.15176362e-13
3.29243733e+09 3.15176615e-13
3.12964801e+09 3.15176351e-13
2.97490755e+09 3.15176566e-13
2.82781798e+09 3.15176602e-13
2.68800102e+09 3.15176394e-13
2.55509709e+09 3.15176492e-13
2.42876438e+09 3.15176492e-13
2.30867799e+09 3.15176484e-13
2.19452909e+09 3.15176501e-13
2.08602409e+09 3.15176355e-13
1.98288395e+09 3.15176413e-13
1.88484341e+09 3.15176376e-13
1.79165033e+09 3.15176364e-13
1.70306503e+09 3.15176393e-13
1.61885969e+09 3.15176386e-13
1.53881775e+09 3.15176475e-13
1.46273336e+09 3.15176446e-13
1.39041083e+09 3.15176474e-13
1.32166418e+09 3.15176501e-13
1.25631660e+09 3.15176440e-13
1.19420003e+09 3.15176438e-13
1.13515471e+09 3.15176465e-13
1.07902879e+09 3.15176491e-13
1.02567793e+09 3.15176430e-13
9.74964918e+08 3.15176441e-13
9.26759330e+08 3.15176398e-13
8.80937190e+08 3.15176414e-13
8.37380654e+08 3.15176452e-13
7.95977700e+08 3.15176466e-13
7.56621850e+08 3.15176452e-13
7.19211887e+08 3.15176428e-13
6.83651600e+08 3.15176427e-13
6.49849535e+08 3.15176441e-13
6.17718760e+08 3.15176420e-13
5.87176639e+08 3.15176454e-13
5.58144625e+08 3.15176466e-13
5.30548053e+08 3.15176416e-13
5.04315949e+08 3.15176416e-13
4.79380850e+08 3.15176437e-13
4.55678627e+08 3.15176457e-13
4.33148322e+08 3.15176418e-13
4.11731993e+08 3.15176442e-13
3.91374560e+08 3.15176457e-13
3.72023668e+08 3.15176435e-13
3.53629550e+08 3.15176443e-13
3.36144900e+08 3.15176446e-13
3.19524751e+08 3.15176437e-13
3.03726358e+08 3.15176465e-13
2.88709092e+08 3.15176446e-13
2.74434330e+08 3.15176458e-13
2.60865362e+08 3.15176462e-13
2.47967289e+08 3.15176466e-13
2.35706941e+08 3.15176457e-13
2.24052787e+08 3.15176469e-13
2.12974854e+08 3.15176479e-13
2.02444651e+08 3.15176472e-13
1.92435098e+08 3.15176474e-13
1.82920450e+08 3.15176482e-13
1.73876240e+08 3.15176493e-13
1.65279206e+08 3.15176491e-13
1.57107239e+08 3.15176496e-13
1.49339322e+08 3.15176495e-13
1.41955477e+08 3.15176513e-13
1.34936714e+08 3.15176504e-13
1.28264983e+08 3.15176520e-13
1.21923125e+08 3.15176529e-13
1.15894830e+08 3.15176541e-13
1.10164595e+08 3.15176543e-13
1.04717682e+08 3.15176550e-13
9.95400829e+07 3.15176563e-13
9.46184819e+07 3.15176567e-13
8.99402217e+07 3.15176573e-13
8.54932707e+07 3.15176584e-13
8.12661920e+07 3.15176597e-13
7.72481145e+07 3.15176609e-13
7.34287045e+07 3.15176617e-13
6.97981391e+07 3.15176633e-13
6.63470812e+07 3.15176644e-13
6.30666554e+07 3.15176659e-13
5.99484250e+07 3.15176670e-13
5.69843706e+07 3.15176685e-13
5.41668691e+07 3.15176700e-13
5.14886745e+07 3.15176721e-13
4.89428990e+07 3.15176735e-13
4.65229952e+07 3.15176753e-13
4.42227398e+07 3.15176774e-13
4.20362168e+07 3.15176792e-13
3.99578030e+07 3.15176814e-13
3.79821531e+07 3.15176839e-13
3.61041860e+07 3.15176858e-13
3.43190720e+07 3.15176884e-13
3.26222201e+07 3.15176909e-13
3.10092664e+07 3.15176936e-13
2.94760626e+07 3.15176965e-13
2.80186656e+07 3.15176995e-13
2.66333273e+07 3.15177027e-13
2.53164848e+07 3.15177059e-13
2.40647515e+07 3.15177096e-13
2.28749082e+07 3.15177131e-13
2.17438948e+07 3.15177171e-13
2.06688025e+07 3.15177212e-13
1.96468665e+07 3.15177255e-13
1.86754584e+07 3.15177300e-13
1.77520801e+07 3.15177348e-13
1.68743568e+07 3.15177397e-13
1.60400311e+07 3.15177450e-13
1.52469573e+07 3.15177505e-13
1.44930957e+07 3.15177563e-13
1.37765077e+07 3.15177625e-13
1.30953502e+07 3.15177689e-13
1.24478715e+07 3.15177756e-13
1.18324063e+07 3.15177828e-13
1.12473718e+07 3.15177902e-13
1.06912634e+07 3.15177982e-13
1.01626509e+07 3.15178065e-13
9.66017480e+06 3.15178152e-13
9.18254284e+06 3.15178243e-13
8.72852662e+06 3.15178340e-13
8.29695852e+06 3.15178442e-13
7.88672862e+06 3.15178548e-13
7.49678187e+06 3.15178661e-13
7.12611543e+06 3.15178779e-13
6.77377600e+06 3.15178903e-13
6.43885743e+06 3.15179034e-13
6.12049837e+06 3.15179172e-13
5.81788007e+06 3.15179317e-13
5.53022426e+06 3.15179470e-13
5.25679112e+06 3.15179630e-13
4.99687745e+06 3.15179798e-13
4.74981480e+06 3.15179976e-13
4.51496777e+06 3.15180163e-13
4.29173238e+06 3.15180359e-13
4.07953450e+06 3.15180566e-13
3.87782841e+06 3.15180783e-13
3.68609536e+06 3.15181012e-13
3.50384225e+06 3.15181252e-13
3.33060034e+06 3.15181506e-13
3.16592411e+06 3.15181772e-13
3.00939003e+06 3.15182052e-13
2.86059554e+06 3.15182347e-13
2.71915794e+06 3.15182657e-13
2.58471351e+06 3.15182983e-13
2.45691646e+06 3.15183326e-13
2.33543814e+06 3.15183687e-13
2.21996612e+06 3.15184067e-13
2.11020343e+06 3.15184466e-13
2.00586778e+06 3.15184886e-13
1.90669084e+06 3.15185329e-13
1.81241755e+06 3.15185794e-13
1.72280545e+06 3.15186283e-13
1.63762407e+06 3.15186798e-13
1.55665436e+06 3.15187340e-13
1.47968806e+06 3.15187909e-13
1.40652724e+06 3.15188509e-13
1.33698374e+06 3.15189139e-13
1.27087871e+06 3.15189803e-13
1.20804213e+06 3.15190500e-13
1.14831241e+06 3.15191235e-13
1.09153594e+06 3.15192007e-13
1.03756668e+06 3.15192819e-13
9.86265846e+05 3.15193674e-13
9.37501502e+05 3.15194573e-13
8.91148232e+05 3.15195519e-13
8.47086827e+05 3.15196515e-13
8.05203967e+05 3.15197562e-13
7.65391939e+05 3.15198663e-13
7.27548353e+05 3.15199822e-13
6.91575883e+05 3.15201041e-13
6.57382014e+05 3.15202323e-13
6.24878807e+05 3.15203672e-13
5.93982669e+05 3.15205091e-13
5.64614142e+05 3.15206585e-13
5.36697695e+05 3.15208155e-13
5.10161531e+05 3.15209808e-13
4.84937407e+05 3.15211546e-13
4.60960449e+05 3.15213375e-13
4.38168993e+05 3.15215299e-13
4.16504425e+05 3.15217323e-13
3.95911027e+05 3.15219452e-13
3.76335836e+05 3.15221692e-13
3.57728510e+05 3.15224049e-13
3.40041193e+05 3.15226528e-13
3.23228398e+05 3.15229136e-13
3.07246884e+05 3.15231880e-13
2.92055551e+05 3.15234767e-13
2.77615329e+05 3.15237803e-13
2.63889081e+05 3.15240998e-13
2.50841506e+05 3.15244359e-13
2.38439047e+05 3.15247895e-13
2.26649808e+05 3.15251614e-13
2.15443469e+05 3.15255527e-13
2.04791210e+05 3.15259644e-13
1.94665634e+05 3.15263974e-13
1.85040702e+05 3.15268530e-13
1.75891659e+05 3.15273323e-13
1.67194976e+05 3.15278365e-13
1.58928287e+05 3.15283670e-13
1.51070330e+05 3.15289250e-13
1.43600898e+05 3.15295121e-13
1.36500781e+05 3.15301297e-13
1.29751717e+05 3.15307794e-13
1.23336350e+05 3.15314629e-13
1.17238180e+05 3.15321820e-13
1.11441525e+05 3.15329385e-13
1.05931476e+05 3.15337343e-13
1.00693863e+05 3.15345716e-13
9.57152154e+04 3.15354523e-13
9.09827289e+04 3.15363789e-13
8.64842328e+04 3.15373537e-13
8.22081576e+04 3.15383792e-13
7.81435061e+04 3.15394581e-13
7.42798248e+04 3.15405930e-13
7.06071771e+04 3.15417870e-13
6.71161177e+04 3.15430431e-13
6.37976681e+04 3.15443645e-13
6.06432940e+04 3.15457547e-13
5.76448828e+04 3.15472172e-13
5.47947234e+04 3.15487557e-13
5.20854855e+04 3.15503743e-13
4.95102016e+04 3.15520771e-13
4.70622485e+04 3.15538685e-13
4.47353305e+04 3.15557530e-13
4.25234633e+04 3.15577356e-13
4.04209584e+04 3.15598213e-13
3.84224085e+04 3.15620154e-13
3.65226736e+04 3.15643238e-13
3.47168682e+04 3.15667522e-13
3.30003479e+04 3.15693069e-13
3.13686982e+04 3.15719945e-13
2.98177229e+04 3.15748219e-13
2.83434331e+04 3.15777964e-13
2.69420371e+04 3.15809256e-13
2.56099310e+04 3.15842176e-13
2.43436887e+04 3.15876808e-13
2.31400538e+04 3.15913242e-13
2.19959307e+04 3.15951571e-13
2.09083769e+04 3.15991894e-13
1.98745955e+04 3.16034314e-13
1.88919278e+04 3.16078942e-13
1.79578465e+04 3.16125890e-13
1.70699493e+04 3.16175281e-13
1.62259529e+04 3.16227242e-13
1.54236865e+04 3.16281905e-13
1.46610868e+04 3.16339412e-13
1.39361927e+04 3.16399911e-13
1.32471399e+04 3.16463556e-13
1.25921561e+04 3.16530513e-13
1.19695570e+04 3.16600953e-13
1.13777413e+04 3.16675057e-13
1.08151870e+04 3.16753017e-13
1.02804473e+04 3.16835032e-13
9.77214697e+03 3.16921314e-13
9.28897872e+03 3.17012085e-13
8.82969996e+03 3.17107578e-13
8.39312950e+03 3.17208039e-13
7.97814457e+03 3.17313726e-13
7.58367791e+03 3.17424913e-13
7.20871503e+03 3.17541883e-13
6.85229160e+03 3.17664940e-13
6.51349095e+03 3.17794398e-13
6.19144176e+03 3.17930593e-13
5.88531578e+03 3.18073873e-13
5.59432571e+03 3.18224608e-13
5.31772318e+03 3.18383186e-13
5.05479682e+03 3.18550015e-13
4.80487044e+03 3.18725525e-13
4.56730127e+03 3.18910167e-13
4.34147833e+03 3.19104416e-13
4.12682085e+03 3.19308774e-13
3.92277676e+03 3.19523765e-13
3.72882131e+03 3.19749944e-13
3.54445567e+03 3.19987893e-13
3.36920571e+03 3.20238225e-13
3.20262069e+03 3.20501584e-13
3.04427221e+03 3.20778649e-13
2.89375302e+03 3.21070133e-13
2.75067601e+03 3.21376788e-13
2.61467321e+03 3.21699404e-13
2.48539486e+03 3.22038810e-13
2.36250847e+03 3.22395883e-13
2.24569800e+03 3.22771543e-13
2.13466303e+03 3.23166756e-13
2.02911802e+03 3.23582543e-13
1.92879151e+03 3.24019975e-13
1.83342548e+03 3.24480180e-13
1.74277468e+03 3.24964344e-13
1.65660596e+03 3.25473716e-13
1.57469771e+03 3.26009610e-13
1.49683929e+03 3.26573408e-13
1.42283046e+03 3.27166565e-13
1.35248087e+03 3.27790612e-13
1.28560961e+03 3.28447158e-13
1.22204469e+03 3.29137899e-13
1.16162263e+03 3.29864619e-13
1.10418805e+03 3.30629193e-13
1.04959323e+03 3.31433597e-13
9.97697764e+02 3.32279909e-13
9.48368187e+02 3.33170317e-13
9.01477631e+02 3.34107121e-13
8.56905505e+02 3.35092743e-13
8.14537177e+02 3.36129734e-13
7.74263683e+02 3.37220775e-13
7.35981448e+02 3.38368690e-13
6.99592017e+02 3.39576450e-13
6.65001803e+02 3.40847184e-13
6.32121848e+02 3.42184183e-13
6.00867589e+02 3.43590911e-13
5.71158648e+02 3.45071016e-13
5.42918618e+02 3.46628337e-13
5.16074871e+02 3.48266915e-13
4.90558371e+02 3.49991003e-13
4.66303493e+02 3.51805079e-13
4.43247859e+02 3.53713859e-13
4.21332174e+02 3.55722304e-13
4.00500076e+02 3.57835641e-13
3.80697987e+02 3.60059371e-13
3.61874981e+02 3.62399286e-13
3.43982649e+02 3.64861487e-13
3.26974974e+02 3.67452396e-13
3.10808217e+02 3.70178778e-13
2.95440800e+02 3.73047755e-13
2.80833200e+02 3.76066831e-13
2.66947849e+02 3.79243907e-13
2.53749038e+02 3.82587306e-13
2.41202821e+02 3.86105798e-13
2.29276931e+02 3.89808617e-13
2.17940698e+02 3.93705497e-13
2.07164968e+02 3.97806692e-13
1.96922026e+02 4.02157199e-13
1.87185529e+02 4.06699984e-13
1.77930439e+02 4.11481273e-13
1.69132952e+02 4.16513718e-13
1.60770442e+02 4.21810652e-13
1.52821404e+02 4.27386135e-13
1.45265393e+02 4.33254990e-13
1.38082977e+02 4.39432851e-13
1.31255684e+02 4.45936205e-13
1.24765955e+02 4.52782446e-13
1.18597101e+02 4.59989922e-13
1.12733256e+02 4.67577998e-13
1.07159340e+02 4.75567108e-13
1.01861017e+02 4.83978824e-13
9.68246612e+01 4.92835920e-13
9.20373200e+01 5.02162448e-13
8.74866812e+01 5.11983810e-13
8.31610415e+01 5.22326847e-13
7.90492762e+01 5.33219920e-13
7.51408106e+01 5.44787124e-13
7.14255929e+01 5.56871671e-13
6.78940681e+01 5.69601452e-13
6.45371540e+01 5.83011941e-13
6.13462172e+01 5.97140681e-13
5.83130511e+01 6.12027423e-13
5.54298552e+01 6.27714267e-13
5.26892142e+01 6.44507623e-13
5.00840799e+01 6.61930044e-13
4.76077523e+01 6.80294564e-13
4.52538628e+01 6.99654390e-13
4.30163576e+01 7.20066011e-13
4.08894823e+01 7.41589421e-13
3.88677669e+01 7.64288384e-13
3.69460121e+01 7.88230705e-13
3.51192753e+01 8.13488535e-13
3.33828586e+01 8.40138699e-13
3.17322963e+01 8.68263060e-13
3.01633435e+01 8.97948913e-13
2.86719650e+01 9.27572829e-13
2.72543253e+01 9.60424437e-13
2.59067786e+01 9.95101067e-13
2.46258592e+01 1.03171123e-12
2.34082728e+01 1.07037069e-12
2.22508880e+01 1.11120311e-12
2.11507282e+01 1.15434059e-12
2.01049642e+01 1.20059838e-12
1.91109062e+01 1.24877241e-12
1.81659979e+01 1.29970578e-12
1.72678090e+01 1.35357225e-12
1.64140297e+01 1.41055836e-12
1.56024641e+01 1.47086448e-12
1.48310251e+01 1.53469788e-12
1.40977287e+01 1.60223655e-12
1.34006890e+01 1.67375707e-12
1.27381132e+01 1.74964536e-12
1.21082975e+01 1.83006770e-12
1.15096220e+01 1.91541432e-12
1.09405471e+01 2.00599006e-12
1.03996091e+01 2.10215566e-12
9.88541702e+00 2.20432592e-12
9.39664831e+00 2.31292845e-12
8.93204600e+00 2.42843491e-12
8.49041520e+00 2.55136109e-12
8.07062014e+00 2.68226690e-12
7.67158118e+00 2.82131140e-12
7.29227206e+00 2.97008488e-12
6.93171728e+00 3.12884901e-12
6.58898955e+00 3.29840376e-12
6.26320745e+00 3.47962577e-12
5.95353313e+00 3.67347680e-12
5.65917016e+00 3.88101297e-12
5.37936150e+00 4.10339519e-12
5.11338754e+00 4.34190067e-12
4.86056423e+00 4.59793579e-12
4.62024137e+00 4.87305044e-12
4.39180089e+00 5.16895401e-12
4.17465529e+00 5.48753307e-12
3.96824610e+00 5.83087119e-12
3.77204249e+00 6.20127088e-12
3.58553986e+00 6.60127803e-12
3.40825855e+00 7.03370900e-12
3.23974263e+00 7.50168080e-12
3.07955871e+00 8.00864452e-12
2.92729484e+00 8.55842242e-12
2.78255940e+00 9.15524917e-12
2.64498018e+00 9.80381738e-12
2.51420335e+00 1.05093283e-11
2.38989257e+00 1.12775476e-11
2.27172813e+00 1.21066657e-11
2.15940615e+00 1.30184700e-11
2.05263775e+00 1.40141864e-11
1.95114835e+00 1.51025331e-11
1.85467692e+00 1.62931801e-11
1.76297538e+00 1.76148779e-11
1.67580786e+00 1.90457367e-11
1.59295021e+00 2.06148212e-11
1.51418933e+00 2.23366930e-11
1.43932264e+00 2.42275334e-11
1.36815763e+00 2.63052766e-11
1.30051125e+00 2.85897966e-11
1.23620954e+00 3.11031148e-11
1.17508713e+00 3.38696283e-11
1.11698682e+00 3.69163637e-11
1.06175918e+00 4.02732556e-11
1.00926219e+00 4.39734563e-11
9.59360829e-01 4.80536766e-11
9.11926760e-01 5.25545630e-11
8.66837993e-01 5.75212967e-11
8.23978568e-01 6.30033758e-11
7.83238260e-01 6.90560787e-11
7.44512291e-01 7.57404240e-11
7.07701066e-01 8.31239346e-11
6.72709914e-01 9.12813230e-11
6.39448843e-01 1.00295248e-10
6.07832313e-01 1.10257152e-10
5.77779012e-01 1.21268182e-10
5.49211648e-01 1.33440207e-10
5.22056753e-01 1.46896944e-10
4.96244488e-01 1.61775198e-10
4.71708469e-01 1.78226223e-10
4.48385595e-01 1.96417234e-10
4.26215883e-01 2.16533060e-10
4.05142317e-01 2.38777975e-10
3.85110700e-01 2.63377707e-10
3.66069515e-01 2.90581647e-10
3.47969790e-01 3.20665278e-10
3.30764978e-01 3.53932847e-10
3.14410830e-01 3.90720286e-10
2.98865287e-01 4.31398424e-10
2.84088369e-01 4.76376501e-10
2.70042072e-01 5.26106007e-10
2.56690272e-01 5.81084880e-10
2.43998630e-01 6.41862080e-10
2.31934506e-01 7.09042576e-10
2.20466874e-01 7.83292753e-10
2.09566240e-01 8.65346285e-10
1.99204571e-01 9.56010484e-10
1.89355218e-01 1.05617315e-09
1.79992851e-01 1.16680994e-09
1.71093391e-01 1.28899227e-09
1.62633950e-01 1.42389571e-09
1.54592774e-01 1.57280899e-09
1.46949180e-01 1.73714344e-09
1.39683512e-01 1.91844292e-09
1.32777083e-01 2.11839423e-09
1.26212131e-01 2.33883779e-09
1.19971774e-01 2.58177867e-09
1.14039960e-01 2.84939763e-09
1.08401436e-01 3.14406218e-09
1.03041699e-01 3.46833732e-09
9.79469667e-02 3.82499570e-09
9.31041349e-02 4.21702678e-09
8.85007491e-02 4.64764453e-09
8.41249705e-02 5.12029297e-09
7.99655453e-02 5.63864847e-09
7.60117762e-02 6.20661750e-09
7.22534949e-02 6.82832795e-09
6.86810359e-02 7.50811098e-09
6.52852114e-02 8.25046992e-09
6.20572881e-02 9.06003104e-09
5.89889643e-02 9.94146984e-09
5.60723488e-02 1.08994053e-08
5.32999408e-02 1.19382538e-08
5.06646101e-02 1.30620335e-08
4.81595791e-02 1.42741123e-08
4.57784054e-02 1.55768948e-08
4.35149650e-02 1.69714481e-08
4.13634368e-02 1.84570757e-08
3.93182876e-02 2.00308568e-08
3.73742574e-02 2.16871824e-08
3.55263468e-02 2.34173291e-08
3.37698031e-02 2.52091243e-08
3.21001090e-02 2.70467597e-08
3.05129702e-02 2.89108099e-08
2.90043049e-02 3.07784985e-08
2.75702333e-02 3.26242338e-08
2.62070670e-02 3.44204032e-08
2.49113003e-02 3.61383827e-08
2.36796007e-02 3.77496856e-08
2.25088005e-02 3.92271502e-08
2.13958887e-02 4.05460641e-08
2.03380031e-02 4.16851285e-08
1.93324229e-02 4.26271864e-08
1.83765620e-02 4.33597155e-08
1.74679622e-02 4.38749903e-08
1.66042866e-02 4.41700635e-08
1.57833141e-02 4.42465185e-08
1.50029332e-02 4.41100831e-08
1.42611371e-02 4.37701459e-08
1.35560179e-02 4.32392177e-08
1.28857621e-02 4.25323657e-08
1.22486461e-02 4.16666416e-08
1.16430313e-02 4.06605159e-08
1.10673602e-02 3.95333289e-08
1.05201522e-02 3.83047671e-08
1.00000000e-02 3.69943764e-08
