1.00000000e+20 0.00000000e+00
9.50556592e+19 0.00000000e+00
9.03557835e+19 0.00000000e+00
8.58882856e+19 0.00000000e+00
8.16416760e+19 0.00000000e+00
7.76050334e+19 0.00000000e+00
7.37679760e+19 0.00000000e+00
7.01206359e+19 0.00000000e+00
6.66536327e+19 0.00000000e+00
6.33580499e+19 0.00000000e+00
6.02254120e+19 0.00000000e+00
5.72476624e+19 0.00000000e+00
5.44171429e+19 0.00000000e+00
5.17265739e+19 0.00000000e+00
4.91690358e+19 0.00000000e+00
4.67379511e+19 0.00000000e+00
4.44270675e+19 0.00000000e+00
4.22304419e+19 0.00000000e+00
4.01424249e+19 0.00000000e+00
3.81576466e+19 0.00000000e+00
3.62710025e+19 0.00000000e+00
3.44776405e+19 0.00000000e+00
3.27729485e+19 0.00000000e+00
3.11525422e+19 0.00000000e+00
2.96122544e+19 0.00000000e+00
2.81481236e+19 0.00000000e+00
2.67563844e+19 0.00000000e+00
2.54334576e+19 0.00000000e+00
2.41759408e+19 0.00000000e+00
2.29805999e+19 0.00000000e+00
2.18443607e+19 0.00000000e+00
2.07643011e+19 0.00000000e+00
1.97376433e+19 0.00000000e+00
1.87617469e+19 0.00000000e+00
1.78341022e+19 0.00000000e+00
1.69523234e+19 0.00000000e+00
1.61141428e+19 0.00000000e+00
1.53174046e+19 0.00000000e+00
1.45600600e+19 0.00000000e+00
1.38401610e+19 0.00000000e+00
1.31558562e+19 0.00000000e+00
1.25053859e+19 0.00000000e+00
1.18870770e+19 0.00000000e+00
1.12993394e+19 0.00000000e+00
1.07406615e+19 0.00000000e+00
1.02096066e+19 0.00000000e+00
9.70480888e+18 0.00000000e+00
9.22497005e+18 0.00000000e+00
8.76885609e+18 0.00000000e+00
8.33529397e+18 0.00000000e+00
7.92316862e+18 0.00000000e+00
7.53142017e+18 0.00000000e+00
7.15904109e+18 0.00000000e+00
6.80507370e+18 0.00000000e+00
6.46860766e+18 0.00000000e+00
6.14877765e+18 0.00000000e+00
5.84476113e+18 0.00000000e+00
5.55577622e+18 0.00000000e+00
5.28107971e+18 0.00000000e+00
5.01996513e+18 0.00000000e+00
4.77176095e+18 0.00000000e+00
4.53582883e+18 0.00000000e+00
4.31156199e+18 0.00000000e+00
4.09838367e+18 0.00000000e+00
3.89574562e+18 0.00000000e+00
3.70312668e+18 0.00000000e+00
3.52003147e+18 0.00000000e+00
3.34598912e+18 0.00000000e+00
3.18055202e+18 0.00000000e+00
3.02329468e+18 0.00000000e+00
2.87381269e+18 0.00000000e+00
2.73172160e+18 0.00000000e+00
2.59665597e+18 0.00000000e+00
2.46826845e+18 0.00000000e+00
2.34622885e+18 0.00000000e+00
2.23022330e+18 0.00000000e+00
2.11995346e+18 0.00000000e+00
2.01513573e+18 0.00000000e+00
1.91550056e+18 0.00000000e+00
1.82079168e+18 0.00000000e+00
1.73076553e+18 0.00000000e+00
1.64519059e+18 0.00000000e+00
1.56384676e+18 0.00000000e+00
1.48652484e+18 0.00000000e+00
1.41302599e+18 0.00000000e+00
1.34316117e+18 0.00000000e+00
1.27675070e+18 0.00000000e+00
1.21362380e+18 0.00000000e+00
1.15361810e+18 0.00000000e+00
1.09657929e+18 0.00000000e+00
1.04236067e+18 0.00000000e+00
9.90822810e+17 0.00000000e+00
9.41833153e+17 0.00000000e+00
8.95265713e+17 0.00000000e+00
8.51000725e+17 0.00000000e+00
8.08924349e+17 0.00000000e+00
7.68928372e+17 0.00000000e+00
7.30909933e+17 0.00000000e+00
6.94771255e+17 0.00000000e+00
6.60419396e+17 0.00000000e+00
6.27766011e+17 0.00000000e+00
5.96727120e+17 0.00000000e+00
5.67222897e+17 1.77954730e-58
5.39177464e+17 8.69696640e-57
5.12518693e+17 3.61387317e-55
4.87178022e+17 1.01979253e-53
4.63090280e+17 2.91646365e-52
4.40193519e+17 7.37771083e-51
4.18428851e+17 1.29193970e-49
3.97740302e+17 2.17017814e-48
3.78074666e+17 3.49926537e-47
3.59381366e+17 4.15625393e-46
3.41612327e+17 4.93659236e-45
3.24721849e+17 4.92097160e-44
3.08666494e+17 4.13728488e-43
2.93404971e+17 3.61165783e-42
2.78898029e+17 2.73476963e-41
2.65108360e+17 1.49958082e-40
2.52000499e+17 9.54862029e-40
2.39540736e+17 4.77405866e-39
2.27697026e+17 2.66239886e-38
2.16438909e+17 1.15272391e-37
2.05737431e+17 5.17367888e-37
1.95565072e+17 2.23721130e-36
1.85895668e+17 7.60398603e-36
1.76704353e+17 2.59072423e-35
1.67967487e+17 8.80552984e-35
1.59662602e+17 2.43010002e-34
1.51768339e+17 8.03418851e-34
1.44264395e+17 2.07291756e-33
1.37131472e+17 5.54426566e-33
1.30351224e+17 1.42284065e-32
1.23906216e+17 3.17717769e-32
1.17779870e+17 8.13328932e-32
1.11956432e+17 1.60642124e-31
1.06420924e+17 3.01053079e-31
1.01159111e+17 7.06724872e-31
9.61574600e+16 1.15624943e-30
9.14031075e+16 2.40594458e-30
8.68838264e+16 3.94854268e-30
8.25879939e+16 7.77933612e-30
7.85045620e+16 1.27275172e-29
7.46230289e+16 2.32196550e-29
7.09334120e+16 3.64776959e-29
6.74262224e+16 5.23153606e-29
6.40924402e+16 8.34879305e-29
6.09234915e+16 1.36591880e-28
5.79112265e+16 2.08893560e-28
5.50478981e+16 2.77107336e-28
5.23261424e+16 3.81678636e-28
4.97389596e+16 5.47393937e-28
4.72796959e+16 6.76755546e-28
4.49420266e+16 1.10663798e-27
4.27199397e+16 1.39344763e-27
4.06077203e+16 1.72430527e-27
3.85999362e+16 2.07779803e-27
3.66914238e+16 2.98347275e-27
3.48772747e+16 3.79656272e-27
3.31528234e+16 4.41104446e-27
3.15136348e+16 5.30910934e-27
2.99554933e+16 6.56511478e-27
2.84743917e+16 8.26492128e-27
2.70665207e+16 1.04743792e-26
2.57282597e+16 1.02169596e-26
2.44561668e+16 1.28709089e-26
2.32469706e+16 1.59379815e-26
2.20975611e+16 1.55635371e-26
2.10049824e+16 1.87827936e-26
1.99664245e+16 2.18564400e-26
1.89792164e+16 2.43630726e-26
1.80408193e+16 2.73158374e-26
1.71488197e+16 2.89316062e-26
1.63009236e+16 3.23341077e-26
1.54949504e+16 3.76302661e-26
1.47288272e+16 3.69568790e-26
1.40005838e+16 4.45524619e-26
1.33083472e+16 4.42421702e-26
1.26503372e+16 5.45497498e-26
1.20248614e+16 5.39641683e-26
1.14303113e+16 5.33895973e-26
1.08651577e+16 6.68414222e-26
1.03279473e+16 6.62891570e-26
9.81729841e+15 6.61252205e-26
9.33189772e+15 6.65776656e-26
8.87049689e+15 8.43450037e-26
8.43190929e+15 8.55070336e-26
8.01500696e+15 8.36315351e-26
7.61871770e+15 8.55026671e-26
7.24202233e+15 8.75761136e-26
6.88395207e+15 1.04778002e-25
6.54358602e+15 1.06361215e-25
6.22004883e+15 1.07575492e-25
5.91250841e+15 1.09861324e-25
5.62017385e+15 1.14908550e-25
5.34229330e+15 1.33794681e-25
5.07815211e+15 1.37376651e-25
4.82707097e+15 1.36837835e-25
4.58840413e+15 1.45251834e-25
4.36153779e+15 1.45302049e-25
4.14588850e+15 1.55664606e-25
3.94090164e+15 1.54514029e-25
3.74605003e+15 1.34876966e-25
3.56083255e+15 1.90352443e-25
3.38477286e+15 1.88768432e-25
3.21741815e+15 1.91833341e-25
3.05833803e+15 1.94991912e-25
2.90712338e+15 2.14265709e-25
2.76338529e+15 2.20817160e-25
2.62675410e+15 2.19462387e-25
2.49687843e+15 2.28650977e-25
2.37342425e+15 2.53675284e-25
2.25607407e+15 2.68512865e-25
2.14452608e+15 2.80732893e-25
2.03849340e+15 2.89966131e-25
1.93770334e+15 3.17588439e-25
1.84189668e+15 3.12201477e-25
1.75082703e+15 3.41065350e-25
1.66426018e+15 3.41425072e-25
1.58197348e+15 3.50121252e-25
1.50375532e+15 3.22020889e-25
1.42940453e+15 4.07505988e-25
1.35872990e+15 3.97334827e-25
1.29154967e+15 4.20194530e-25
1.22769105e+15 4.42980131e-25
1.16698982e+15 4.72635594e-25
1.10928986e+15 4.81423183e-25
1.05444279e+15 5.03279260e-25
1.00230755e+15 5.85434373e-25
9.52750047e+14 5.65747508e-25
9.05642838e+14 5.89547794e-25
8.60864770e+14 5.82330399e-25
8.18300682e+14 6.30747026e-25
7.77841107e+14 6.69585917e-25
7.39381992e+14 7.25274405e-25
7.02824426e+14 7.43215219e-25
6.68074392e+14 7.97503951e-25
6.35042517e+14 8.15234663e-25
6.03643851e+14 8.16690718e-25
5.73797641e+14 8.93826807e-25
5.45427131e+14 9.31892465e-25
5.18459354e+14 9.75795607e-25
4.92824957e+14 1.00943595e-24
4.68458012e+14 1.06007458e-24
4.45295851e+14 1.08775130e-24
4.23278907e+14 1.19481243e-24
4.02350555e+14 1.24455984e-24
3.82456972e+14 1.32355672e-24
3.63546996e+14 1.40438973e-24
3.45571994e+14 1.46767722e-24
3.28485737e+14 1.50908390e-24
3.12244282e+14 1.58876501e-24
2.96805861e+14 1.66699999e-24
2.82130768e+14 1.75146323e-24
2.68181261e+14 1.88117291e-24
2.54921465e+14 1.90298488e-24
2.42317279e+14 2.03665918e-24
2.30336287e+14 2.16215571e-24
2.18947676e+14 2.28861446e-24
2.08122157e+14 2.36183531e-24
1.97831888e+14 2.52662271e-24
1.88050406e+14 2.64213972e-24
1.78752553e+14 2.76283523e-24
1.69914417e+14 2.94840257e-24
1.61513269e+14 3.05925824e-24
1.53527503e+14 3.21304470e-24
1.45936580e+14 3.34206463e-24
1.38720978e+14 3.57858257e-24
1.31862140e+14 3.75544152e-24
1.25342427e+14 3.88070422e-24
1.19145070e+14 4.08175881e-24
1.13254132e+14 4.39335639e-24
1.07654461e+14 4.52645530e-24
1.02331658e+14 4.76497885e-24
9.72720319e+13 5.04867191e-24
9.24625712e+13 5.31307865e-24
8.78909065e+13 5.53964179e-24
8.35452806e+13 5.81048074e-24
7.94145172e+13 6.11448096e-24
7.54879928e+13 6.46419562e-24
7.17556092e+13 6.81773793e-24
6.82077673e+13 7.13632703e-24
6.48353429e+13 7.54516643e-24
6.16296626e+13 7.91722226e-24
5.85824820e+13 8.32340341e-24
5.56859644e+13 8.75112387e-24
5.29326606e+13 9.22014362e-24
5.03154895e+13 9.65424097e-24
4.78277202e+13 1.01704785e-23
4.54629547e+13 1.07293135e-23
4.32151113e+13 1.12332736e-23
4.10784089e+13 1.18654157e-23
3.90473524e+13 1.24965004e-23
3.71167182e+13 1.30942976e-23
3.52815412e+13 1.38556798e-23
3.35371015e+13 1.45120289e-23
3.18789129e+13 1.52524304e-23
3.03027108e+13 1.60428144e-23
2.88044415e+13 1.69144349e-23
2.73802518e+13 1.77962122e-23
2.60264788e+13 1.86886120e-23
2.47396410e+13 1.96332391e-23
2.35164288e+13 2.06755903e-23
2.23536965e+13 2.17482284e-23
2.12484535e+13 2.29134609e-23
2.01978576e+13 2.40768944e-23
1.91992067e+13 2.53106035e-23
1.82499324e+13 2.66318930e-23
1.73475936e+13 2.80178632e-23
1.64898694e+13 2.94948561e-23
1.56745541e+13 3.09959924e-23
1.48995507e+13 3.26703863e-23
1.41628662e+13 3.43622751e-23
1.34626058e+13 3.61193497e-23
1.27969687e+13 3.79358705e-23
1.21642429e+13 3.98746276e-23
1.15628013e+13 4.19832691e-23
1.09910970e+13 4.41688099e-23
1.04476597e+13 4.64826850e-23
9.93109181e+12 4.89229308e-23
9.44006479e+12 5.14723864e-23
8.97331581e+12 5.41146635e-23
8.52964450e+12 5.69854304e-23
8.10790981e+12 5.98457930e-23
7.70702711e+12 6.30129546e-23
7.32596543e+12 6.62906154e-23
6.96374473e+12 6.97472476e-23
6.61943346e+12 7.33012858e-23
6.29214611e+12 7.71008737e-23
5.98104096e+12 8.11914607e-23
5.68531791e+12 8.53454395e-23
5.40421642e+12 8.98434394e-23
5.13701354e+12 9.44559074e-23
4.88302209e+12 9.94763207e-23
4.64158883e+12 1.04560067e-22
4.41209286e+12 1.09974389e-22
4.19394396e+12 1.15731241e-22
3.98658107e+12 1.21770868e-22
3.78947092e+12 1.28124461e-22
3.60210656e+12 1.34713993e-22
3.42400614e+12 1.41783916e-22
3.25471161e+12 1.49115285e-22
3.09378757e+12 1.56873763e-22
2.94082017e+12 1.65070820e-22
2.79541600e+12 1.73630893e-22
2.65720111e+12 1.82661343e-22
2.52582003e+12 1.92166447e-22
2.40093488e+12 2.02152745e-22
2.28222447e+12 2.12653184e-22
2.16938352e+12 2.23743194e-22
2.06212180e+12 2.35322967e-22
1.96016347e+12 2.47626140e-22
1.86324631e+12 2.60441688e-22
1.77112106e+12 2.73972224e-22
1.68355080e+12 2.88302125e-22
1.60031031e+12 3.03263838e-22
1.52118552e+12 3.19006159e-22
1.44597292e+12 3.35603895e-22
1.37447909e+12 3.53101663e-22
1.30652016e+12 3.71415140e-22
1.24192135e+12 3.90756361e-22
1.18051653e+12 4.11075633e-22
1.12214777e+12 4.32430429e-22
1.06666496e+12 4.54913898e-22
1.01392541e+12 4.78568325e-22
9.63793480e+11 5.03524442e-22
9.16140246e+11 5.29659623e-22
8.70843150e+11 5.57172000e-22
8.27785697e+11 5.86251121e-22
7.86857151e+11 6.16702651e-22
7.47952252e+11 6.48797057e-22
7.10970943e+11 6.82505686e-22
6.75818117e+11 7.18017247e-22
6.42403366e+11 7.55340432e-22
6.10640754e+11 7.94697559e-22
5.80448594e+11 8.35984898e-22
5.51749238e+11 8.79486888e-22
5.24468875e+11 9.25203649e-22
4.98537346e+11 9.73389911e-22
4.73887961e+11 1.02394070e-21
4.50457325e+11 1.07722210e-21
4.28185180e+11 1.13325130e-21
4.07014245e+11 1.19222365e-21
3.86890074e+11 1.25421700e-21
3.67760910e+11 1.31945469e-21
3.49577557e+11 1.38807896e-21
3.32293252e+11 1.46026267e-21
3.15863541e+11 1.53620639e-21
3.00246171e+11 1.61611801e-21
2.85400977e+11 1.70019350e-21
2.71289780e+11 1.78861524e-21
2.57876289e+11 1.88163944e-21
2.45126006e+11 1.97954068e-21
2.33006141e+11 2.08253918e-21
2.21485523e+11 2.19079368e-21
2.10534524e+11 2.30479993e-21
2.00124980e+11 2.42470190e-21
1.90230119e+11 2.55080584e-21
1.80824493e+11 2.68343976e-21
1.71883914e+11 2.82300709e-21
1.63385388e+11 2.96987165e-21
1.55307057e+11 3.12438451e-21
1.47628147e+11 3.28680889e-21
1.40328908e+11 3.45788337e-21
1.33390569e+11 3.63764827e-21
1.26795285e+11 3.82683245e-21
1.20526094e+11 4.02593565e-21
1.14566873e+11 4.23537570e-21
1.08902296e+11 4.45563997e-21
1.03517796e+11 4.68737811e-21
9.83995230e+10 4.93123180e-21
9.35343152e+10 5.18772478e-21
8.89096599e+10 5.45750477e-21
8.45136633e+10 5.74140249e-21
8.03350198e+10 6.04008747e-21
7.63629826e+10 6.35420690e-21
7.25873365e+10 6.68473418e-21
6.89983712e+10 7.03241351e-21
6.55868566e+10 7.39824224e-21
6.23440189e+10 7.78305654e-21
5.92615181e+10 8.18790160e-21
5.63314267e+10 8.61380194e-21
5.35462090e+10 9.06180938e-21
5.08987019e+10 9.53322703e-21
4.83820966e+10 1.00290796e-20
4.59899209e+10 1.05507587e-20
4.37160225e+10 1.10994820e-20
4.15545533e+10 1.16768875e-20
3.94999546e+10 1.22842500e-20
3.75469422e+10 1.29232258e-20
3.56904935e+10 1.35953956e-20
3.39258338e+10 1.43026062e-20
3.22484250e+10 1.50464981e-20
3.06539530e+10 1.58291619e-20
2.91383170e+10 1.66525407e-20
2.76976194e+10 1.75187200e-20
2.63281547e+10 1.84300005e-20
2.50264010e+10 1.93886190e-20
2.37890104e+10 2.03970734e-20
2.26128007e+10 2.14580371e-20
2.14947467e+10 2.25742215e-20
2.04319732e+10 2.37483498e-20
1.94217468e+10 2.49836700e-20
1.84614695e+10 2.62831791e-20
1.75486715e+10 2.76502190e-20
1.66810054e+10 2.90885279e-20
1.58562396e+10 3.06015657e-20
1.50722531e+10 3.21933243e-20
1.43270295e+10 3.38678774e-20
1.36186524e+10 3.56295175e-20
1.29452998e+10 3.74827536e-20
1.23052400e+10 3.94324046e-20
1.16968270e+10 4.14834950e-20
1.11184960e+10 4.36413483e-20
1.05687597e+10 4.59113598e-20
1.00462042e+10 4.82993712e-20
9.54948564e+09 5.08116502e-20
9.07732653e+09 5.34547351e-20
8.62851257e+09 5.62350211e-20
8.20188950e+09 5.91601542e-20
7.79636013e+09 6.22374319e-20
7.41088152e+09 6.54746799e-20
7.04446228e+09 6.88804443e-20
6.69616005e+09 7.24631250e-20
6.36507908e+09 7.62324084e-20
6.05036788e+09 8.01976073e-20
5.75121707e+09 8.43690547e-20
5.46685730e+09 8.87575282e-20
5.19655724e+09 9.33744054e-20
4.93962174e+09 9.82312240e-20
4.69539001e+09 1.03340756e-19
4.46323393e+09 1.08716128e-19
4.24255643e+09 1.14370956e-19
4.03278998e+09 1.20319950e-19
3.83339510e+09 1.26578460e-19
3.64385898e+09 1.33162446e-19
3.46369418e+09 1.40088891e-19
3.29243733e+09 1.47375732e-19
3.12964801e+09 1.55041392e-19
2.97490755e+09 1.63106035e-19
2.82781798e+09 1.71590058e-19
2.68800102e+09 1.80515211e-19
2.55509709e+09 1.89904805e-19
2.42876438e+09 1.99782800e-19
2.30867799e+09 2.10174524e-19
2.19452909e+09 2.21106696e-19
2.08602409e+09 2.32607569e-19
1.98288395e+09 2.44706782e-19
1.88484341e+09 2.57435161e-19
1.79165033e+09 2.70825690e-19
1.70306503e+09 2.84912893e-19
1.61885969e+09 2.99732605e-19
1.53881775e+09 3.15323447e-19
1.46273336e+09 3.31724939e-19
1.39041083e+09 3.48979755e-19
1.32166418e+09 3.67131931e-19
1.25631660e+09 3.86228322e-19
1.19420003e+09 4.06318126e-19
1.13515471e+09 4.27452841e-19
1.07902879e+09 4.49687043e-19
1.02567793e+09 4.73077531e-19
9.74964918e+08 4.97684696e-19
9.26759330e+08 5.23571860e-19
8.80937190e+08 5.50805556e-19
8.37380654e+08 5.79455944e-19
7.95977700e+08 6.09596387e-19
7.56621850e+08 6.41304687e-19
7.19211887e+08 6.74662221e-19
6.83651600e+08 7.09754922e-19
6.49849535e+08 7.46672951e-19
6.17718760e+08 7.85511222e-19
5.87176639e+08 8.26370004e-19
5.58144625e+08 8.69353829e-19
5.30548053e+08 9.14573246e-19
5.04315949e+08 9.62145014e-19
4.79380850e+08 1.01219121e-18
4.55678627e+08 1.06484061e-18
4.33148322e+08 1.12022844e-18
4.11731993e+08 1.17849736e-18
3.91374560e+08 1.23979724e-18
3.72023668e+08 1.30428546e-18
3.53629550e+08 1.37212823e-18
3.36144900e+08 1.44349971e-18
3.19524751e+08 1.51858363e-18
3.03726358e+08 1.59757324e-18
2.88709092e+08 1.68067120e-18
2.74434330e+08 1.76809170e-18
2.60865362e+08 1.86005945e-18
2.47967289e+08 1.95681093e-18
2.35706941e+08 2.05859470e-18
2.24052787e+08 2.16567305e-18
2.12974854e+08 2.27832094e-18
2.02444651e+08 2.39682828e-18
1.92435098e+08 2.52149978e-18
1.82920450e+08 2.65265615e-18
1.73876240e+08 2.79063479e-18
1.65279206e+08 2.93579016e-18
1.57107239e+08 3.08849587e-18
1.49339322e+08 3.24914470e-18
1.41955477e+08 3.41814971e-18
1.34936714e+08 3.59594546e-18
1.28264983e+08 3.78298936e-18
1.21923125e+08 3.97976240e-18
1.15894830e+08 4.18677061e-18
1.10164595e+08 4.40454642e-18
1.04717682e+08 4.63364979e-18
9.95400829e+07 4.87467012e-18
9.46184819e+07 5.12822713e-18
8.99402217e+07 5.39497294e-18
8.54932707e+07 5.67559361e-18
8.12661920e+07 5.97081089e-18
7.72481145e+07 6.28138400e-18
7.34287045e+07 6.60811152e-18
6.97981391e+07 6.95183389e-18
6.63470812e+07 7.31343503e-18
6.30666554e+07 7.69384496e-18
5.99484250e+07 8.09404192e-18
5.69843706e+07 8.51505529e-18
5.41668691e+07 8.95796774e-18
5.14886745e+07 9.42391847e-18
4.89428990e+07 9.91410554e-18
4.65229952e+07 1.04297899e-17
4.42227398e+07 1.09722978e-17
4.20362168e+07 1.15430241e-17
3.99578030e+07 1.21434371e-17
3.79821531e+07 1.27750807e-17
3.61041860e+07 1.34395792e-17
3.43190720e+07 1.41386419e-17
3.26222201e+07 1.48740664e-17
3.10092664e+07 1.56477443e-17
2.94760626e+07 1.64616651e-17
2.80186656e+07 1.73179222e-17
2.66333273e+07 1.82187177e-17
2.53164848e+07 1.91663682e-17
2.40647515e+07 2.01633112e-17
2.28749082e+07 2.12121101e-17
2.17438948e+07 2.23154628e-17
2.06688025e+07 2.34762064e-17
1.96468665e+07 2.46973265e-17
1.86754584e+07 2.59819633e-17
1.77520801e+07 2.73334209e-17
1.68743568e+07 2.87551747e-17
1.60400311e+07 3.02508813e-17
1.52469573e+07 3.18243876e-17
1.44930957e+07 3.34797401e-17
1.37765077e+07 3.52211962e-17
1.30953502e+07 3.70532344e-17
1.24478715e+07 3.89805665e-17
1.18324063e+07 4.10081493e-17
1.12473718e+07 4.31411971e-17
1.06912634e+07 4.53851960e-17
1.01626509e+07 4.77459169e-17
9.66017480e+06 5.02294313e-17
9.18254284e+06 5.28421263e-17
8.72852662e+06 5.55907211e-17
8.29695852e+06 5.84822847e-17
7.88672862e+06 6.15242537e-17
7.49678187e+06 6.47244514e-17
7.12611543e+06 6.80911080e-17
6.77377600e+06 7.16328821e-17
6.43885743e+06 7.53588823e-17
6.12049837e+06 7.92786913e-17
5.81788007e+06 8.34023901e-17
5.53022426e+06 8.77405839e-17
5.25679112e+06 9.23044298e-17
4.99687745e+06 9.71056653e-17
4.74981480e+06 1.02156638e-16
4.51496777e+06 1.07470338e-16
4.29173238e+06 1.13060432e-16
4.07953450e+06 1.18941296e-16
3.87782841e+06 1.25128054e-16
3.68609536e+06 1.31636618e-16
3.50384225e+06 1.38483726e-16
3.33060034e+06 1.45686989e-16
3.16592411e+06 1.53264930e-16
3.00939003e+06 1.61237040e-16
2.86059554e+06 1.69623821e-16
2.71915794e+06 1.78446843e-16
2.58471351e+06 1.87728796e-16
2.45691646e+06 1.97493552e-16
2.33543814e+06 2.07766225e-16
2.21996612e+06 2.18573232e-16
2.11020343e+06 2.29942369e-16
2.00586778e+06 2.41902875e-16
1.90669084e+06 2.54485509e-16
1.81241755e+06 2.67722631e-16
1.72280545e+06 2.81648286e-16
1.63762407e+06 2.96298288e-16
1.55665436e+06 3.11710313e-16
1.47968806e+06 3.27923998e-16
1.40652724e+06 3.44981042e-16
1.33698374e+06 3.62925313e-16
1.27087871e+06 3.81802959e-16
1.20804213e+06 4.01662531e-16
1.14831241e+06 4.22555105e-16
1.09153594e+06 4.44534410e-16
1.03756668e+06 4.67656975e-16
9.86265846e+05 4.91982267e-16
9.37501502e+05 5.17572845e-16
8.91148232e+05 5.44494525e-16
8.47086827e+05 5.72816542e-16
8.05203967e+05 6.02611738e-16
7.65391939e+05 6.33956739e-16
7.27548353e+05 6.66932160e-16
6.91575883e+05 7.01622806e-16
6.57382014e+05 7.38117897e-16
6.24878807e+05 7.76511290e-16
5.93982669e+05 8.16901728e-16
5.64614142e+05 8.59393087e-16
5.36697695e+05 9.04094647e-16
5.10161531e+05 9.51121373e-16
4.84937407e+05 1.00059421e-15
4.60960449e+05 1.05264039e-15
4.38168993e+05 1.10739377e-15
4.16504425e+05 1.16499517e-15
3.95911027e+05 1.22559272e-15
3.76335836e+05 1.28934228e-15
3.57728510e+05 1.35640779e-15
3.40041193e+05 1.42696174e-15
3.23228398e+05 1.50118558e-15
3.07246884e+05 1.57927020e-15
2.92055551e+05 1.66141643e-15
2.77615329e+05 1.74783552e-15
2.63889081e+05 1.83874974e-15
2.50841506e+05 1.93439290e-15
2.38439047e+05 2.03501097e-15
2.26649808e+05 2.14086275e-15
2.15443469e+05 2.25222044e-15
2.04791210e+05 2.36937047e-15
1.94665634e+05 2.49261410e-15
1.85040702e+05 2.62226832e-15
1.75891659e+05 2.75866656e-15
1.67194976e+05 2.90215963e-15
1.58928287e+05 3.05311657e-15
1.51070330e+05 3.21192562e-15
1.43600898e+05 3.37899521e-15
1.36500781e+05 3.55475502e-15
1.29751717e+05 3.73965709e-15
1.23336350e+05 3.93417696e-15
1.17238180e+05 4.13881490e-15
1.11441525e+05 4.35409722e-15
1.05931476e+05 4.58057760e-15
1.00693863e+05 4.81883852e-15
9.57152154e+04 5.06949277e-15
9.09827289e+04 5.33318498e-15
8.64842328e+04 5.61059336e-15
8.22081576e+04 5.90243137e-15
7.81435061e+04 6.20944958e-15
7.42798248e+04 6.53243762e-15
7.06071771e+04 6.87222619e-15
6.71161177e+04 7.22968919e-15
6.37976681e+04 7.60574599e-15
6.06432940e+04 8.00136378e-15
5.76448828e+04 8.41756006e-15
5.47947234e+04 8.85540527e-15
5.20854855e+04 9.31602552e-15
4.95102016e+04 9.80060550e-15
4.70622485e+04 1.03103915e-14
4.47353305e+04 1.08466948e-14
4.25234633e+04 1.14108946e-14
4.04209584e+04 1.20044421e-14
3.84224085e+04 1.26288639e-14
3.65226736e+04 1.32857660e-14
3.47168682e+04 1.39768379e-14
3.30003479e+04 1.47038572e-14
3.13686982e+04 1.54686937e-14
2.98177229e+04 1.62733146e-14
2.83434331e+04 1.71197896e-14
2.69420371e+04 1.80102956e-14
2.56099310e+04 1.89471234e-14
2.43436887e+04 1.99326823e-14
2.31400538e+04 2.09695075e-14
2.19959307e+04 2.20602658e-14
2.09083769e+04 2.32077627e-14
1.98745955e+04 2.44149499e-14
1.88919278e+04 2.56849324e-14
1.79578465e+04 2.70209769e-14
1.70699493e+04 2.84265200e-14
1.62259529e+04 2.99051772e-14
1.54236865e+04 3.14607519e-14
1.46610868e+04 3.30972455e-14
1.39361927e+04 3.48188676e-14
1.32471399e+04 3.66300469e-14
1.25921561e+04 3.85354424e-14
1.19695570e+04 4.05399555e-14
1.13777413e+04 4.26487427e-14
1.08151870e+04 4.48672289e-14
1.02804473e+04 4.72011210e-14
9.77214697e+03 4.96564232e-14
9.28897872e+03 5.22394519e-14
8.82969996e+03 5.49568522e-14
8.39312950e+03 5.78156151e-14
7.97814457e+03 6.08230954e-14
7.58367791e+03 6.39870305e-14
7.20871503e+03 6.73155607e-14
6.85229160e+03 7.08172499e-14
6.51349095e+03 7.45011074e-14
6.19144176e+03 7.83766118e-14
5.88531578e+03 8.24537349e-14
5.59432571e+03 8.67429675e-14
5.31772318e+03 9.12553464e-14
5.05479682e+03 9.60024831e-14
4.80487044e+03 1.00996593e-13
4.56730127e+03 1.06250529e-13
4.34147833e+03 1.11777811e-13
4.12682085e+03 1.17592664e-13
3.92277676e+03 1.23710053e-13
3.72882131e+03 1.30145722e-13
3.54445567e+03 1.36916237e-13
3.36920571e+03 1.44039025e-13
3.20262069e+03 1.51532419e-13
3.04427221e+03 1.59415708e-13
2.89375302e+03 1.67709188e-13
2.75067601e+03 1.76434209e-13
2.61467321e+03 1.85613234e-13
2.48539486e+03 1.95269896e-13
2.36250847e+03 2.05429060e-13
2.24569800e+03 2.16116887e-13
2.13466303e+03 2.27360899e-13
2.02911802e+03 2.39190054e-13
1.92879151e+03 2.51634819e-13
1.83342548e+03 2.64727249e-13
1.74277468e+03 2.78501069e-13
1.65660596e+03 2.92991763e-13
1.57469771e+03 3.08236665e-13
1.49683929e+03 3.24275057e-13
1.42283046e+03 3.41148268e-13
1.35248087e+03 3.58899783e-13
1.28560961e+03 3.77575357e-13
1.22204469e+03 3.97223132e-13
1.16162263e+03 4.17893760e-13
1.10418805e+03 4.39640541e-13
1.04959323e+03 4.62519553e-13
9.97697764e+02 4.86589807e-13
9.48368187e+02 5.11913391e-13
9.01477631e+02 5.38555640e-13
8.56905505e+02 5.66585302e-13
8.14537177e+02 5.96074716e-13
7.74263683e+02 6.27100006e-13
7.35981448e+02 6.59741274e-13
6.99592017e+02 6.94082813e-13
6.65001803e+02 7.30213325e-13
6.32121848e+02 7.68226156e-13
6.00867589e+02 8.08219540e-13
5.71158648e+02 8.50296854e-13
5.42918618e+02 8.94566893e-13
5.16074871e+02 9.41144153e-13
4.90558371e+02 9.90149137e-13
4.66303493e+02 1.04170867e-12
4.43247859e+02 1.09595622e-12
4.21332174e+02 1.15303230e-12
4.00500076e+02 1.21308475e-12
3.80697987e+02 1.27626925e-12
3.61874981e+02 1.34274960e-12
3.43982649e+02 1.41269828e-12
3.26974974e+02 1.48629683e-12
3.10808217e+02 1.56373635e-12
2.95440800e+02 1.64521803e-12
2.80833200e+02 1.73095369e-12
2.66947849e+02 1.82116634e-12
2.53749038e+02 1.91609078e-12
2.41202821e+02 2.01597424e-12
2.29276931e+02 2.12107705e-12
2.17940698e+02 2.23167335e-12
2.07164968e+02 2.34805187e-12
1.96922026e+02 2.47051664e-12
1.87185529e+02 2.59938794e-12
1.77930439e+02 2.73500308e-12
1.69132952e+02 2.87771742e-12
1.60770442e+02 3.02790530e-12
1.52821404e+02 3.18596115e-12
1.45265393e+02 3.35230055e-12
1.38082977e+02 3.52736144e-12
1.31255684e+02 3.71160536e-12
1.24765955e+02 3.90551877e-12
1.18597101e+02 4.10961450e-12
1.12733256e+02 4.32443317e-12
1.07159340e+02 4.55054484e-12
1.01861017e+02 4.78855070e-12
9.68246612e+01 5.03908481e-12
9.20373200e+01 5.30281608e-12
8.74866812e+01 5.58045027e-12
8.31610415e+01 5.87273218e-12
7.90492762e+01 6.18044795e-12
7.51408106e+01 6.50442756e-12
7.14255929e+01 6.84554749e-12
6.78940681e+01 7.20473352e-12
6.45371540e+01 7.58296381e-12
6.13462172e+01 7.98127212e-12
5.83130511e+01 8.40075133e-12
5.54298552e+01 8.84255723e-12
5.26892142e+01 9.30791253e-12
5.00840799e+01 9.79811123e-12
4.76077523e+01 1.03145233e-11
4.52538628e+01 1.08586000e-11
4.30163576e+01 1.14318790e-11
4.08894823e+01 1.20359905e-11
3.88677669e+01 1.26726641e-11
3.69460121e+01 1.33437352e-11
3.51192753e+01 1.40511530e-11
3.33828586e+01 1.47969891e-11
3.17322963e+01 1.55834461e-11
3.01633435e+01 1.64128681e-11
2.86719650e+01 1.72558173e-11
2.72543253e+01 1.81736748e-11
2.59067786e+01 1.91416671e-11
2.46258592e+01 2.01626929e-11
2.34082728e+01 2.12398381e-11
2.22508880e+01 2.23763907e-11
2.11507282e+01 2.35758562e-11
2.01049642e+01 2.48419752e-11
1.91109062e+01 2.61787424e-11
1.81659979e+01 2.75904278e-11
1.72678090e+01 2.90815997e-11
1.64140297e+01 3.06571501e-11
1.56024641e+01 3.23223230e-11
1.48310251e+01 3.40833740e-11
1.40977287e+01 3.59434516e-11
1.34006890e+01 3.79111397e-11
1.27381132e+01 3.99939292e-11
1.21082975e+01 4.21998579e-11
1.15096220e+01 4.45356640e-11
1.09405471e+01 4.70108783e-11
1.03996091e+01 4.96348352e-11
9.88541702e+00 5.24176552e-11
9.39664831e+00 5.53705575e-11
8.93204600e+00 5.85056036e-11
8.49041520e+00 6.18359701e-11
8.07062014e+00 6.53759724e-11
7.67158118e+00 6.91412193e-11
7.29227206e+00 7.31487521e-11
6.93171728e+00 7.74171812e-11
6.58898955e+00 8.19668701e-11
6.26320745e+00 8.68201183e-11
5.95353313e+00 9.20013776e-11
5.65917016e+00 9.75374871e-11
5.37936150e+00 1.03457938e-10
5.11338754e+00 1.09795170e-10
4.86056423e+00 1.16584896e-10
4.62024137e+00 1.23866471e-10
4.39180089e+00 1.31683300e-10
4.17465529e+00 1.40083291e-10
3.96824610e+00 1.49119359e-10
3.77204249e+00 1.58849992e-10
3.58553986e+00 1.69339870e-10
3.40825855e+00 1.80660563e-10
3.23974263e+00 1.92891301e-10
3.07955871e+00 2.06119828e-10
2.92729484e+00 2.20443354e-10
2.78255940e+00 2.35969601e-10
2.64498018e+00 2.52817978e-10
2.51420335e+00 2.71120860e-10
2.38989257e+00 2.91025028e-10
2.27172813e+00 3.12693244e-10
2.15940615e+00 3.36038788e-10
2.05263775e+00 3.61750210e-10
1.95114835e+00 3.89824865e-10
1.85467692e+00 4.20509066e-10
1.76297538e+00 4.54547181e-10
1.67580786e+00 4.91352645e-10
1.59295021e+00 5.31687355e-10
1.51418933e+00 5.75917450e-10
1.43932264e+00 6.24454852e-10
1.36815763e+00 6.77755963e-10
1.30051125e+00 7.36326372e-10
1.23620954e+00 8.00726045e-10
1.17508713e+00 8.71575047e-10
1.11698682e+00 9.49559857e-10
1.06175918e+00 1.03544031e-09
1.00926219e+00 1.13005727e-09
9.59360829e-01 1.23434103e-09
9.11926760e-01 1.34932064e-09
8.66837993e-01 1.47614056e-09
8.23978568e-01 1.61604713e-09
7.83238260e-01 1.77043672e-09
7.44512291e-01 1.94084613e-09
7.07701066e-01 2.12897314e-09
6.72709914e-01 2.33669282e-09
6.39448843e-01 2.56607539e-09
6.07832313e-01 2.81940583e-09
5.77779012e-01 3.09920529e-09
5.49211648e-01 3.40825439e-09
5.22056753e-01 3.74961876e-09
4.96244488e-01 4.12667670e-09
4.71708469e-01 4.54314932e-09
4.48385595e-01 5.00313318e-09
4.26215883e-01 5.51113549e-09
4.05142317e-01 6.07211223e-09
3.85110700e-01 6.69150897e-09
3.66069515e-01 7.37530463e-09
3.47969790e-01 8.13005820e-09
3.30764978e-01 8.96295824e-09
3.14410830e-01 9.88187521e-09
2.98865287e-01 1.08954163e-08
2.84088369e-01 1.20129825e-08
2.70042072e-01 1.32448277e-08
2.56690272e-01 1.46021185e-08
2.43998630e-01 1.60969950e-08
2.31934506e-01 1.77426310e-08
2.20466874e-01 1.95532916e-08
2.09566240e-01 2.15443888e-08
1.99204571e-01 2.37325303e-08
1.89355218e-01 2.61355622e-08
1.79992851e-01 2.87726006e-08
1.71093391e-01 3.16640506e-08
1.62633950e-01 3.48316082e-08
1.54592774e-01 3.82982418e-08
1.46949180e-01 4.20881484e-08
1.39683512e-01 4.62266803e-08
1.32777083e-01 5.07402363e-08
1.26212131e-01 5.56561129e-08
1.19971774e-01 6.10023096e-08
1.14039960e-01 6.68072829e-08
1.08401436e-01 7.30996437e-08
1.03041699e-01 7.99077942e-08
9.79469667e-02 8.72594991e-08
9.31041349e-02 9.51813882e-08
8.85007491e-02 1.03698388e-07
8.41249705e-02 1.12833078e-07
7.99655453e-02 1.22604969e-07
7.60117762e-02 1.33029690e-07
7.22534949e-02 1.44118086e-07
6.86810359e-02 1.55875190e-07
6.52852114e-02 1.68299051e-07
6.20572881e-02 1.81379381e-07
5.89889643e-02 1.95095974e-07
5.60723488e-02 2.09416863e-07
5.32999408e-02 2.24296169e-07
5.06646101e-02 2.39671663e-07
4.81595791e-02 2.55462079e-07
4.57784054e-02 2.71564307e-07
4.35149650e-02 2.87850693e-07
4.13634368e-02 3.04166722e-07
3.93182876e-02 3.20329766e-07
3.73742574e-02 3.36128810e-07
3.55263468e-02 3.51326452e-07
3.37698031e-02 3.65663080e-07
3.21001090e-02 3.78863733e-07
3.05129702e-02 3.90647647e-07
2.90043049e-02 4.00740129e-07
2.75702333e-02 4.08886016e-07
2.62070670e-02 4.14863618e-07
2.49113003e-02 4.18497797e-07
2.36796007e-02 4.19670797e-07
2.25088005e-02 4.18329645e-07
2.13958887e-02 4.14489320e-07
2.03380031e-02 4.08231450e-07
1.93324229e-02 3.99698841e-07
1.83765620e-02 3.89086620e-07
1.74679622e-02 3.76636107e-07
1.66042866e-02 3.62795415e-07
1.57833141e-02 3.47596198e-07
1.50029332e-02 3.30935219e-07
1.42611371e-02 3.13868881e-07
1.35560179e-02 2.96339255e-07
1.28857621e-02 2.78609020e-07
1.22486461e-02 2.60898361e-07
1.16430313e-02 2.43407173e-07
1.10673602e-02 2.26307095e-07
1.05201522e-02 2.02821760e-07
1.00000000e-02 1.88171991e-07
