1.00000000e+20 0.00000000e+00
9.50556592e+19 0.00000000e+00
9.03557835e+19 0.00000000e+00
8.58882856e+19 0.00000000e+00
8.16416760e+19 0.00000000e+00
7.76050334e+19 0.00000000e+00
7.37679760e+19 0.00000000e+00
7.01206359e+19 0.00000000e+00
6.66536327e+19 0.00000000e+00
6.33580499e+19 0.00000000e+00
6.02254120e+19 0.00000000e+00
5.72476624e+19 0.00000000e+00
5.44171429e+19 0.00000000e+00
5.17265739e+19 0.00000000e+00
4.91690358e+19 0.00000000e+00
4.67379511e+19 0.00000000e+00
4.44270675e+19 0.00000000e+00
4.22304419e+19 0.00000000e+00
4.01424249e+19 0.00000000e+00
3.81576466e+19 0.00000000e+00
3.62710025e+19 0.00000000e+00
3.44776405e+19 0.00000000e+00
3.27729485e+19 0.00000000e+00
3.11525422e+19 0.00000000e+00
2.96122544e+19 0.00000000e+00
2.81481236e+19 0.00000000e+00
2.67563844e+19 0.00000000e+00
2.54334576e+19 0.00000000e+00
2.41759408e+19 0.00000000e+00
2.29805999e+19 0.00000000e+00
2.18443607e+19 0.00000000e+00
2.07643011e+19 0.00000000e+00
1.97376433e+19 0.00000000e+00
1.87617469e+19 0.00000000e+00
1.78341022e+19 0.00000000e+00
1.69523234e+19 0.00000000e+00
1.61141428e+19 0.00000000e+00
1.53174046e+19 0.00000000e+00
1.45600600e+19 0.00000000e+00
1.38401610e+19 0.00000000e+00
1.31558562e+19 0.00000000e+00
1.25053859e+19 0.00000000e+00
1.18870770e+19 0.00000000e+00
1.12993394e+19 0.00000000e+00
1.07406615e+19 0.00000000e+00
1.02096066e+19 0.00000000e+00
9.70480888e+18 0.00000000e+00
9.22497005e+18 0.00000000e+00
8.76885609e+18 0.00000000e+00
8.33529397e+18 0.00000000e+00
7.92316862e+18 0.00000000e+00
7.53142017e+18 0.00000000e+00
7.15904109e+18 0.00000000e+00
6.80507370e+18 0.00000000e+00
6.46860766e+18 0.00000000e+00
6.14877765e+18 0.00000000e+00
5.84476113e+18 0.00000000e+00
5.55577622e+18 0.00000000e+00
5.28107971e+18 0.00000000e+00
5.01996513e+18 0.00000000e+00
4.77176095e+18 0.00000000e+00
4.53582883e+18 0.00000000e+00
4.31156199e+18 0.00000000e+00
4.09838367e+18 0.00000000e+00
3.89574562e+18 0.00000000e+00
3.70312668e+18 0.00000000e+00
3.52003147e+18 0.00000000e+00
3.34598912e+18 0.00000000e+00
3.18055202e+18 0.00000000e+00
3.02329468e+18 0.00000000e+00
2.87381269e+18 0.00000000e+00
2.73172160e+18 0.00000000e+00
2.59665597e+18 0.00000000e+00
2.46826845e+18 0.00000000e+00
2.34622885e+18 0.00000000e+00
2.23022330e+18 0.00000000e+00
2.11995346e+18 0.00000000e+00
2.01513573e+18 0.00000000e+00
1.91550056e+18 0.00000000e+00
1.82079168e+18 0.00000000e+00
1.73076553e+18 0.00000000e+00
1.64519059e+18 0.00000000e+00
1.56384676e+18 0.00000000e+00
1.48652484e+18 0.00000000e+00
1.41302599e+18 0.00000000e+00
1.34316117e+18 0.00000000e+00
1.27675070e+18 0.00000000e+00
1.21362380e+18 0.00000000e+00
1.15361810e+18 0.00000000e+00
1.09657929e+18 0.00000000e+00
1.04236067e+18 0.00000000e+00
9.90822810e+17 0.00000000e+00
9.41833153e+17 0.00000000e+00
8.95265713e+17 0.00000000e+00
8.51000725e+17 0.00000000e+00
8.08924349e+17 0.00000000e+00
7.68928372e+17 0.00000000e+00
7.30909933e+17 0.00000000e+00
6.94771255e+17 0.00000000e+00
6.60419396e+17 0.00000000e+00
6.27766011e+17 0.00000000e+00
5.96727120e+17 0.00000000e+00
5.67222897e+17 9.84123140e-58
5.39177464e+17 4.80958605e-56
5.12518693e+17 1.99853985e-54
4.87178022e+17 5.63964457e-53
4.63090280e+17 1.61285927e-51
4.40193519e+17 4.08001290e-50
4.18428851e+17 7.14466964e-49
3.97740302e+17 1.20014934e-47
3.78074666e+17 1.93515959e-46
3.59381366e+17 2.29848662e-45
3.41612327e+17 2.73002845e-44
3.24721849e+17 2.72138988e-43
3.08666494e+17 2.28799638e-42
2.93404971e+17 1.99731473e-41
2.78898029e+17 1.51237906e-40
2.65108360e+17 8.29296405e-40
2.52000499e+17 5.28056667e-39
2.39540736e+17 2.64014426e-38
2.27697026e+17 1.47235666e-37
2.16438909e+17 6.37478007e-37
2.05737431e+17 2.86114176e-36
1.95565072e+17 1.23721994e-35
1.85895668e+17 4.20514734e-35
1.76704353e+17 1.43271924e-34
1.67967487e+17 4.86962367e-34
1.59662602e+17 1.34389103e-33
1.51768339e+17 4.44305740e-33
1.44264395e+17 1.14636241e-32
1.37131472e+17 3.06608322e-32
1.30351224e+17 7.86857650e-32
1.23906216e+17 1.75703904e-31
1.17779870e+17 4.49786202e-31
1.11956432e+17 8.88381167e-31
1.06420924e+17 1.66488017e-30
1.01159111e+17 3.90832150e-30
9.61574600e+16 6.39427691e-30
9.14031075e+16 1.33053262e-29
8.68838264e+16 2.18361839e-29
8.25879939e+16 4.30211924e-29
7.85045620e+16 7.03855649e-29
7.46230289e+16 1.28409061e-28
7.09334120e+16 2.01728521e-28
6.74262224e+16 2.89313787e-28
6.40924402e+16 4.61703963e-28
6.09234915e+16 7.55378797e-28
5.79112265e+16 1.15522069e-27
5.50478981e+16 1.53245571e-27
5.23261424e+16 2.11075467e-27
4.97389596e+16 3.02719146e-27
4.72796959e+16 3.74258549e-27
4.49420266e+16 6.11991621e-27
4.27199397e+16 7.70602756e-27
4.06077203e+16 9.53573254e-27
3.85999362e+16 1.14906141e-26
3.66914238e+16 1.64991656e-26
3.48772747e+16 2.09957061e-26
3.31528234e+16 2.43939058e-26
3.15136348e+16 2.93603735e-26
2.99554933e+16 3.63063199e-26
2.84743917e+16 4.57065696e-26
2.70665207e+16 5.79252877e-26
2.57282597e+16 5.65017091e-26
2.44561668e+16 7.11785477e-26
2.32469706e+16 8.81400360e-26
2.20975611e+16 8.60692885e-26
2.10049824e+16 1.03872382e-25
1.99664245e+16 1.20870225e-25
1.89792164e+16 1.34732375e-25
1.80408193e+16 1.51061720e-25
1.71488197e+16 1.59997225e-25
1.63009236e+16 1.78813699e-25
1.54949504e+16 2.08102451e-25
1.47288272e+16 2.04378494e-25
1.40005838e+16 2.46383497e-25
1.33083472e+16 2.44667525e-25
1.26503372e+16 3.01670379e-25
1.20248614e+16 2.98432004e-25
1.14303113e+16 2.95254518e-25
1.08651577e+16 3.69645641e-25
1.03279473e+16 3.66591510e-25
9.81729841e+15 3.65684911e-25
9.33189772e+15 3.68187017e-25
8.87049689e+15 4.66443740e-25
8.43190929e+15 4.72869983e-25
8.01500696e+15 4.62498124e-25
7.61871770e+15 4.72845836e-25
7.24202233e+15 4.84312386e-25
6.88395207e+15 5.79442065e-25
6.54358602e+15 5.88197530e-25
6.22004883e+15 5.94912710e-25
5.91250841e+15 6.07553794e-25
5.62017385e+15 6.35465900e-25
5.34229330e+15 7.39909758e-25
5.07815211e+15 7.59718729e-25
4.82707097e+15 7.56738975e-25
4.58840413e+15 8.03269972e-25
4.36153779e+15 8.03547670e-25
4.14588850e+15 8.60854562e-25
3.94090164e+15 8.54491652e-25
3.74605003e+15 7.45895002e-25
3.56083255e+15 1.05268483e-24
3.38477286e+15 1.04392495e-24
3.21741815e+15 1.06087447e-24
3.05833803e+15 1.07834196e-24
2.90712338e+15 1.18492968e-24
2.76338529e+15 1.22116044e-24
2.62675410e+15 1.21366829e-24
2.49687843e+15 1.26448293e-24
2.37342425e+15 1.40287205e-24
2.25607407e+15 1.48492667e-24
2.14452608e+15 1.55250572e-24
2.03849340e+15 1.60356726e-24
1.93770334e+15 1.75632382e-24
1.84189668e+15 1.72653291e-24
1.75082703e+15 1.88615556e-24
1.66426018e+15 1.88814489e-24
1.58197348e+15 1.93623641e-24
1.50375532e+15 1.78083611e-24
1.42940453e+15 2.25358479e-24
1.35872990e+15 2.19733636e-24
1.29154967e+15 2.32375482e-24
1.22769105e+15 2.44976347e-24
1.16698982e+15 2.61376376e-24
1.10928986e+15 2.66236079e-24
1.05444279e+15 2.78322901e-24
1.00230755e+15 3.23756224e-24
9.52750047e+14 3.12869017e-24
9.05642838e+14 3.26031023e-24
8.60864770e+14 3.22039668e-24
8.18300682e+14 3.48814974e-24
7.77841107e+14 3.70293611e-24
7.39381992e+14 4.01090393e-24
7.02824426e+14 4.11012001e-24
6.68074392e+14 4.41034691e-24
6.35042517e+14 4.50840109e-24
6.03643851e+14 4.51645334e-24
5.73797641e+14 4.94303043e-24
5.45427131e+14 5.15354068e-24
5.18459354e+14 5.39633332e-24
4.92824957e+14 5.58237075e-24
4.68458012e+14 5.86241188e-24
4.45295851e+14 6.01546938e-24
4.23278907e+14 6.60753755e-24
4.02350555e+14 6.88265011e-24
3.82456972e+14 7.31951773e-24
3.63546996e+14 7.76653943e-24
3.45571994e+14 8.11653122e-24
3.28485737e+14 8.34551791e-24
3.12244282e+14 8.78616946e-24
2.96805861e+14 9.21882360e-24
2.82130768e+14 9.68592122e-24
2.68181261e+14 1.04032401e-23
2.54921465e+14 1.05238645e-23
2.42317279e+14 1.12631085e-23
2.30336287e+14 1.19571279e-23
2.18947676e+14 1.26564686e-23
2.08122157e+14 1.30613937e-23
1.97831888e+14 1.39726990e-23
1.88050406e+14 1.46115298e-23
1.78752553e+14 1.52789987e-23
1.69914417e+14 1.63052210e-23
1.61513269e+14 1.69182737e-23
1.53527503e+14 1.77687418e-23
1.45936580e+14 1.84822463e-23
1.38720978e+14 1.97902350e-23
1.31862140e+14 2.07682983e-23
1.25342427e+14 2.14610245e-23
1.19145070e+14 2.25728943e-23
1.13254132e+14 2.42960875e-23
1.07654461e+14 2.50321495e-23
1.02331658e+14 2.63512296e-23
9.72720319e+13 2.79201057e-23
9.24625712e+13 2.93823247e-23
8.78909065e+13 3.06352615e-23
8.35452806e+13 3.21330518e-23
7.94145172e+13 3.38142302e-23
7.54879928e+13 3.57482181e-23
7.17556092e+13 3.77033736e-23
6.82077673e+13 3.94652313e-23
6.48353429e+13 4.17261901e-23
6.16296626e+13 4.37837288e-23
5.85824820e+13 4.60299871e-23
5.56859644e+13 4.83953617e-23
5.29326606e+13 5.09891291e-23
5.03154895e+13 5.33897691e-23
4.78277202e+13 5.62446596e-23
4.54629547e+13 5.93351226e-23
4.32151113e+13 6.21221165e-23
4.10784089e+13 6.56179816e-23
3.90473524e+13 6.91079984e-23
3.71167182e+13 7.24139298e-23
3.52815412e+13 7.66245162e-23
3.35371015e+13 8.02542504e-23
3.18789129e+13 8.43488099e-23
3.03027108e+13 8.87197823e-23
2.88044415e+13 9.35400075e-23
2.73802518e+13 9.84164021e-23
2.60264788e+13 1.03351541e-22
2.47396410e+13 1.08575507e-22
2.35164288e+13 1.14339905e-22
2.23536965e+13 1.20271795e-22
2.12484535e+13 1.26715750e-22
2.01978576e+13 1.33149757e-22
1.91992067e+13 1.39972400e-22
1.82499324e+13 1.47279379e-22
1.73475936e+13 1.54944055e-22
1.64898694e+13 1.63112104e-22
1.56745541e+13 1.71413670e-22
1.48995507e+13 1.80673384e-22
1.41628662e+13 1.90029847e-22
1.34626058e+13 1.99746800e-22
1.27969687e+13 2.09792502e-22
1.21642429e+13 2.20514194e-22
1.15628013e+13 2.32175378e-22
1.09910970e+13 2.44261830e-22
1.04476597e+13 2.57057994e-22
9.93109181e+12 2.70553013e-22
9.44006479e+12 2.84651982e-22
8.97331581e+12 2.99264272e-22
8.52964450e+12 3.15140153e-22
8.10790981e+12 3.30958496e-22
7.70702711e+12 3.48473496e-22
7.32596543e+12 3.66599576e-22
6.96374473e+12 3.85715403e-22
6.61943346e+12 4.05369903e-22
6.29214611e+12 4.26382339e-22
5.98104096e+12 4.49004055e-22
5.68531791e+12 4.71976339e-22
5.40421642e+12 4.96851125e-22
5.13701354e+12 5.22358941e-22
4.88302209e+12 5.50122771e-22
4.64158883e+12 5.78236847e-22
4.41209286e+12 6.08179067e-22
4.19394396e+12 6.40015541e-22
3.98658107e+12 6.73415814e-22
3.78947092e+12 7.08552379e-22
3.60210656e+12 7.44993731e-22
3.42400614e+12 7.84091735e-22
3.25471161e+12 8.24635584e-22
3.09378757e+12 8.67541429e-22
2.94082017e+12 9.12872696e-22
2.79541600e+12 9.60211508e-22
2.65720111e+12 1.01015160e-21
2.52582003e+12 1.06271661e-21
2.40093488e+12 1.11794272e-21
2.28222447e+12 1.17601212e-21
2.16938352e+12 1.23734196e-21
2.06212180e+12 1.30138029e-21
1.96016347e+12 1.36941915e-21
1.86324631e+12 1.44029154e-21
1.77112106e+12 1.51511795e-21
1.68355080e+12 1.59436500e-21
1.60031031e+12 1.67710609e-21
1.52118552e+12 1.76416408e-21
1.44597292e+12 1.85595269e-21
1.37447909e+12 1.95271864e-21
1.30652016e+12 2.05399561e-21
1.24192135e+12 2.16095620e-21
1.18051653e+12 2.27332560e-21
1.12214777e+12 2.39142164e-21
1.06666496e+12 2.51575945e-21
1.01392541e+12 2.64657288e-21
9.63793480e+11 2.78458491e-21
9.16140246e+11 2.92911738e-21
8.70843150e+11 3.08126600e-21
8.27785697e+11 3.24207901e-21
7.86857151e+11 3.41048170e-21
7.47952252e+11 3.58796981e-21
7.10970943e+11 3.77438487e-21
6.75818117e+11 3.97077048e-21
6.42403366e+11 4.17717472e-21
6.10640754e+11 4.39482703e-21
5.80448594e+11 4.62315379e-21
5.51749238e+11 4.86372798e-21
5.24468875e+11 5.11655027e-21
4.98537346e+11 5.38302936e-21
4.73887961e+11 5.66258475e-21
4.50457325e+11 5.95724091e-21
4.28185180e+11 6.26709295e-21
4.07014245e+11 6.59322112e-21
3.86890074e+11 6.93605601e-21
3.67760910e+11 7.29683269e-21
3.49577557e+11 7.67633784e-21
3.32293252e+11 8.07552735e-21
3.15863541e+11 8.49551039e-21
3.00246171e+11 8.93743670e-21
2.85400977e+11 9.40238998e-21
2.71289780e+11 9.89137882e-21
2.57876289e+11 1.04058202e-20
2.45126006e+11 1.09472324e-20
2.33006141e+11 1.15168335e-20
2.21485523e+11 1.21155013e-20
2.10534524e+11 1.27459773e-20
2.00124980e+11 1.34090577e-20
1.90230119e+11 1.41064363e-20
1.80824493e+11 1.48399268e-20
1.71883914e+11 1.56117604e-20
1.63385388e+11 1.64239491e-20
1.55307057e+11 1.72784342e-20
1.47628147e+11 1.81766716e-20
1.40328908e+11 1.91227457e-20
1.33390569e+11 2.01168794e-20
1.26795285e+11 2.11631035e-20
1.20526094e+11 2.22641817e-20
1.14566873e+11 2.34224246e-20
1.08902296e+11 2.46405274e-20
1.03517796e+11 2.59220829e-20
9.83995230e+10 2.72706398e-20
9.35343152e+10 2.86890942e-20
8.89096599e+10 3.01810283e-20
8.45136633e+10 3.17510361e-20
8.03350198e+10 3.34028202e-20
7.63629826e+10 3.51399598e-20
7.25873365e+10 3.69678378e-20
6.89983712e+10 3.88905700e-20
6.55868566e+10 4.09136717e-20
6.23440189e+10 4.30417672e-20
5.92615181e+10 4.52806365e-20
5.63314267e+10 4.76359455e-20
5.35462090e+10 5.01135110e-20
5.08987019e+10 5.27205393e-20
4.83820966e+10 5.54626971e-20
4.59899209e+10 5.83476808e-20
4.37160225e+10 6.13822239e-20
4.15545533e+10 6.45753850e-20
3.94999546e+10 6.79342139e-20
3.75469422e+10 7.14678702e-20
3.56904935e+10 7.51850957e-20
3.39258338e+10 7.90961037e-20
3.22484250e+10 8.32099655e-20
3.06539530e+10 8.75382438e-20
2.91383170e+10 9.20916833e-20
2.76976194e+10 9.68818177e-20
2.63281547e+10 1.01921371e-19
2.50264010e+10 1.07222711e-19
2.37890104e+10 1.12799654e-19
2.26128007e+10 1.18666983e-19
2.14947467e+10 1.24839692e-19
2.04319732e+10 1.31332843e-19
1.94217468e+10 1.38164396e-19
1.84614695e+10 1.45350926e-19
1.75486715e+10 1.52910914e-19
1.66810054e+10 1.60865033e-19
1.58562396e+10 1.69232417e-19
1.50722531e+10 1.78035141e-19
1.43270295e+10 1.87295735e-19
1.36186524e+10 1.97037936e-19
1.29452998e+10 2.07286681e-19
1.23052400e+10 2.18068617e-19
1.16968270e+10 2.29411533e-19
1.11184960e+10 2.41344868e-19
1.05687597e+10 2.53898459e-19
1.00462042e+10 2.67104611e-19
9.54948564e+09 2.80997986e-19
9.07732653e+09 2.95614743e-19
8.62851257e+09 3.10990248e-19
8.20188950e+09 3.27166785e-19
7.79636013e+09 3.44184709e-19
7.41088152e+09 3.62087300e-19
7.04446228e+09 3.80921818e-19
6.69616005e+09 4.00734716e-19
6.36507908e+09 4.21579563e-19
6.05036788e+09 4.43507858e-19
5.75121707e+09 4.66576748e-19
5.46685730e+09 4.90845832e-19
5.19655724e+09 5.16378032e-19
4.93962174e+09 5.43237152e-19
4.69539001e+09 5.71493824e-19
4.46323393e+09 6.01220644e-19
4.24255643e+09 6.32492906e-19
4.03278998e+09 6.65391961e-19
3.83339510e+09 7.00002702e-19
3.64385898e+09 7.36413381e-19
3.46369418e+09 7.74717924e-19
3.29243733e+09 8.15015526e-19
3.12964801e+09 8.57408070e-19
2.97490755e+09 9.02007066e-19
2.82781798e+09 9.48925309e-19
2.68800102e+09 9.98283081e-19
2.55509709e+09 1.05020930e-18
2.42876438e+09 1.10483648e-18
2.30867799e+09 1.16230467e-18
2.19452909e+09 1.22276163e-18
2.08602409e+09 1.28636362e-18
1.98288395e+09 1.35327455e-18
1.88484341e+09 1.42366488e-18
1.79165033e+09 1.49771702e-18
1.70306503e+09 1.57562191e-18
1.61885969e+09 1.65757770e-18
1.53881775e+09 1.74379799e-18
1.46273336e+09 1.83450133e-18
1.39041083e+09 1.92992371e-18
1.32166418e+09 2.03030866e-18
1.25631660e+09 2.13591529e-18
1.19420003e+09 2.24701569e-18
1.13515471e+09 2.36389464e-18
1.07902879e+09 2.48685396e-18
1.02567793e+09 2.61620776e-18
9.74964918e+08 2.75229002e-18
9.26759330e+08 2.89545090e-18
8.80937190e+08 3.04605836e-18
8.37380654e+08 3.20450040e-18
7.95977700e+08 3.37118273e-18
7.56621850e+08 3.54653559e-18
7.19211887e+08 3.73100903e-18
6.83651600e+08 3.92507827e-18
6.49849535e+08 4.12924192e-18
6.17718760e+08 4.34402486e-18
5.87176639e+08 4.56998161e-18
5.58144625e+08 4.80769025e-18
5.30548053e+08 5.05776214e-18
5.04315949e+08 5.32084297e-18
4.79380850e+08 5.59760785e-18
4.55678627e+08 5.88876892e-18
4.33148322e+08 6.19507403e-18
4.11731993e+08 6.51731215e-18
3.91374560e+08 6.85631205e-18
3.72023668e+08 7.21294401e-18
3.53629550e+08 7.58812728e-18
3.36144900e+08 7.98282500e-18
3.19524751e+08 8.39805319e-18
3.03726358e+08 8.83488063e-18
2.88709092e+08 9.29442797e-18
2.74434330e+08 9.77787978e-18
2.60865362e+08 1.02864788e-17
2.47967289e+08 1.08215327e-17
2.35706941e+08 1.13844160e-17
2.24052787e+08 1.19765795e-17
2.12974854e+08 1.25995435e-17
2.02444651e+08 1.32549114e-17
1.92435098e+08 1.39443683e-17
1.82920450e+08 1.46696876e-17
1.73876240e+08 1.54327355e-17
1.65279206e+08 1.62354720e-17
1.57107239e+08 1.70799633e-17
1.49339322e+08 1.79683815e-17
1.41955477e+08 1.89030111e-17
1.34936714e+08 1.98862550e-17
1.28264983e+08 2.09206430e-17
1.21923125e+08 2.20088349e-17
1.15894830e+08 2.31536293e-17
1.10164595e+08 2.43579705e-17
1.04717682e+08 2.56249552e-17
9.95400829e+07 2.69578430e-17
9.46184819e+07 2.83600610e-17
8.99402217e+07 2.98352155e-17
8.54932707e+07 3.13871006e-17
8.12661920e+07 3.30197077e-17
7.72481145e+07 3.47372354e-17
7.34287045e+07 3.65441001e-17
6.97981391e+07 3.84449495e-17
6.63470812e+07 4.04446718e-17
6.30666554e+07 4.25484103e-17
5.99484250e+07 4.47615748e-17
5.69843706e+07 4.70898580e-17
5.41668691e+07 4.95392472e-17
5.14886745e+07 5.21160424e-17
4.89428990e+07 5.48268691e-17
4.65229952e+07 5.76787007e-17
4.42227398e+07 6.06788713e-17
4.20362168e+07 6.38350955e-17
3.99578030e+07 6.71554920e-17
3.79821531e+07 7.06486003e-17
3.61041860e+07 7.43234019e-17
3.43190720e+07 7.81893499e-17
3.26222201e+07 8.22563861e-17
3.10092664e+07 8.65349705e-17
2.94760626e+07 9.10361052e-17
2.80186656e+07 9.57713684e-17
2.66333273e+07 1.00752937e-16
2.53164848e+07 1.05993623e-16
2.40647515e+07 1.11506905e-16
2.28749082e+07 1.17306960e-16
2.17438948e+07 1.23408708e-16
2.06688025e+07 1.29827839e-16
1.96468665e+07 1.36580863e-16
1.86754584e+07 1.43685146e-16
1.77520801e+07 1.51158961e-16
1.68743568e+07 1.59021527e-16
1.60400311e+07 1.67293066e-16
1.52469573e+07 1.75994852e-16
1.44930957e+07 1.85149262e-16
1.37765077e+07 1.94779842e-16
1.30953502e+07 2.04911358e-16
1.24478715e+07 2.15569868e-16
1.18324063e+07 2.26782782e-16
1.12473718e+07 2.38578938e-16
1.06912634e+07 2.50988674e-16
1.01626509e+07 2.64043905e-16
9.66017480e+06 2.77778206e-16
9.18254284e+06 2.92226901e-16
8.72852662e+06 3.07427148e-16
8.29695852e+06 3.23418039e-16
7.88672862e+06 3.40240700e-16
7.49678187e+06 3.57938395e-16
7.12611543e+06 3.76556640e-16
6.77377600e+06 3.96143317e-16
6.43885743e+06 4.16748799e-16
6.12049837e+06 4.38426080e-16
5.81788007e+06 4.61230910e-16
5.53022426e+06 4.85221939e-16
5.25679112e+06 5.10460865e-16
4.99687745e+06 5.37012601e-16
4.74981480e+06 5.64945431e-16
4.51496777e+06 5.94331194e-16
4.29173238e+06 6.25245465e-16
4.07953450e+06 6.57767747e-16
3.87782841e+06 6.91981684e-16
3.68609536e+06 7.27975267e-16
3.50384225e+06 7.65841063e-16
3.33060034e+06 8.05676460e-16
3.16592411e+06 8.47583903e-16
3.00939003e+06 8.91671171e-16
2.86059554e+06 9.38051649e-16
2.71915794e+06 9.86844618e-16
2.58471351e+06 1.03817557e-15
2.45691646e+06 1.09217651e-15
2.33543814e+06 1.14898632e-15
2.21996612e+06 1.20875110e-15
2.11020343e+06 1.27162457e-15
2.00586778e+06 1.33776841e-15
1.90669084e+06 1.40735275e-15
1.81241755e+06 1.48055653e-15
1.72280545e+06 1.55756802e-15
1.63762407e+06 1.63858528e-15
1.55665436e+06 1.72381668e-15
1.47968806e+06 1.81348141e-15
1.40652724e+06 1.90781008e-15
1.33698374e+06 2.00704527e-15
1.27087871e+06 2.11144221e-15
1.20804213e+06 2.22126938e-15
1.14831241e+06 2.33680924e-15
1.09153594e+06 2.45835893e-15
1.03756668e+06 2.58623107e-15
9.86265846e+05 2.72075451e-15
9.37501502e+05 2.86227522e-15
8.91148232e+05 3.01115718e-15
8.47086827e+05 3.16778326e-15
8.05203967e+05 3.33255630e-15
7.65391939e+05 3.50590006e-15
7.27548353e+05 3.68826034e-15
6.91575883e+05 3.88010614e-15
6.57382014e+05 4.08193086e-15
6.24878807e+05 4.29425355e-15
5.93982669e+05 4.51762027e-15
5.64614142e+05 4.75260548e-15
5.36697695e+05 4.99981352e-15
5.10161531e+05 5.25988016e-15
4.84937407e+05 5.53347425e-15
4.60960449e+05 5.82129943e-15
4.38168993e+05 6.12409593e-15
4.16504425e+05 6.44264250e-15
3.95911027e+05 6.77775837e-15
3.76335836e+05 7.13030541e-15
3.57728510e+05 7.50119032e-15
3.40041193e+05 7.89136694e-15
3.23228398e+05 8.30183874e-15
3.07246884e+05 8.73366139e-15
2.92055551e+05 9.18794546e-15
2.77615329e+05 9.66585931e-15
2.63889081e+05 1.01686320e-14
2.50841506e+05 1.06975567e-14
2.38439047e+05 1.12539936e-14
2.26649808e+05 1.18393738e-14
2.15443469e+05 1.24552028e-14
2.04791210e+05 1.31030645e-14
1.94665634e+05 1.37846250e-14
1.85040702e+05 1.45016372e-14
1.75891659e+05 1.52559452e-14
1.67194976e+05 1.60494888e-14
1.58928287e+05 1.68843091e-14
1.51070330e+05 1.77625530e-14
1.43600898e+05 1.86864793e-14
1.36500781e+05 1.96584642e-14
1.29751717e+05 2.06810074e-14
1.23336350e+05 2.17567388e-14
1.17238180e+05 2.28884252e-14
1.11441525e+05 2.40789769e-14
1.05931476e+05 2.53314560e-14
1.00693863e+05 2.66490838e-14
9.57152154e+04 2.80352489e-14
9.09827289e+04 2.94935165e-14
8.64842328e+04 3.10276370e-14
8.22081576e+04 3.26415561e-14
7.81435061e+04 3.43394246e-14
7.42798248e+04 3.61256092e-14
7.06071771e+04 3.80047039e-14
6.71161177e+04 3.99815416e-14
6.37976681e+04 4.20612065e-14
6.06432940e+04 4.42490473e-14
5.76448828e+04 4.65506910e-14
5.47947234e+04 4.89720574e-14
5.20854855e+04 5.15193741e-14
4.95102016e+04 5.41991925e-14
4.70622485e+04 5.70184053e-14
4.47353305e+04 5.99842631e-14
4.25234633e+04 6.31043943e-14
4.04209584e+04 6.63868236e-14
3.84224085e+04 6.98399936e-14
3.65226736e+04 7.34727857e-14
3.47168682e+04 7.72945436e-14
3.30003479e+04 8.13150970e-14
3.13686982e+04 8.55447867e-14
2.98177229e+04 8.99944920e-14
2.83434331e+04 9.46756575e-14
2.69420371e+04 9.96003238e-14
2.56099310e+04 1.04781157e-13
2.43436887e+04 1.10231484e-13
2.31400538e+04 1.15965322e-13
2.19959307e+04 1.21997421e-13
2.09083769e+04 1.28343295e-13
1.98745955e+04 1.35019267e-13
1.88919278e+04 1.42042509e-13
1.79578465e+04 1.49431087e-13
1.70699493e+04 1.57204005e-13
1.62259529e+04 1.65381257e-13
1.54236865e+04 1.73983878e-13
1.46610868e+04 1.83033995e-13
1.39361927e+04 1.92554890e-13
1.32471399e+04 2.02571052e-13
1.25921561e+04 2.13108247e-13
1.19695570e+04 2.24193582e-13
1.13777413e+04 2.35855572e-13
1.08151870e+04 2.48124218e-13
1.02804473e+04 2.61031081e-13
9.77214697e+03 2.74609364e-13
9.28897872e+03 2.88893998e-13
8.82969996e+03 3.03921733e-13
8.39312950e+03 3.19731230e-13
7.97814457e+03 3.36363162e-13
7.58367791e+03 3.53860319e-13
7.20871503e+03 3.72267717e-13
6.85229160e+03 3.91632717e-13
6.51349095e+03 4.12005142e-13
6.19144176e+03 4.33437411e-13
5.88531578e+03 4.55984669e-13
5.59432571e+03 4.79704932e-13
5.31772318e+03 5.04659237e-13
5.05479682e+03 5.30911796e-13
4.80487044e+03 5.58530166e-13
4.56730127e+03 5.87585418e-13
4.34147833e+03 6.18152327e-13
4.12682085e+03 6.50309556e-13
3.92277676e+03 6.84139868e-13
3.72882131e+03 7.19730334e-13
3.54445567e+03 7.57172556e-13
3.36920571e+03 7.96562909e-13
3.20262069e+03 8.38002788e-13
3.04427221e+03 8.81598864e-13
2.89375302e+03 9.27463367e-13
2.75067601e+03 9.75714374e-13
2.61467321e+03 1.02647611e-12
2.48539486e+03 1.07987927e-12
2.36250847e+03 1.13606136e-12
2.24569800e+03 1.19516705e-12
2.13466303e+03 1.25734855e-12
2.02911802e+03 1.32276601e-12
1.92879151e+03 1.39158790e-12
1.83342548e+03 1.46399150e-12
1.74277468e+03 1.54016331e-12
1.65660596e+03 1.62029958e-12
1.57469771e+03 1.70460676e-12
1.49683929e+03 1.79330208e-12
1.42283046e+03 1.88661411e-12
1.35248087e+03 1.98478333e-12
1.28560961e+03 2.08806277e-12
1.22204469e+03 2.19671866e-12
1.16162263e+03 2.31103113e-12
1.10418805e+03 2.43129491e-12
1.04959323e+03 2.55782016e-12
9.97697764e+02 2.69093319e-12
9.48368187e+02 2.83097738e-12
9.01477631e+02 2.97831403e-12
8.56905505e+02 3.13332333e-12
8.14537177e+02 3.29640534e-12
7.74263683e+02 3.46798103e-12
7.35981448e+02 3.64849339e-12
6.99592017e+02 3.83840856e-12
6.65001803e+02 4.03821709e-12
6.32121848e+02 4.24843520e-12
6.00867589e+02 4.46960613e-12
5.71158648e+02 4.70230160e-12
5.42918618e+02 4.94712324e-12
5.16074871e+02 5.20470426e-12
4.90558371e+02 5.47571104e-12
4.66303493e+02 5.76084494e-12
4.43247859e+02 6.06084413e-12
4.21332174e+02 6.37648555e-12
4.00500076e+02 6.70858695e-12
3.80697987e+02 7.05800908e-12
3.61874981e+02 7.42565797e-12
3.43982649e+02 7.81248733e-12
3.26974974e+02 8.21950113e-12
3.10808217e+02 8.64775623e-12
2.95440800e+02 9.09836528e-12
2.80833200e+02 9.57249963e-12
2.66947849e+02 1.00713926e-11
2.53749038e+02 1.05963426e-11
2.41202821e+02 1.11487169e-11
2.29276931e+02 1.17299552e-11
2.17940698e+02 1.23415736e-11
2.07164968e+02 1.29851686e-11
1.96922026e+02 1.36624219e-11
1.87185529e+02 1.43751044e-11
1.77930439e+02 1.51250817e-11
1.69132952e+02 1.59143188e-11
1.60770442e+02 1.67448861e-11
1.52821404e+02 1.76189647e-11
1.45265393e+02 1.85388528e-11
1.38082977e+02 1.95069725e-11
1.31255684e+02 2.05258760e-11
1.24765955e+02 2.15982537e-11
1.18597101e+02 2.27269415e-11
1.12733256e+02 2.39149291e-11
1.07159340e+02 2.51653692e-11
1.01861017e+02 2.64815864e-11
9.68246612e+01 2.78670872e-11
9.20373200e+01 2.93255707e-11
8.74866812e+01 3.08609400e-11
8.31610415e+01 3.24773140e-11
7.90492762e+01 3.41790401e-11
7.51408106e+01 3.59707083e-11
7.14255929e+01 3.78571657e-11
6.78940681e+01 3.98435321e-11
6.45371540e+01 4.19352167e-11
6.13462172e+01 4.41379366e-11
5.83130511e+01 4.64577356e-11
5.54298552e+01 4.89010054e-11
5.26892142e+01 5.14745077e-11
5.00840799e+01 5.41853987e-11
4.76077523e+01 5.70412549e-11
4.52538628e+01 6.00501013e-11
4.30163576e+01 6.32204418e-11
4.08894823e+01 6.65612924e-11
3.88677669e+01 7.00822170e-11
3.69460121e+01 7.37933662e-11
3.51192753e+01 7.77055201e-11
3.33828586e+01 8.18301339e-11
3.17322963e+01 8.61793893e-11
3.01633435e+01 9.07662490e-11
2.86719650e+01 9.54279165e-11
2.72543253e+01 1.00503841e-10
2.59067786e+01 1.05857021e-10
2.46258592e+01 1.11503485e-10
2.34082728e+01 1.17460301e-10
2.22508880e+01 1.23745651e-10
2.11507282e+01 1.30378921e-10
2.01049642e+01 1.37380797e-10
1.91109062e+01 1.44773371e-10
1.81659979e+01 1.52580257e-10
1.72678090e+01 1.60826718e-10
1.64140297e+01 1.69539808e-10
1.56024641e+01 1.78748528e-10
1.48310251e+01 1.88487472e-10
1.40977287e+01 1.98774051e-10
1.34006890e+01 2.09655736e-10
1.27381132e+01 2.21173954e-10
1.21082975e+01 2.33373155e-10
1.15096220e+01 2.46290602e-10
1.09405471e+01 2.59979003e-10
1.03996091e+01 2.74489978e-10
9.88541702e+00 2.89879496e-10
9.39664831e+00 3.06209602e-10
8.93204600e+00 3.23546997e-10
8.49041520e+00 3.41964550e-10
8.07062014e+00 3.61541429e-10
7.67158118e+00 3.82363953e-10
7.29227206e+00 4.04526363e-10
6.93171728e+00 4.28131579e-10
6.58898955e+00 4.53292215e-10
6.26320745e+00 4.80131591e-10
5.95353313e+00 5.08784930e-10
5.65917016e+00 5.39400657e-10
5.37936150e+00 5.72141866e-10
5.11338754e+00 6.07187949e-10
4.86056423e+00 6.44736410e-10
4.62024137e+00 6.85004890e-10
4.39180089e+00 7.28233426e-10
4.17465529e+00 7.74686956e-10
3.96824610e+00 8.24658116e-10
3.77204249e+00 8.78470346e-10
3.58553986e+00 9.36481344e-10
3.40825855e+00 9.99086907e-10
3.23974263e+00 1.06672519e-09
3.07955871e+00 1.13988143e-09
2.92729484e+00 1.21909322e-09
2.78255940e+00 1.30495630e-09
2.64498018e+00 1.39813099e-09
2.51420335e+00 1.49934937e-09
2.38989257e+00 1.60942317e-09
2.27172813e+00 1.72925248e-09
2.15940615e+00 1.85835773e-09
2.05263775e+00 2.00054673e-09
1.95114835e+00 2.15580485e-09
1.85467692e+00 2.32549426e-09
1.76297538e+00 2.51373144e-09
1.67580786e+00 2.71727258e-09
1.59295021e+00 2.94033112e-09
1.51418933e+00 3.18493186e-09
1.43932264e+00 3.45335283e-09
1.36815763e+00 3.74811801e-09
1.30051125e+00 4.07202339e-09
1.23620954e+00 4.42816569e-09
1.17508713e+00 4.81997401e-09
1.11698682e+00 5.25124468e-09
1.06175918e+00 5.72617976e-09
1.00926219e+00 6.24942934e-09
9.59360829e-01 6.82613817e-09
9.11926760e-01 7.46199703e-09
8.66837993e-01 8.16333505e-09
8.23978568e-01 8.93704474e-09
7.83238260e-01 9.79084821e-09
7.44512291e-01 1.07332443e-08
7.07701066e-01 1.17736221e-08
6.72709914e-01 1.29223510e-08
6.39448843e-01 1.41908797e-08
6.07832313e-01 1.55918448e-08
5.77779012e-01 1.71391884e-08
5.49211648e-01 1.88482881e-08
5.22056753e-01 2.07360973e-08
4.96244488e-01 2.28212986e-08
4.71708469e-01 2.51244706e-08
4.48385595e-01 2.76682679e-08
4.26215883e-01 3.04776163e-08
4.05142317e-01 3.35799232e-08
3.85110700e-01 3.70053037e-08
3.66069515e-01 4.07868224e-08
3.47969790e-01 4.49607516e-08
3.30764978e-01 4.95668456e-08
3.14410830e-01 5.46486293e-08
2.98865287e-01 6.02537022e-08
2.84088369e-01 6.64340538e-08
2.70042072e-01 7.32463893e-08
2.56690272e-01 8.07524627e-08
2.43998630e-01 8.90194113e-08
2.31934506e-01 9.81200878e-08
2.20466874e-01 1.08133382e-07
2.09566240e-01 1.19144524e-07
1.99204571e-01 1.31245358e-07
1.89355218e-01 1.44534577e-07
1.79992851e-01 1.59117895e-07
1.71093391e-01 1.75108158e-07
1.62633950e-01 1.92625347e-07
1.54592774e-01 2.11796483e-07
1.46949180e-01 2.32755380e-07
1.39683512e-01 2.55642240e-07
1.32777083e-01 2.80603054e-07
1.26212131e-01 3.07788777e-07
1.19971774e-01 3.37354251e-07
1.14039960e-01 3.69456845e-07
1.08401436e-01 4.04254784e-07
1.03041699e-01 4.41905138e-07
9.79469667e-02 4.82561449e-07
9.31041349e-02 5.26370987e-07
8.85007491e-02 5.73471599e-07
8.41249705e-02 6.23988155e-07
7.99655453e-02 6.78028547e-07
7.60117762e-02 7.35679216e-07
7.22534949e-02 7.97000135e-07
6.86810359e-02 8.62019132e-07
6.52852114e-02 9.30725420e-07
6.20572881e-02 1.00306210e-06
5.89889643e-02 1.07891745e-06
5.60723488e-02 1.15811466e-06
5.32999408e-02 1.24040002e-06
5.06646101e-02 1.32542939e-06
4.81595791e-02 1.41275336e-06
4.57784054e-02 1.50180172e-06
4.35149650e-02 1.59186850e-06
4.13634368e-02 1.68209921e-06
3.93182876e-02 1.77148388e-06
3.73742574e-02 1.85885557e-06
3.55263468e-02 1.94290139e-06
3.37698031e-02 2.02218564e-06
3.21001090e-02 2.09518773e-06
3.05129702e-02 2.16035499e-06
2.90043049e-02 2.21616832e-06
2.75702333e-02 2.26121661e-06
2.62070670e-02 2.29427387e-06
2.49113003e-02 2.31437156e-06
2.36796007e-02 2.32085848e-06
2.25088005e-02 2.31344165e-06
2.13958887e-02 2.29220393e-06
2.03380031e-02 2.25759673e-06
1.93324229e-02 2.21040980e-06
1.83765620e-02 2.15172222e-06
1.74679622e-02 2.08286854e-06
1.66042866e-02 2.00632691e-06
1.57833141e-02 1.92227238e-06
1.50029332e-02 1.83013403e-06
1.42611371e-02 1.73575397e-06
1.35560179e-02 1.63881184e-06
1.28857621e-02 1.54076031e-06
1.22486461e-02 1.44281703e-06
1.16430313e-02 1.34608747e-06
1.10673602e-02 1.25152082e-06
1.05201522e-02 1.12164250e-06
1.00000000e-02 1.04062652e-06
