# columns: m1/T[GeV^-1]	<sigmaV>(GeV^-2)
1.00000000e-01	2.27372477e-06
1.10175281e-01	1.87510079e-06
1.21385926e-01	1.54575043e-06
1.33737286e-01	1.27383509e-06
1.47345431e-01	1.04948169e-06
1.62338243e-01	8.64474501e-07
1.78856616e-01	7.11989182e-07
1.97055780e-01	5.86365369e-07
2.17106760e-01	4.82913598e-07
2.39197984e-01	3.97752469e-07
2.63537052e-01	3.27671865e-07
2.90352688e-01	2.70018584e-07
3.19896892e-01	2.22600968e-07
3.52447300e-01	1.83609612e-07
3.88309805e-01	1.51551541e-07
4.27821420e-01	1.25195632e-07
4.71353453e-01	1.03527321e-07
5.19314994e-01	8.57111333e-08
5.72156756e-01	7.10595367e-08
6.30375315e-01	5.90070902e-08
6.94517777e-01	4.90889923e-08
7.65186915e-01	4.09232902e-08
8.43046837e-01	3.41961680e-08
9.28829225e-01	2.86498189e-08
1.02334021e+00	2.40724773e-08
1.12746796e+00	2.02902371e-08
1.24219100e+00	1.71603378e-08
1.36858742e+00	1.45656492e-08
1.50784505e+00	1.24090824e-08
1.66127252e+00	1.06143156e-08
1.83031168e+00	9.11553979e-09
2.01655104e+00	7.86006144e-09
2.22174078e+00	6.80479764e-09
2.44780916e+00	5.91454347e-09
2.69688063e+00	5.16054053e-09
2.97129582e+00	4.51930046e-09
3.27363353e+00	3.97163612e-09
3.60673495e+00	3.50186630e-09
3.97373038e+00	3.09688224e-09
4.37806863e+00	2.74681865e-09
4.82354943e+00	2.44260871e-09
5.31435916e+00	2.17731659e-09
5.85511016e+00	1.94501675e-09
6.45088409e+00	1.74087415e-09
7.10727970e+00	1.56087690e-09
7.83046540e+00	1.40168034e-09
8.62723729e+00	1.26048385e-09
9.50508296e+00	1.13493152e-09
1.04722519e+01	1.02307148e-09
1.15378330e+01	9.23118238e-10
1.27118400e+01	8.33687371e-10
1.40053055e+01	7.53537990e-10
1.54303847e+01	6.81600907e-10
1.70004698e+01	6.16950509e-10
1.87303154e+01	5.58781889e-10
2.06361777e+01	5.06392150e-10
2.27359668e+01	4.59165083e-10
2.50494154e+01	4.16558522e-10
2.75982639e+01	3.78093874e-10
3.04064649e+01	3.43347398e-10
3.35004083e+01	3.11942900e-10
3.69091691e+01	2.83545583e-10
4.06647809e+01	2.57856843e-10
4.48025368e+01	2.34609832e-10
4.93613210e+01	2.13565673e-10
5.43839743e+01	1.94510192e-10
5.99176967e+01	1.77251105e-10
6.60144909e+01	1.61615567e-10
7.27316511e+01	1.47448046e-10
8.01323013e+01	1.34608449e-10
8.82859884e+01	1.22970491e-10
9.72693362e+01	1.12420242e-10
1.07166765e+02	1.02854856e-10
1.18071285e+02	9.41814362e-11
1.30085370e+02	8.63160293e-11
1.43321923e+02	7.91827307e-11
1.57905331e+02	7.27128840e-11
1.73972643e+02	6.68443670e-11
1.91674849e+02	6.15209517e-11
2.11178304e+02	5.66917302e-11
2.32666291e+02	5.23106000e-11
2.56340741e+02	4.83358005e-11
2.82424133e+02	4.47294968e-11
3.11161583e+02	4.14574042e-11
3.42823149e+02	3.84884502e-11
3.77706369e+02	3.57944691e-11
4.16139055e+02	3.33499272e-11
4.58482375e+02	3.11316738e-11
5.05134247e+02	2.91187168e-11
5.56533078e+02	2.72920195e-11
6.13161884e+02	2.56343170e-11
6.75552832e+02	2.41299504e-11
7.44292233e+02	2.27647157e-11
8.20026062e+02	2.15257288e-11
9.03466021e+02	2.04013014e-11
9.95396231e+02	1.93808297e-11
1.09668060e+03	1.84546937e-11
1.20827094e+03	1.76141651e-11
1.33121590e+03	1.68513244e-11
1.46667087e+03	1.61589861e-11
1.61590875e+03	1.55306301e-11
1.78033202e+03	1.49603399e-11
1.96148581e+03	1.44427470e-11
2.16107251e+03	1.39729794e-11
2.38096772e+03	1.35466163e-11
2.62323788e+03	1.31596457e-11
2.89015972e+03	1.28084267e-11
3.18424160e+03	1.24896551e-11
3.50824714e+03	1.22003326e-11
3.86522116e+03	1.19377376e-11
4.25851829e+03	1.16994006e-11
4.69183451e+03	1.14830802e-11
5.16924187e+03	1.12867421e-11
5.69522678e+03	1.11085401e-11
6.27473213e+03	1.09467988e-11
6.91320378e+03	1.07999974e-11
7.61664172e+03	1.06667558e-11
8.39165644e+03	1.05458212e-11
9.24553110e+03	1.04360568e-11
1.01862899e+04	1.03364308e-11
1.12227736e+04	1.02460067e-11
1.23647224e+04	1.01639343e-11
1.36228676e+04	1.00894424e-11
1.50090328e+04	1.00218307e-11
1.65362441e+04	9.96046370e-12
1.82188534e+04	9.90476458e-12
2.00726730e+04	9.85420984e-12
2.21151240e+04	9.80832432e-12
2.43654001e+04	9.76667675e-12
2.68446481e+04	9.72887570e-12
2.95761666e+04	9.69456591e-12
3.25856248e+04	9.66342492e-12
3.59013038e+04	9.63516004e-12
3.95543624e+04	9.60950565e-12
4.35791301e+04	9.58622063e-12
4.80134292e+04	9.56508616e-12
5.28989308e+04	9.54590361e-12
5.82815458e+04	9.52849270e-12
6.42118571e+04	9.51268980e-12
7.07455942e+04	9.49834642e-12
7.79441575e+04	9.48532773e-12
8.58751948e+04	9.47351141e-12
9.46132376e+04	9.46278640e-12
1.04240401e+05	9.45305192e-12
1.14847155e+05	9.44421647e-12
1.26533176e+05	9.43619703e-12
1.39408283e+05	9.42891824e-12
1.53593468e+05	9.42231168e-12
1.69222035e+05	9.41631528e-12
1.86440853e+05	9.41087269e-12
2.05411735e+05	9.40593275e-12
2.26312957e+05	9.40144904e-12
2.49340937e+05	9.39737943e-12
2.74712079e+05	9.39368566e-12
3.02664806e+05	9.39033304e-12
3.33461802e+05	9.38729006e-12
3.67392478e+05	9.38452811e-12
4.04775697e+05	9.38202124e-12
4.45962763e+05	9.37974589e-12
4.91340729e+05	9.37768069e-12
5.41336030e+05	9.37580622e-12
5.96418495e+05	9.37410487e-12
6.57105755e+05	9.37256064e-12
7.23968114e+05	9.37115904e-12
7.97633907e+05	9.36988688e-12
8.78795401e+05	9.36873221e-12
9.68215306e+05	9.36768418e-12
1.06673394e+06	9.36673294e-12
1.17527712e+06	9.36586955e-12
1.29486487e+06	9.36508591e-12
1.42662102e+06	9.36437463e-12
1.57178372e+06	9.36372905e-12
1.73171713e+06	9.36314309e-12
1.90792422e+06	9.36261124e-12
2.10206088e+06	9.36212852e-12
2.31595149e+06	9.36169038e-12
2.55160607e+06	9.36129270e-12
2.81123917e+06	9.36093175e-12
3.09729067e+06	9.36060413e-12
3.41244871e+06	9.36030678e-12
3.75967497e+06	9.36003689e-12
4.14223247e+06	9.35979192e-12
4.56371628e+06	9.35956957e-12
5.02808725e+06	9.35936776e-12
5.53970928e+06	9.35918459e-12
6.10339029e+06	9.35901834e-12
6.72442742e+06	9.35886743e-12
7.40865683e+06	9.35873047e-12
8.16250851e+06	9.35860616e-12
8.99306672e+06	9.35849332e-12
9.90813657e+06	9.35839091e-12
1.09163173e+07	9.35829796e-12
1.20270833e+07	9.35821359e-12
1.32508729e+07	9.35813701e-12
1.45991865e+07	9.35806751e-12
1.60846948e+07	9.35800442e-12
1.77213578e+07	9.35794715e-12
1.95245558e+07	9.35789519e-12
2.15112343e+07	9.35784802e-12
2.37000629e+07	9.35780520e-12
2.61116110e+07	9.35776634e-12
2.87685409e+07	9.35773109e-12
3.16958209e+07	9.35769905e-12
3.49209598e+07	9.35767001e-12
3.84742658e+07	9.35764363e-12
4.23891306e+07	9.35761968e-12
4.67023439e+07	9.35759795e-12
5.14544388e+07	9.35757826e-12
5.66900727e+07	9.35756034e-12
6.24584471e+07	9.35754407e-12
6.88137699e+07	9.35752934e-12
7.58157646e+07	9.35751601e-12
8.35302320e+07	9.35750379e-12
9.20296681e+07	9.35749280e-12
1.01393946e+08	9.35748273e-12
1.11711065e+08	9.35747375e-12
1.23077980e+08	9.35746542e-12
1.35601511e+08	9.35745786e-12
1.49399346e+08	9.35745110e-12
1.64601150e+08	9.35744487e-12
1.81349780e+08	9.35743944e-12
1.99802631e+08	9.35743429e-12
2.20133111e+08	9.35742981e-12
2.42532274e+08	9.35742562e-12
2.67210616e+08	9.35742171e-12
2.94400048e+08	9.35741829e-12
3.24356081e+08	9.35741518e-12
3.57360225e+08	9.35741235e-12
3.93722633e+08	9.35740966e-12
4.33785019e+08	9.35740751e-12
4.77923865e+08	9.35740529e-12
5.26553963e+08	9.35740347e-12
5.80132310e+08	9.35740182e-12
6.39162405e+08	9.35739991e-12
7.04198979e+08	9.35739879e-12
7.75853206e+08	9.35739746e-12
8.54798453e+08	9.35739573e-12
9.41776601e+08	9.35739530e-12
1.03760502e+09	9.35739440e-12
1.14318425e+09	9.35739237e-12
1.25950646e+09	9.35739274e-12
1.38766479e+09	9.35739123e-12
1.52886359e+09	9.35739013e-12
1.68442976e+09	9.35739034e-12
1.85582523e+09	9.35738952e-12
2.04466067e+09	9.35739056e-12
2.25271064e+09	9.35738822e-12
2.48193029e+09	9.35738825e-12
2.73447368e+09	9.35738794e-12
3.01271407e+09	9.35738844e-12
3.31926620e+09	9.35738775e-12
3.65701088e+09	9.35738632e-12
4.02912203e+09	9.35738810e-12
4.43909653e+09	9.35738436e-12
4.89078709e+09	9.35738703e-12
5.38843844e+09	9.35738213e-12
5.93672722e+09	9.35738611e-12
6.54080591e+09	9.35738297e-12
7.20635132e+09	9.35738174e-12
7.93961785e+09	9.35738779e-12
8.74749630e+09	9.35738716e-12
9.63757866e+09	9.35738175e-12
1.06182294e+10	9.35737988e-12
1.16986641e+10	9.35739023e-12
1.28890361e+10	9.35738152e-12
1.42005318e+10	9.35737628e-12
1.56454759e+10	9.35739077e-12
1.72374471e+10	9.35738722e-12
1.89914058e+10	9.35737811e-12
2.09238348e+10	9.35738085e-12
2.30528939e+10	9.35738074e-12
2.53985907e+10	9.35739737e-12
2.79829688e+10	9.35739929e-12
3.08303146e+10	9.35738201e-12
3.39673858e+10	9.35737555e-12
3.74236629e+10	9.35737179e-12
4.12316259e+10	9.35735986e-12
4.54270599e+10	9.35740002e-12
5.00493910e+10	9.35741072e-12
5.51420574e+10	9.35740515e-12
6.07529169e+10	9.35739642e-12
6.69346971e+10	9.35736157e-12
7.37454909e+10	9.35740372e-12
8.12493021e+10	9.35737306e-12
8.95166472e+10	9.35742872e-12
9.86252179e+10	9.35733316e-12
1.08660611e+11	9.35736865e-12
1.19717134e+11	9.35737002e-12
1.31898690e+11	9.35745043e-12
1.45319752e+11	9.35738389e-12
1.60106446e+11	9.35734581e-12
1.76397728e+11	9.35742807e-12
1.94346693e+11	9.35735049e-12
2.14122015e+11	9.35741595e-12
2.35909533e+11	9.35729434e-12
2.59913992e+11	9.35737931e-12
2.86360972e+11	9.35752741e-12
3.15499006e+11	9.35730817e-12
3.47601918e+11	9.35733759e-12
3.82971391e+11	9.35747765e-12
4.21939808e+11	9.35729193e-12
4.64873371e+11	9.35749355e-12
5.12175544e+11	9.35757745e-12
5.64290847e+11	9.35760922e-12
6.21709029e+11	9.35717629e-12
6.84969672e+11	9.35696879e-12
7.54667263e+11	9.35764501e-12
8.31456781e+11	9.35765718e-12
9.16059848e+11	9.35761202e-12
1.00927151e+12	9.35717344e-12
1.11196773e+12	9.35713351e-12
1.22511358e+12	9.35697070e-12
1.34977233e+12	9.35778205e-12
1.48711546e+12	9.35785261e-12
1.63843365e+12	9.35691839e-12
1.80514888e+12	9.35816721e-12
1.98882786e+12	9.35711019e-12
2.19119669e+12	9.35715276e-12
2.41415712e+12	9.35735921e-12
2.65980440e+12	9.35594032e-12
2.93044698e+12	9.35792306e-12
3.22862820e+12	9.35659193e-12
3.55715021e+12	9.35861671e-12
3.91910025e+12	9.36054538e-12
4.31787973e+12	9.35692972e-12
4.75723614e+12	9.35589714e-12
5.24129830e+12	9.36042750e-12
5.77461515e+12	9.35754660e-12
6.36219849e+12	9.35775431e-12
7.00957009e+12	9.35973354e-12
7.72281357e+12	9.35735776e-12
8.50863158e+12	9.35725301e-12
9.37440879e+12	9.36105592e-12
1.03282813e+13	9.35617436e-12
1.13792129e+13	9.35419863e-12
1.25370799e+13	9.35730419e-12
1.38127630e+13	9.35085693e-12
1.52182505e+13	9.36560850e-12
1.67667503e+13	9.36477832e-12
1.84728144e+13	9.34798847e-12
2.03524752e+13	9.35746446e-12
2.24233968e+13	9.35329643e-12
2.47050406e+13	9.34926169e-12
2.72188479e+13	9.35819540e-12
2.99884423e+13	9.35536469e-12
3.30398507e+13	9.36926750e-12
3.64017485e+13	9.36006720e-12
4.01057288e+13	9.36221497e-12
4.41865996e+13	9.38647260e-12
4.86827104e+13	9.33507060e-12
5.36363132e+13	9.31857502e-12
5.90939590e+13	9.32440641e-12
6.51069356e+13	9.33866960e-12
7.17317494e+13	9.32960220e-12
7.90306568e+13	9.28301421e-12
8.70722485e+13	9.26451204e-12
9.59320948e+13	9.35601709e-12
1.05693455e+14	9.27467479e-12
1.16448062e+14	9.33893728e-12
1.28296980e+14	9.33400987e-12
1.41351558e+14	9.36163333e-12
1.55734477e+14	9.30425224e-12
1.71580899e+14	9.35352749e-12
1.89039738e+14	9.23573182e-12
2.08275063e+14	9.22295190e-12
2.29467637e+14	9.38443724e-12
2.52816614e+14	9.49097674e-12
2.78541416e+14	9.15469682e-12
3.06883789e+14	9.25972582e-12
3.38110078e+14	9.33590673e-12
3.72513730e+14	9.37871771e-12
4.10418050e+14	9.37709258e-12
4.52179242e+14	9.26584456e-12
4.98189752e+14	9.17206183e-12
5.48881961e+14	9.08862903e-12
6.04732245e+14	9.44331703e-12
6.66265452e+14	9.26880700e-12
7.34059837e+14	9.61476733e-12
8.08752491e+14	9.30896902e-12
8.91045332e+14	9.63353271e-12
9.81711702e+14	9.28626186e-12
1.08160363e+15	9.58178542e-12
1.19165984e+15	9.87810448e-12
1.31291459e+15	8.36741961e-12
1.44650734e+15	7.58885927e-12
1.59369353e+15	7.95688454e-12
1.75585633e+15	8.08856034e-12
1.93451965e+15	8.48481772e-12
2.13136247e+15	8.59051372e-12
2.34823460e+15	7.39683482e-12
2.58717408e+15	7.38664064e-12
2.85042632e+15	7.74546832e-12
3.14046522e+15	7.65820583e-12
3.46001639e+15	8.02890151e-12
3.81208280e+15	8.41661745e-12
4.19997295e+15	8.83458064e-12
4.62733201e+15	8.59376718e-12
5.09817606e+15	9.02034308e-12
5.61692982e+15	9.45287981e-12
6.18846824e+15	9.92244174e-12
6.81816229e+15	1.03960283e-11
7.51192949e+15	2.83790947e-12
8.27628946e+15	2.95571186e-12
9.11842520e+15	3.10212036e-12
1.00462506e+16	3.25628717e-12
1.10684849e+16	3.41790591e-12
1.21947344e+16	3.55472974e-12
1.34355829e+16	3.73060353e-12
1.48026913e+16	3.91554569e-12
1.63089068e+16	4.11052668e-12
1.79683839e+16	4.31410125e-12
1.97967175e+16	4.47296716e-12
2.18110892e+16	1.40931868e-13
2.40304289e+16	1.47747799e-13
2.64755927e+16	1.55003496e-13
2.91695588e+16	1.62667061e-13
3.21376434e+16	1.70731300e-13
3.54077391e+16	1.79661148e-13
3.90105762e+16	1.88293250e-13
4.29800121e+16	1.97511937e-13
4.73533492e+16	2.07264553e-13
5.21716858e+16	2.17534634e-13
5.74803016e+16	0.00000000e+00
6.33290840e+16	0.00000000e+00
6.97729965e+16	0.00000000e+00
7.68725952e+16	0.00000000e+00
8.46945981e+16	0.00000000e+00
9.33125118e+16	0.00000000e+00
1.02807322e+17	0.00000000e+00
1.13268257e+17	0.00000000e+00
1.24793621e+17	0.00000000e+00
1.37491723e+17	0.00000000e+00
1.51481892e+17	0.00000000e+00
1.66895601e+17	0.00000000e+00
1.83877698e+17	0.00000000e+00
2.02587771e+17	0.00000000e+00
2.23201647e+17	0.00000000e+00
2.45913043e+17	0.00000000e+00
2.70935387e+17	0.00000000e+00
2.98503825e+17	0.00000000e+00
3.28877429e+17	0.00000000e+00
3.62341632e+17	0.00000000e+00
3.99210913e+17	0.00000000e+00
4.39831747e+17	0.00000000e+00
4.84585864e+17	0.00000000e+00
5.33893840e+17	0.00000000e+00
5.88219040e+17	0.00000000e+00
6.48071983e+17	0.00000000e+00
7.14015130e+17	0.00000000e+00
7.86668179e+17	0.00000000e+00
8.66713880e+17	0.00000000e+00
9.54904456e+17	0.00000000e+00
1.05206867e+18	0.00000000e+00
1.15911962e+18	0.00000000e+00
1.27706330e+18	0.00000000e+00
1.40700809e+18	0.00000000e+00
1.55017512e+18	0.00000000e+00
1.70790980e+18	0.00000000e+00
1.88169442e+18	0.00000000e+00
2.07316213e+18	0.00000000e+00
2.28411221e+18	0.00000000e+00
2.51652705e+18	0.00000000e+00
2.77259076e+18	0.00000000e+00
3.05470967e+18	0.00000000e+00
3.36553498e+18	0.00000000e+00
3.70798763e+18	0.00000000e+00
4.08528580e+18	0.00000000e+00
4.50097513e+18	0.00000000e+00
4.95896201e+18	0.00000000e+00
5.46355035e+18	0.00000000e+00
6.01948197e+18	0.00000000e+00
6.63198120e+18	0.00000000e+00
7.30680395e+18	0.00000000e+00
8.05029181e+18	0.00000000e+00
8.86943166e+18	0.00000000e+00
9.77192128e+18	0.00000000e+00
1.07662418e+19	0.00000000e+00
1.18617372e+19	0.00000000e+00
1.30687023e+19	0.00000000e+00
1.43984795e+19	0.00000000e+00
1.58635653e+19	0.00000000e+00
1.74777277e+19	0.00000000e+00
1.92561357e+19	0.00000000e+00
2.12155017e+19	0.00000000e+00
2.33742387e+19	0.00000000e+00
2.57526333e+19	0.00000000e+00
2.83730362e+19	0.00000000e+00
3.12600724e+19	0.00000000e+00
3.44408728e+19	0.00000000e+00
3.79453285e+19	0.00000000e+00
4.18063724e+19	0.00000000e+00
4.60602884e+19	0.00000000e+00
5.07470524e+19	0.00000000e+00
5.59107078e+19	0.00000000e+00
6.15997796e+19	0.00000000e+00
6.78677305e+19	0.00000000e+00
7.47734631e+19	0.00000000e+00
8.23818733e+19	0.00000000e+00
9.07644607e+19	0.00000000e+00
1.00000000e+20	0.00000000e+00
