# columns: m1/T[GeV^-1]	<sigmaV>(GeV^-2)
1.00000000e-02	9.71934111e-09
1.10684849e-02	1.18623870e-08
1.22511358e-02	1.44537636e-08
1.35601511e-02	1.75755949e-08
1.50090328e-02	2.13202305e-08
1.66127252e-02	2.57896360e-08
1.83877698e-02	3.10938455e-08
2.03524752e-02	3.73481033e-08
2.25271064e-02	4.46682320e-08
2.49340937e-02	5.31636771e-08
2.75982639e-02	6.29275852e-08
3.05470967e-02	7.40232486e-08
3.38110078e-02	8.64663216e-08
3.74236629e-02	1.00202521e-07
4.14223247e-02	1.15081147e-07
4.58482375e-02	1.30826420e-07
5.07470524e-02	1.47009513e-07
5.61692982e-02	1.63028873e-07
6.21709029e-02	1.78109431e-07
6.88137699e-02	1.91330236e-07
7.61664172e-02	2.01698341e-07
8.43046837e-02	2.08271300e-07
9.33125118e-02	2.10322364e-07
1.03282813e-01	2.07516568e-07
1.14318425e-01	2.00041616e-07
1.26533176e-01	1.88319216e-07
1.40053055e-01	1.74330556e-07
1.55017512e-01	1.58906623e-07
1.71580899e-01	1.38932606e-07
1.89914058e-01	1.26517644e-07
2.10206088e-01	1.14685428e-07
2.32666291e-01	1.03956309e-07
2.57526333e-01	9.42301772e-08
2.85042632e-01	8.50565960e-08
3.15499006e-01	7.85974883e-08
3.49209598e-01	7.23552442e-08
3.86522116e-01	6.62993268e-08
4.27821420e-01	6.03814690e-08
4.73533492e-01	5.45962609e-08
5.24129830e-01	4.89808821e-08
5.80132310e-01	4.35436434e-08
6.42118571e-01	3.85074757e-08
7.10727970e-01	3.38084132e-08
7.86668179e-01	2.95070144e-08
8.70722485e-01	2.56313760e-08
9.63757866e-01	2.21841712e-08
1.06673394e+00	1.91522307e-08
1.18071285e+00	1.65096189e-08
1.30687023e+00	1.42232494e-08
1.44650734e+00	1.22564583e-08
1.60106446e+00	1.05709643e-08
1.77213578e+00	9.13229730e-09
1.96148581e+00	7.90555085e-09
2.17106760e+00	6.86007176e-09
2.40304289e+00	5.96868992e-09
2.65980440e+00	5.20772977e-09
2.94400048e+00	4.55683562e-09
3.25856248e+00	3.99868730e-09
3.60673495e+00	3.51866465e-09
3.99210913e+00	3.10421894e-09
4.41865996e+00	2.74574014e-09
4.89078709e+00	2.43423665e-09
5.41336030e+00	2.16274561e-09
5.99176967e+00	1.92526848e-09
6.63198120e+00	1.71687322e-09
7.34059837e+00	1.53344428e-09
8.12493021e+00	1.37153579e-09
8.99306672e+00	1.22825277e-09
9.95396231e+00	1.10115361e-09
1.10175281e+01	9.88201963e-10
1.21947344e+01	8.87562836e-10
1.34977233e+01	7.97780891e-10
1.49399346e+01	7.17562971e-10
1.65362441e+01	6.45794052e-10
1.83031168e+01	5.81508391e-10
2.02587771e+01	5.23865998e-10
2.24233968e+01	4.72133364e-10
2.48193029e+01	4.25667625e-10
2.74712079e+01	3.83903475e-10
3.04064649e+01	3.46342297e-10
3.36553498e+01	3.12543092e-10
3.72513730e+01	2.82114868e-10
4.12316259e+01	2.54710203e-10
4.56371628e+01	2.30019797e-10
5.05134247e+01	2.07767814e-10
5.59107078e+01	1.87707882e-10
6.18846824e+01	1.69619658e-10
6.84969672e+01	1.53305843e-10
7.58157646e+01	1.38589587e-10
8.39165644e+01	1.25312227e-10
9.28829225e+01	1.13331304e-10
1.02807322e+02	1.02518815e-10
1.13792129e+02	9.27596763e-11
1.25950646e+02	8.39503621e-11
1.39408283e+02	7.59977010e-11
1.54303847e+02	6.88178030e-11
1.70790980e+02	6.23351073e-11
1.89039738e+02	5.64815328e-11
2.09238348e+02	5.11957199e-11
2.31595149e+02	4.64223521e-11
2.56340741e+02	4.21115499e-11
2.83730362e+02	3.82183268e-11
3.14046522e+02	3.47021023e-11
3.47601918e+02	3.15262642e-11
3.84742658e+02	2.86577759e-11
4.25851829e+02	2.60668234e-11
4.71353453e+02	2.37264979e-11
5.21716858e+02	2.16125101e-11
5.77461515e+02	1.97029333e-11
6.39162405e+02	1.79779718e-11
7.07455942e+02	1.64197529e-11
7.83046540e+02	1.50121383e-11
8.66713880e+02	1.37405558e-11
9.59320948e+02	1.25918460e-11
1.06182294e+03	1.15541250e-11
1.17527712e+03	1.06166602e-11
1.30085370e+03	9.76975864e-12
1.43984795e+03	9.00466562e-12
1.59369353e+03	8.31347394e-12
1.76397728e+03	7.68904152e-12
1.95245558e+03	7.12491722e-12
2.16107251e+03	6.61527389e-12
2.39197984e+03	6.15484787e-12
2.64755927e+03	5.73888445e-12
2.93044698e+03	5.36308855e-12
3.24356081e+03	5.02358026e-12
3.59013038e+03	4.71685467e-12
3.97373038e+03	4.43974553e-12
4.39831747e+03	4.18939257e-12
4.86827104e+03	3.96321185e-12
5.38843844e+03	3.75886906e-12
5.96418495e+03	3.57425541e-12
6.60144909e+03	3.40746579e-12
7.30680395e+03	3.25677911e-12
8.08752491e+03	3.12064050e-12
8.95166472e+03	2.99764528e-12
9.90813657e+03	2.88652440e-12
1.09668060e+04	2.78613138e-12
1.21385926e+04	2.69543045e-12
1.34355829e+04	2.61348585e-12
1.48711546e+04	2.53945219e-12
1.64601150e+04	2.47256570e-12
1.82188534e+04	2.41213637e-12
2.01655104e+04	2.35754079e-12
2.23201647e+04	2.30821576e-12
2.47050406e+04	2.26365245e-12
2.73447368e+04	2.22339116e-12
3.02664806e+04	2.18701658e-12
3.35004083e+04	2.15415348e-12
3.70798763e+04	2.12446286e-12
4.10418050e+04	2.09763846e-12
4.54270599e+04	2.07340359e-12
5.02808725e+04	2.05150824e-12
5.56533078e+04	2.03172658e-12
6.15997796e+04	2.01385454e-12
6.81816229e+04	1.99770779e-12
7.54667263e+04	1.98311977e-12
8.35302320e+04	1.96994001e-12
9.24553110e+04	1.95803255e-12
1.02334021e+05	1.94727458e-12
1.13268257e+05	1.93755513e-12
1.25370799e+05	1.92877394e-12
1.38766479e+05	1.92084044e-12
1.53593468e+05	1.91367279e-12
1.70004698e+05	1.90719707e-12
1.88169442e+05	1.90134648e-12
2.08275063e+05	1.89606068e-12
2.30528939e+05	1.89128514e-12
2.55160607e+05	1.88697060e-12
2.82424133e+05	1.88307256e-12
3.12600724e+05	1.87955081e-12
3.46001639e+05	1.87636904e-12
3.82971391e+05	1.87349441e-12
4.23891306e+05	1.87089729e-12
4.69183451e+05	1.86855087e-12
5.19314994e+05	1.86643097e-12
5.74803016e+05	1.86451571e-12
6.36219849e+05	1.86278533e-12
7.04198979e+05	1.86122200e-12
7.79441575e+05	1.85980958e-12
8.62723729e+05	1.85853351e-12
9.54904456e+05	1.85738062e-12
1.05693455e+06	1.85633903e-12
1.16986641e+06	1.85539798e-12
1.29486487e+06	1.85454778e-12
1.43321923e+06	1.85377965e-12
1.58635653e+06	1.85308567e-12
1.75585633e+06	1.85245869e-12
1.94346693e+06	1.85189223e-12
2.15112343e+06	1.85138045e-12
2.38096772e+06	1.85091807e-12
2.63537052e+06	1.85050034e-12
2.91695588e+06	1.85012292e-12
3.22862820e+06	1.84978194e-12
3.57360225e+06	1.84947388e-12
3.95543624e+06	1.84919555e-12
4.37806863e+06	1.84894410e-12
4.84585864e+06	1.84871691e-12
5.36363132e+06	1.84851166e-12
5.93672722e+06	1.84832622e-12
6.57105755e+06	1.84815869e-12
7.27316511e+06	1.84800732e-12
8.05029181e+06	1.84787057e-12
8.91045332e+06	1.84774702e-12
9.86252179e+06	1.84763539e-12
1.09163173e+07	1.84753455e-12
1.20827094e+07	1.84744343e-12
1.33737286e+07	1.84736111e-12
1.48026913e+07	1.84728674e-12
1.63843365e+07	1.84721955e-12
1.81349780e+07	1.84715885e-12
2.00726730e+07	1.84710400e-12
2.22174078e+07	1.84705445e-12
2.45913043e+07	1.84700968e-12
2.72188479e+07	1.84696924e-12
3.01271407e+07	1.84693269e-12
3.33461802e+07	1.84689967e-12
3.69091691e+07	1.84686985e-12
4.08528580e+07	1.84684291e-12
4.52179242e+07	1.84681856e-12
5.00493910e+07	1.84679656e-12
5.53970928e+07	1.84677669e-12
6.13161884e+07	1.84675873e-12
6.78677305e+07	1.84674251e-12
7.51192949e+07	1.84672784e-12
8.31456781e+07	1.84671463e-12
9.20296681e+07	1.84670265e-12
1.01862899e+08	1.84669184e-12
1.12746796e+08	1.84668207e-12
1.24793621e+08	1.84667326e-12
1.38127630e+08	1.84666531e-12
1.52886359e+08	1.84665805e-12
1.69222035e+08	1.84665158e-12
1.87303154e+08	1.84664569e-12
2.07316213e+08	1.84664038e-12
2.29467637e+08	1.84663562e-12
2.53985907e+08	1.84663125e-12
2.81123917e+08	1.84662737e-12
3.11161583e+08	1.84662379e-12
3.44408728e+08	1.84662067e-12
3.81208280e+08	1.84661764e-12
4.21939808e+08	1.84661515e-12
4.67023439e+08	1.84661272e-12
5.16924187e+08	1.84661073e-12
5.72156756e+08	1.84660871e-12
6.33290840e+08	1.84660698e-12
7.00957009e+08	1.84660542e-12
7.75853206e+08	1.84660391e-12
8.58751948e+08	1.84660268e-12
9.50508296e+08	1.84660146e-12
1.05206867e+09	1.84660035e-12
1.16448062e+09	1.84659937e-12
1.28890361e+09	1.84659882e-12
1.42662102e+09	1.84659805e-12
1.57905331e+09	1.84659723e-12
1.74777277e+09	1.84659667e-12
1.93451965e+09	1.84659576e-12
2.14122015e+09	1.84659531e-12
2.37000629e+09	1.84659482e-12
2.62323788e+09	1.84659423e-12
2.90352688e+09	1.84659454e-12
3.21376434e+09	1.84659437e-12
3.55715021e+09	1.84659350e-12
3.93722633e+09	1.84659333e-12
4.35791301e+09	1.84659258e-12
4.82354943e+09	1.84659278e-12
5.33893840e+09	1.84659166e-12
5.90939590e+09	1.84659299e-12
6.54080591e+09	1.84659232e-12
7.23968114e+09	1.84659283e-12
8.01323013e+09	1.84659240e-12
8.86943166e+09	1.84659103e-12
9.81711702e+09	1.84659084e-12
1.08660611e+10	1.84659003e-12
1.20270833e+10	1.84659007e-12
1.33121590e+10	1.84659072e-12
1.47345431e+10	1.84658856e-12
1.63089068e+10	1.84659246e-12
1.80514888e+10	1.84658931e-12
1.99802631e+10	1.84659439e-12
2.21151240e+10	1.84659300e-12
2.44780916e+10	1.84659352e-12
2.70935387e+10	1.84659119e-12
2.99884423e+10	1.84659180e-12
3.31926620e+10	1.84658768e-12
3.67392478e+10	1.84659104e-12
4.06647809e+10	1.84659586e-12
4.50097513e+10	1.84659612e-12
4.98189752e+10	1.84658878e-12
5.51420574e+10	1.84658670e-12
6.10339029e+10	1.84659128e-12
6.75552832e+10	1.84660498e-12
7.47734631e+10	1.84657973e-12
8.27628946e+10	1.84659362e-12
9.16059848e+10	1.84657695e-12
1.01393946e+11	1.84659110e-12
1.12227736e+11	1.84657218e-12
1.24219100e+11	1.84660220e-12
1.37491723e+11	1.84661514e-12
1.52182505e+11	1.84660432e-12
1.68442976e+11	1.84660442e-12
1.86440853e+11	1.84658912e-12
2.06361777e+11	1.84656375e-12
2.28411221e+11	1.84655833e-12
2.52816614e+11	1.84655386e-12
2.79829688e+11	1.84651133e-12
3.09729067e+11	1.84654056e-12
3.42823149e+11	1.84664952e-12
3.79453285e+11	1.84659238e-12
4.19997295e+11	1.84653348e-12
4.64873371e+11	1.84662591e-12
5.14544388e+11	1.84664229e-12
5.69522678e+11	1.84657659e-12
6.30375315e+11	1.84653917e-12
6.97729965e+11	1.84649659e-12
7.72281357e+11	1.84657423e-12
8.54798453e+11	1.84669856e-12
9.46132376e+11	1.84667083e-12
1.04722519e+12	1.84662919e-12
1.15911962e+12	1.84656382e-12
1.28296980e+12	1.84647167e-12
1.42005318e+12	1.84655846e-12
1.57178372e+12	1.84651020e-12
1.73972643e+12	1.84699966e-12
1.92561357e+12	1.84655764e-12
2.13136247e+12	1.84625048e-12
2.35909533e+12	1.84708257e-12
2.61116110e+12	1.84631245e-12
2.89015972e+12	1.84655986e-12
3.19896892e+12	1.84669015e-12
3.54077391e+12	1.84621445e-12
3.91910025e+12	1.84618003e-12
4.33785019e+12	1.84709984e-12
4.80134292e+12	1.84645957e-12
5.31435916e+12	1.84666527e-12
5.88219040e+12	1.84628531e-12
6.51069356e+12	1.84649887e-12
7.20635132e+12	1.84558406e-12
7.97633907e+12	1.84787849e-12
8.82859884e+12	1.84506209e-12
9.77192128e+12	1.84732696e-12
1.08160363e+13	1.84726688e-12
1.19717134e+13	1.84632834e-12
1.32508729e+13	1.84747744e-12
1.46667087e+13	1.84806203e-12
1.62338243e+13	1.84898406e-12
1.79683839e+13	1.84307200e-12
1.98882786e+13	1.84856249e-12
2.20133111e+13	1.84795023e-12
2.43654001e+13	1.84530528e-12
2.69688063e+13	1.85362186e-12
2.98503825e+13	1.85000017e-12
3.30398507e+13	1.85497346e-12
3.65701088e+13	1.83492447e-12
4.04775697e+13	1.83399083e-12
4.48025368e+13	1.83616291e-12
4.95896201e+13	1.83087114e-12
5.48881961e+13	1.84716871e-12
6.07529169e+13	1.84157622e-12
6.72442742e+13	1.84143674e-12
7.44292233e+13	1.85645160e-12
8.23818733e+13	1.84406852e-12
9.11842520e+13	1.84956995e-12
1.00927151e+14	1.84210794e-12
1.11711065e+14	1.85529028e-12
1.23647224e+14	1.83007442e-12
1.36858742e+14	1.83669239e-12
1.51481892e+14	1.86549857e-12
1.67667503e+14	1.81224605e-12
1.85582523e+14	1.83350396e-12
2.05411735e+14	1.84842579e-12
2.27359668e+14	1.86596960e-12
2.51652705e+14	1.87689291e-12
2.78541416e+14	1.89112743e-12
3.08303146e+14	1.79437040e-12
3.41244871e+14	1.78362037e-12
3.77706369e+14	1.84044942e-12
4.18063724e+14	1.81044902e-12
4.62733201e+14	1.88227086e-12
5.12175544e+14	1.82646860e-12
5.66900727e+14	1.89432815e-12
6.27473213e+14	1.96296454e-12
6.94517777e+14	1.89316176e-12
7.68725952e+14	1.95478604e-12
8.50863158e+14	1.66211751e-12
9.41776601e+14	1.51104990e-12
1.04240401e+15	1.58755987e-12
1.15378330e+15	1.61943802e-12
1.27706330e+15	1.64254695e-12
1.41351558e+15	1.72544993e-12
1.56454759e+15	1.42077582e-12
1.73171713e+15	1.49069911e-12
1.91674849e+15	1.56597824e-12
2.12155017e+15	1.55286564e-12
2.34823460e+15	1.63193013e-12
2.59913992e+15	1.71513709e-12
2.87685409e+15	1.67256546e-12
3.18424160e+15	1.75647234e-12
3.52447300e+15	1.84627426e-12
3.90105762e+15	1.94193866e-12
4.31787973e+15	2.03896772e-12
4.77923865e+15	5.62344496e-13
5.28989308e+15	5.87306355e-13
5.85511016e+15	6.14813650e-13
6.48071983e+15	6.54173261e-13
7.17317494e+15	6.86582188e-13
7.93961785e+15	7.15437672e-13
8.78795401e+15	7.61748155e-13
9.72693362e+15	7.93156131e-13
1.07662418e+16	8.28730236e-13
1.19165984e+16	8.72699764e-13
1.31898690e+16	9.09974942e-13
1.45991865e+16	4.13157979e-14
1.61590875e+16	3.86458221e-14
1.78856616e+16	3.71520686e-14
1.97967175e+16	3.66229125e-14
2.19119669e+16	3.68668970e-14
2.42532274e+16	3.77159431e-14
2.68446481e+16	3.90275909e-14
2.97129582e+16	4.06868983e-14
3.28877429e+16	4.26071615e-14
3.64017485e+16	0.00000000e+00
4.02912203e+16	0.00000000e+00
4.45962763e+16	0.00000000e+00
4.93613210e+16	0.00000000e+00
5.46355035e+16	0.00000000e+00
6.04732245e+16	0.00000000e+00
6.69346971e+16	0.00000000e+00
7.40865683e+16	0.00000000e+00
8.20026062e+16	0.00000000e+00
9.07644607e+16	0.00000000e+00
1.00462506e+17	0.00000000e+00
1.11196773e+17	0.00000000e+00
1.23077980e+17	0.00000000e+00
1.36228676e+17	0.00000000e+00
1.50784505e+17	0.00000000e+00
1.66895601e+17	0.00000000e+00
1.84728144e+17	0.00000000e+00
2.04466067e+17	0.00000000e+00
2.26312957e+17	0.00000000e+00
2.50494154e+17	0.00000000e+00
2.77259076e+17	0.00000000e+00
3.06883789e+17	0.00000000e+00
3.39673858e+17	0.00000000e+00
3.75967497e+17	0.00000000e+00
4.16139055e+17	0.00000000e+00
4.60602884e+17	0.00000000e+00
5.09817606e+17	0.00000000e+00
5.64290847e+17	0.00000000e+00
6.24584471e+17	0.00000000e+00
6.91320378e+17	0.00000000e+00
7.65186915e+17	0.00000000e+00
8.46945981e+17	0.00000000e+00
9.37440879e+17	0.00000000e+00
1.03760502e+18	0.00000000e+00
1.14847155e+18	0.00000000e+00
1.27118400e+18	0.00000000e+00
1.40700809e+18	0.00000000e+00
1.55734477e+18	0.00000000e+00
1.72374471e+18	0.00000000e+00
1.90792422e+18	0.00000000e+00
2.11178304e+18	0.00000000e+00
2.33742387e+18	0.00000000e+00
2.58717408e+18	0.00000000e+00
2.86360972e+18	0.00000000e+00
3.16958209e+18	0.00000000e+00
3.50824714e+18	0.00000000e+00
3.88309805e+18	0.00000000e+00
4.29800121e+18	0.00000000e+00
4.75723614e+18	0.00000000e+00
5.26553963e+18	0.00000000e+00
5.82815458e+18	0.00000000e+00
6.45088409e+18	0.00000000e+00
7.14015130e+18	0.00000000e+00
7.90306568e+18	0.00000000e+00
8.74749630e+18	0.00000000e+00
9.68215306e+18	0.00000000e+00
1.07166765e+19	0.00000000e+00
1.18617372e+19	0.00000000e+00
1.31291459e+19	0.00000000e+00
1.45319752e+19	0.00000000e+00
1.60846948e+19	0.00000000e+00
1.78033202e+19	0.00000000e+00
1.97055780e+19	0.00000000e+00
2.18110892e+19	0.00000000e+00
2.41415712e+19	0.00000000e+00
2.67210616e+19	0.00000000e+00
2.95761666e+19	0.00000000e+00
3.27363353e+19	0.00000000e+00
3.62341632e+19	0.00000000e+00
4.01057288e+19	0.00000000e+00
4.43909653e+19	0.00000000e+00
4.91340729e+19	0.00000000e+00
5.43839743e+19	0.00000000e+00
6.01948197e+19	0.00000000e+00
6.66265452e+19	0.00000000e+00
7.37454909e+19	0.00000000e+00
8.16250851e+19	0.00000000e+00
9.03466021e+19	0.00000000e+00
1.00000000e+20	0.00000000e+00
