1.00000000e+20 0.00000000e+00
9.03466021e+19 0.00000000e+00
8.16250851e+19 0.00000000e+00
7.37454909e+19 0.00000000e+00
6.66265452e+19 0.00000000e+00
6.01948197e+19 0.00000000e+00
5.43839743e+19 0.00000000e+00
4.91340729e+19 0.00000000e+00
4.43909653e+19 0.00000000e+00
4.01057288e+19 0.00000000e+00
3.62341632e+19 0.00000000e+00
3.27363353e+19 0.00000000e+00
2.95761666e+19 0.00000000e+00
2.67210616e+19 0.00000000e+00
2.41415712e+19 0.00000000e+00
2.18110892e+19 0.00000000e+00
1.97055780e+19 0.00000000e+00
1.78033202e+19 0.00000000e+00
1.60846948e+19 0.00000000e+00
1.45319752e+19 0.00000000e+00
1.31291459e+19 0.00000000e+00
1.18617372e+19 0.00000000e+00
1.07166765e+19 0.00000000e+00
9.68215306e+18 0.00000000e+00
8.74749630e+18 0.00000000e+00
7.90306568e+18 0.00000000e+00
7.14015130e+18 0.00000000e+00
6.45088409e+18 0.00000000e+00
5.82815458e+18 0.00000000e+00
5.26553963e+18 0.00000000e+00
4.75723614e+18 0.00000000e+00
4.29800121e+18 0.00000000e+00
3.88309805e+18 0.00000000e+00
3.50824714e+18 0.00000000e+00
3.16958209e+18 0.00000000e+00
2.86360972e+18 0.00000000e+00
2.58717408e+18 0.00000000e+00
2.33742387e+18 0.00000000e+00
2.11178304e+18 0.00000000e+00
1.90792422e+18 0.00000000e+00
1.72374471e+18 0.00000000e+00
1.55734477e+18 0.00000000e+00
1.40700809e+18 0.00000000e+00
1.27118400e+18 0.00000000e+00
1.14847155e+18 0.00000000e+00
1.03760502e+18 0.00000000e+00
9.37440879e+17 0.00000000e+00
8.46945981e+17 0.00000000e+00
7.65186915e+17 0.00000000e+00
6.91320378e+17 0.00000000e+00
6.24584471e+17 0.00000000e+00
5.64290847e+17 0.00000000e+00
5.09817606e+17 0.00000000e+00
4.60602884e+17 3.81732029e-57
4.16139055e+17 5.22259219e-54
3.75967497e+17 4.22327952e-51
3.39673858e+17 1.63437297e-48
3.06883789e+17 3.86893701e-46
2.77259076e+17 4.22597409e-44
2.50494154e+17 3.55444880e-42
2.26312957e+17 2.05963845e-40
2.04466067e+17 7.49474001e-39
1.84728144e+17 1.84836831e-37
1.66895601e+17 3.15555717e-36
1.50784505e+17 4.51123705e-35
1.36228676e+17 4.82594428e-34
1.23077980e+17 4.10714843e-33
1.11196773e+17 3.03194584e-32
1.00462506e+17 1.62083019e-31
9.07644607e+16 7.70939019e-31
8.20026062e+16 2.99204716e-30
7.40865683e+16 1.10744769e-29
6.69346971e+16 3.29318753e-29
6.04732245e+16 9.61197744e-29
5.46355035e+16 2.16113363e-28
4.93613210e+16 5.64730524e-28
4.45962763e+16 1.11923445e-27
4.02912203e+16 2.26093200e-27
3.64017485e+16 3.60437793e-27
3.28877429e+16 6.94067968e-27
2.97129582e+16 1.11317185e-26
2.68446481e+16 1.77353639e-26
2.42532274e+16 2.13836462e-26
2.19119669e+16 3.41372439e-26
1.97967175e+16 4.19961130e-26
1.78856616e+16 6.28122100e-26
1.61590875e+16 7.16321434e-26
1.45991865e+16 9.71449951e-26
1.31898690e+16 1.06704580e-25
1.19165984e+16 1.51729160e-25
1.07662418e+16 1.48659948e-25
9.72693362e+15 1.84124555e-25
8.78795401e+15 2.33711195e-25
7.93961785e+15 2.41817326e-25
7.17317494e+15 3.02225122e-25
6.48071983e+15 3.26681275e-25
5.85511016e+15 4.02298651e-25
5.28989308e+15 4.33893390e-25
4.77923865e+15 4.66625672e-25
4.31787973e+15 5.84593164e-25
3.90105762e+15 5.32799720e-25
3.52447300e+15 7.20731849e-25
3.18424160e+15 7.58446963e-25
2.87685409e+15 9.21290531e-25
2.59913992e+15 9.79480114e-25
2.34823460e+15 1.14089919e-24
2.12155017e+15 1.18753551e-24
1.91674849e+15 1.43283110e-24
1.73171713e+15 1.58723536e-24
1.56454759e+15 1.66225679e-24
1.41351558e+15 1.99681088e-24
1.27706330e+15 2.16624521e-24
1.15378330e+15 2.32140285e-24
1.04240401e+15 2.62794399e-24
9.41776601e+14 3.07682996e-24
8.50863158e+14 3.31213837e-24
7.68725952e+14 3.80041556e-24
6.94517777e+14 3.93330526e-24
6.27473213e+14 4.51945278e-24
5.66900727e+14 5.00653358e-24
5.12175544e+14 5.50119306e-24
4.62733201e+14 5.85467597e-24
4.18063724e+14 6.46444717e-24
3.77706369e+14 7.37514989e-24
3.41244871e+14 8.36229381e-24
3.08303146e+14 9.05580742e-24
2.78541416e+14 9.95641243e-24
2.51652705e+14 1.09446196e-23
2.27359668e+14 1.21838695e-23
2.05411735e+14 1.39247070e-23
1.85582523e+14 1.54497757e-23
1.67667503e+14 1.67534634e-23
1.51481892e+14 1.83659338e-23
1.36858742e+14 2.04034092e-23
1.23647224e+14 2.29074503e-23
1.11711065e+14 2.50172073e-23
1.00927151e+14 2.77658262e-23
9.11842520e+13 3.10935280e-23
8.23818733e+13 3.41373016e-23
7.44292233e+13 3.77128097e-23
6.72442742e+13 4.21725446e-23
6.07529169e+13 4.60584455e-23
5.48881961e+13 5.13298439e-23
4.95896201e+13 5.68809885e-23
4.48025368e+13 6.27046505e-23
4.04775697e+13 6.97638620e-23
3.65701088e+13 7.73005309e-23
3.30398507e+13 8.54001745e-23
2.98503825e+13 9.44384710e-23
2.69688063e+13 1.04723595e-22
2.43654001e+13 1.15713040e-22
2.20133111e+13 1.27891677e-22
1.98882786e+13 1.41511614e-22
1.79683839e+13 1.56964111e-22
1.62338243e+13 1.73858746e-22
1.46667087e+13 1.92064365e-22
1.32508729e+13 2.12705169e-22
1.19717134e+13 2.35352421e-22
1.08160363e+13 2.61022876e-22
9.77192128e+12 2.88597209e-22
8.82859884e+12 3.18952252e-22
7.97633907e+12 3.53307889e-22
7.20635132e+12 3.91472902e-22
6.51069356e+12 4.33007856e-22
5.88219040e+12 4.79115907e-22
5.31435916e+12 5.30456719e-22
4.80134292e+12 5.87372771e-22
4.33785019e+12 6.50080936e-22
3.91910025e+12 7.19147483e-22
3.54077391e+12 7.96299802e-22
3.19896892e+12 8.81759296e-22
2.89015972e+12 9.75694174e-22
2.61116110e+12 1.07964230e-21
2.35909533e+12 1.19533706e-21
2.13136247e+12 1.32328108e-21
1.92561357e+12 1.46459650e-21
1.73972643e+12 1.62111980e-21
1.57178372e+12 1.79415282e-21
1.42005318e+12 1.98589944e-21
1.28296980e+12 2.19757072e-21
1.15911962e+12 2.43289725e-21
1.04722519e+12 2.69248970e-21
9.46132376e+11 2.98034687e-21
8.54798453e+11 3.29881374e-21
7.72281357e+11 3.65134396e-21
6.97729965e+11 4.04139501e-21
6.30375315e+11 4.47344776e-21
5.69522678e+11 4.95134059e-21
5.14544388e+11 5.48036529e-21
4.64873371e+11 6.06599505e-21
4.19997295e+11 6.71405098e-21
3.79453285e+11 7.43141686e-21
3.42823149e+11 8.22528869e-21
3.09729067e+11 9.10418631e-21
2.79829688e+11 1.00770481e-20
2.52816614e+11 1.11537751e-20
2.28411221e+11 1.23455135e-20
2.06361777e+11 1.36647560e-20
1.86440853e+11 1.51248146e-20
1.68442976e+11 1.67407049e-20
1.52182505e+11 1.85292206e-20
1.37491723e+11 2.05092682e-20
1.24219100e+11 2.27009590e-20
1.12227736e+11 2.51260596e-20
1.01393946e+11 2.78110169e-20
9.16059848e+10 3.07828550e-20
8.27628946e+10 3.40717214e-20
7.47734631e+10 3.77122499e-20
6.75552832e+10 4.17415844e-20
6.10339029e+10 4.62014442e-20
5.51420574e+10 5.11381269e-20
4.98189752e+10 5.66020564e-20
4.50097513e+10 6.26502077e-20
4.06647809e+10 6.93443730e-20
3.67392478e+10 7.67533889e-20
3.31926620e+10 8.49545117e-20
2.99884423e+10 9.40319683e-20
2.70935387e+10 1.04078827e-19
2.44780916e+10 1.15199781e-19
2.21151240e+10 1.27508821e-19
1.99802631e+10 1.41132905e-19
1.80514888e+10 1.56212718e-19
1.63089068e+10 1.72903833e-19
1.47345431e+10 1.91377965e-19
1.33121590e+10 2.11826362e-19
1.20270833e+10 2.34460015e-19
1.08660611e+10 2.59511659e-19
9.81711702e+09 2.87239896e-19
8.86943166e+09 3.17932043e-19
8.01323013e+09 3.51901779e-19
7.23968114e+09 3.89502040e-19
6.54080591e+09 4.31120121e-19
5.90939590e+09 4.77184469e-19
5.33893840e+09 5.28171192e-19
4.82354943e+09 5.84605002e-19
4.35791301e+09 6.47069149e-19
3.93722633e+09 7.16207540e-19
3.55715021e+09 7.92733207e-19
3.21376434e+09 8.77435286e-19
2.90352688e+09 9.71188279e-19
2.62323788e+09 1.07495768e-18
2.37000629e+09 1.18981627e-18
2.14122015e+09 1.31694607e-18
1.93451965e+09 1.45765906e-18
1.74777277e+09 1.61340784e-18
1.57905331e+09 1.78579786e-18
1.42662102e+09 1.97660817e-18
1.28890361e+09 2.18780543e-18
1.16448062e+09 2.42156978e-18
1.05206867e+09 2.68031083e-18
9.50508296e+08 2.96669802e-18
8.58751948e+08 3.28368505e-18
7.75853206e+08 3.63454146e-18
7.00957009e+08 4.02288684e-18
6.33290840e+08 4.45272640e-18
5.72156756e+08 4.92849316e-18
5.16924187e+08 5.45509589e-18
4.67023439e+08 6.03796426e-18
4.21939808e+08 6.68311150e-18
3.81208280e+08 7.39719182e-18
3.44408728e+08 8.18757089e-18
3.11161583e+08 9.06240049e-18
2.81123917e+08 1.00307036e-17
2.53985907e+08 1.11024692e-17
2.29467637e+08 1.22887519e-17
2.07316213e+08 1.36017861e-17
1.87303154e+08 1.50551158e-17
1.69222035e+08 1.66637327e-17
1.52886359e+08 1.84442269e-17
1.38127630e+08 2.04149646e-17
1.24793621e+08 2.25962735e-17
1.12746796e+08 2.50106505e-17
1.01862899e+08 2.76830007e-17
9.20296681e+07 3.06408878e-17
8.31456781e+07 3.39148207e-17
7.51192949e+07 3.75385684e-17
6.78677305e+07 4.15495077e-17
6.13161884e+07 4.59890092e-17
5.53970928e+07 5.09028653e-17
5.00493910e+07 5.63417594e-17
4.52179242e+07 6.23617917e-17
4.08528580e+07 6.90250553e-17
3.69091691e+07 7.64002786e-17
3.33461802e+07 8.45635321e-17
3.01271407e+07 9.35990181e-17
2.72188479e+07 1.03599932e-16
2.45913043e+07 1.14669428e-16
2.22174078e+07 1.26921683e-16
2.00726730e+07 1.40483074e-16
1.81349780e+07 1.55493478e-16
1.63843365e+07 1.72107722e-16
1.48026913e+07 1.90497172e-16
1.33737286e+07 2.10851508e-16
1.20827094e+07 2.33380674e-16
1.09163173e+07 2.58317047e-16
9.86252179e+06 2.85917834e-16
8.91045332e+06 3.16467724e-16
8.05029181e+06 3.50281823e-16
7.27316511e+06 3.87708910e-16
6.57105755e+06 4.29135023e-16
5.93672722e+06 4.74987456e-16
5.36363132e+06 5.25739152e-16
4.84585864e+06 5.81913590e-16
4.37806863e+06 6.44090184e-16
3.95543624e+06 7.12910254e-16
3.57360225e+06 7.89083647e-16
3.22862820e+06 8.73396053e-16
2.91695588e+06 9.66717115e-16
2.63537052e+06 1.07000940e-15
2.38096772e+06 1.18433830e-15
2.15112343e+06 1.31088309e-15
1.94346693e+06 1.45094899e-15
1.75585633e+06 1.60598074e-15
1.58635653e+06 1.77757740e-15
1.43321923e+06 1.96750892e-15
1.29486487e+06 2.17773434e-15
1.16986641e+06 2.41042206e-15
1.05693455e+06 2.66797212e-15
9.54904456e+05 2.95304103e-15
8.62723729e+05 3.26856917e-15
7.79441575e+05 3.61781104e-15
7.04198979e+05 4.00436892e-15
6.36219849e+05 4.43222998e-15
5.74803016e+05 4.90580742e-15
5.19314994e+05 5.42998597e-15
4.69183451e+05 6.01017231e-15
4.23891306e+05 6.65235080e-15
3.82971391e+05 7.36314524e-15
3.46001639e+05 8.14988718e-15
3.12600724e+05 9.02069152e-15
2.82424133e+05 9.98454028e-15
2.55160607e+05 1.10513751e-14
2.30528939e+05 1.22322001e-14
2.08275063e+05 1.35391950e-14
1.88169442e+05 1.49858409e-14
1.70004698e+05 1.65870594e-14
1.53593468e+05 1.83593667e-14
1.38766479e+05 2.03210435e-14
1.25370799e+05 2.24923239e-14
1.13268257e+05 2.48956040e-14
1.02334021e+05 2.75556731e-14
9.24553110e+04 3.04999691e-14
8.35302320e+04 3.37588618e-14
7.54667263e+04 3.73659662e-14
6.81816229e+04 4.13584889e-14
6.15997796e+04 4.57776124e-14
5.56533078e+04 5.06689196e-14
5.02808725e+04 5.60828644e-14
4.54270599e+04 6.20752916e-14
4.10418050e+04 6.87080136e-14
3.70798763e+04 7.60494479e-14
3.35004083e+04 8.41753229e-14
3.02664806e+04 9.31694594e-14
2.73447368e+04 1.03124635e-13
2.47050406e+04 1.14143542e-13
2.23201647e+04 1.26339847e-13
2.01655104e+04 1.39839363e-13
1.82188534e+04 1.54781347e-13
1.64601150e+04 1.71319942e-13
1.48711546e+04 1.89625759e-13
1.34355829e+04 2.09887647e-13
1.21385926e+04 2.32314636e-13
1.09668060e+04 2.57138099e-13
9.90813657e+03 2.84614134e-13
8.95166472e+03 3.15026217e-13
8.08752491e+03 3.48688122e-13
7.30680395e+03 3.85947162e-13
6.60144909e+03 4.27187779e-13
5.96418495e+03 4.72835514e-13
5.38843844e+03 5.23361398e-13
4.86827104e+03 5.79286827e-13
4.39831747e+03 6.41188943e-13
3.97373038e+03 7.09706604e-13
3.59013038e+03 7.85546985e-13
3.24356081e+03 8.69492897e-13
2.93044698e+03 9.62410875e-13
2.64755927e+03 1.06526016e-12
2.39197984e+03 1.17910259e-12
2.16107251e+03 1.30511367e-12
1.95245558e+03 1.44459466e-12
1.76397728e+03 1.59898611e-12
1.59369353e+03 1.76988282e-12
1.43984795e+03 1.95905031e-12
1.30085370e+03 2.16844325e-12
1.17527712e+03 2.40022567e-12
1.06182294e+03 2.65679354e-12
9.59320948e+02 2.94079966e-12
8.66713880e+02 3.25518132e-12
7.83046540e+02 3.60319093e-12
7.07455942e+02 3.98842998e-12
6.39162405e+02 4.41488670e-12
5.77461515e+02 4.88697786e-12
5.21716858e+02 5.40959509e-12
4.71353453e+02 5.98815630e-12
4.25851829e+02 6.62866281e-12
3.84742658e+02 7.33776271e-12
3.47601918e+02 8.12282132e-12
3.14046522e+02 8.99199943e-12
2.83730362e+02 9.95434039e-12
2.56340741e+02 1.10198669e-11
2.31595149e+02 1.21996889e-11
2.09238348e+02 1.35061238e-11
1.89039738e+02 1.49528301e-11
1.70790980e+02 1.65549577e-11
1.54303847e+02 1.83293144e-11
1.39408283e+02 2.02945535e-11
1.25950646e+02 2.24713831e-11
1.13792129e+02 2.48828019e-11
1.02807322e+02 2.75543640e-11
9.28829225e+01 3.05144772e-11
8.39165644e+01 3.37947408e-11
7.58157646e+01 3.74303272e-11
6.84969672e+01 4.14604174e-11
6.18846824e+01 4.59286963e-11
5.59107078e+01 5.08839202e-11
5.05134247e+01 5.63805702e-11
4.56371628e+01 6.24796062e-11
4.12316259e+01 6.92493425e-11
3.72513730e+01 7.67664707e-11
3.36553498e+01 8.51172592e-11
3.04064649e+01 9.43989709e-11
2.74712079e+01 1.04511530e-10
2.48193029e+01 1.15926524e-10
2.24233968e+01 1.28623525e-10
2.02587771e+01 1.42755688e-10
1.83031168e+01 1.58496860e-10
1.65362441e+01 1.76044968e-10
1.49399346e+01 1.95625698e-10
1.34977233e+01 2.17483266e-10
1.21947344e+01 2.41934283e-10
1.10175281e+01 2.69318603e-10
9.95396231e+00 3.00036049e-10
8.99306672e+00 3.34547883e-10
8.12493021e+00 3.73396233e-10
7.34059837e+00 4.17217216e-10
6.63198120e+00 4.66759976e-10
5.99176967e+00 5.22909419e-10
5.41336030e+00 5.86713607e-10
4.89078709e+00 6.59416194e-10
4.41865996e+00 7.42494448e-10
3.99210913e+00 8.37703120e-10
3.60673495e+00 9.47124007e-10
3.25856248e+00 1.07322040e-09
2.94400048e+00 1.21889458e-09
2.65980440e+00 1.38754507e-09
2.40304289e+00 1.58311835e-09
2.17106760e+00 1.81014722e-09
1.96148581e+00 2.07153315e-09
1.77213578e+00 2.37667483e-09
1.60106446e+00 2.73409561e-09
1.44650734e+00 3.14352454e-09
1.30687023e+00 3.61464146e-09
1.18071285e+00 4.15373873e-09
1.06673394e+00 4.76632848e-09
9.63757866e-01 5.45644102e-09
8.70722485e-01 6.22575357e-09
7.86668179e-01 7.07243760e-09
7.10727970e-01 7.98958990e-09
6.42118571e-01 8.96311422e-09
5.80132310e-01 9.96944665e-09
5.24129830e-01 1.09716569e-08
4.73533492e-01 1.19188712e-08
4.27821420e-01 1.27494503e-08
3.86522116e-01 1.33935409e-08
3.49209598e-01 1.37861823e-08
3.15499006e-01 1.38800023e-08
2.85042632e-01 1.36525811e-08
2.57526333e-01 1.31226679e-08
2.32666291e-01 1.23331444e-08
2.10206088e-01 1.13482473e-08
1.89914058e-01 9.99255833e-09
1.71580899e-01 8.88269911e-09
1.55017512e-01 7.92441544e-09
1.40053055e-01 6.82353273e-09
1.26533176e-01 5.80869463e-09
1.14318425e-01 4.89882535e-09
1.03282813e-01 4.10145299e-09
9.33125118e-02 3.41541167e-09
8.43046837e-02 2.83363302e-09
7.61664172e-02 2.34563885e-09
6.88137699e-02 1.93951081e-09
6.21709029e-02 1.60327492e-09
5.61692982e-02 1.32612996e-09
5.07470524e-02 1.09725345e-09
4.58482375e-02 9.08509646e-10
4.14223247e-02 7.53027621e-10
3.74236629e-02 6.24627008e-10
3.38110078e-02 5.18427860e-10
3.05470967e-02 4.30452815e-10
2.75982639e-02 3.57485594e-10
2.49340937e-02 2.96858446e-10
2.25271064e-02 2.46449429e-10
2.03524752e-02 2.04510954e-10
1.83877698e-02 1.69610051e-10
1.66127252e-02 1.41093058e-10
1.50090328e-02 1.16764362e-10
1.35601511e-02 9.65372434e-11
1.22511358e-02 7.97396949e-11
1.10684849e-02 6.57689191e-11
1.00000000e-02 5.42703037e-11
