1.00000000e+20 0.00000000e+00
9.03466021e+19 0.00000000e+00
8.16250851e+19 0.00000000e+00
7.37454909e+19 0.00000000e+00
6.66265452e+19 0.00000000e+00
6.01948197e+19 0.00000000e+00
5.43839743e+19 0.00000000e+00
4.91340729e+19 0.00000000e+00
4.43909653e+19 0.00000000e+00
4.01057288e+19 0.00000000e+00
3.62341632e+19 0.00000000e+00
3.27363353e+19 0.00000000e+00
2.95761666e+19 0.00000000e+00
2.67210616e+19 0.00000000e+00
2.41415712e+19 0.00000000e+00
2.18110892e+19 0.00000000e+00
1.97055780e+19 0.00000000e+00
1.78033202e+19 0.00000000e+00
1.60846948e+19 0.00000000e+00
1.45319752e+19 0.00000000e+00
1.31291459e+19 0.00000000e+00
1.18617372e+19 0.00000000e+00
1.07166765e+19 0.00000000e+00
9.68215306e+18 0.00000000e+00
8.74749630e+18 0.00000000e+00
7.90306568e+18 0.00000000e+00
7.14015130e+18 0.00000000e+00
6.45088409e+18 0.00000000e+00
5.82815458e+18 0.00000000e+00
5.26553963e+18 0.00000000e+00
4.75723614e+18 0.00000000e+00
4.29800121e+18 0.00000000e+00
3.88309805e+18 0.00000000e+00
3.50824714e+18 0.00000000e+00
3.16958209e+18 0.00000000e+00
2.86360972e+18 0.00000000e+00
2.58717408e+18 0.00000000e+00
2.33742387e+18 0.00000000e+00
2.11178304e+18 0.00000000e+00
1.90792422e+18 0.00000000e+00
1.72374471e+18 0.00000000e+00
1.55734477e+18 0.00000000e+00
1.40700809e+18 0.00000000e+00
1.27118400e+18 0.00000000e+00
1.14847155e+18 0.00000000e+00
1.03760502e+18 0.00000000e+00
9.37440879e+17 0.00000000e+00
8.46945981e+17 0.00000000e+00
7.65186915e+17 0.00000000e+00
6.91320378e+17 0.00000000e+00
6.24584471e+17 0.00000000e+00
5.64290847e+17 0.00000000e+00
5.09817606e+17 0.00000000e+00
4.60602884e+17 0.00000000e+00
4.16139055e+17 0.00000000e+00
3.75967497e+17 1.98922327e-58
3.39673858e+17 3.57586756e-55
3.06883789e+17 2.59275237e-52
2.77259076e+17 1.09932590e-49
2.50494154e+17 2.60098395e-47
2.26312957e+17 3.66915445e-45
2.04466067e+17 2.43371549e-43
1.84728144e+17 1.44844723e-41
1.66895601e+17 5.04117604e-40
1.50784505e+17 1.26444522e-38
1.36228676e+17 2.29669440e-37
1.23077980e+17 3.61850643e-36
1.11196773e+17 3.67366413e-35
1.00462506e+17 2.88533434e-34
9.07644607e+16 2.03829694e-33
8.20026062e+16 1.40726757e-32
7.40865683e+16 6.18377569e-32
6.69346971e+16 2.59781127e-31
6.04732245e+16 8.43932444e-31
5.46355035e+16 2.85927301e-30
4.93613210e+16 7.49117228e-30
4.45962763e+16 1.87637992e-29
4.02912203e+16 4.90320900e-29
3.64017485e+16 8.98383786e-29
3.28877429e+16 1.96302429e-28
2.97129582e+16 3.12944446e-28
2.68446481e+16 6.02607610e-28
2.42532274e+16 8.93463491e-28
2.19119669e+16 1.53967227e-27
1.97967175e+16 1.85616278e-27
1.78856616e+16 2.96128738e-27
1.61590875e+16 3.64009615e-27
1.45991865e+16 5.43867743e-27
1.31898690e+16 6.18912208e-27
1.19165984e+16 8.36611582e-27
1.07662418e+16 9.14067816e-27
9.72693362e+15 1.05446020e-26
8.78795401e+15 1.25202475e-26
7.93961785e+15 1.53583063e-26
7.17317494e+15 1.92622929e-26
6.48071983e+15 1.93710569e-26
5.85511016e+15 2.41133643e-26
5.28989308e+15 2.50449072e-26
4.77923865e+15 3.08086021e-26
4.31787973e+15 3.20673299e-26
3.90105762e+15 3.34127545e-26
3.52447300e+15 4.15487336e-26
3.18424160e+15 4.36086397e-26
2.87685409e+15 4.48981840e-26
2.59913992e+15 4.99120628e-26
2.34823460e+15 6.04697081e-26
2.12155017e+15 5.57683916e-26
1.91674849e+15 7.22802278e-26
1.73171713e+15 7.56773865e-26
1.56454759e+15 9.08196413e-26
1.41351558e+15 1.10679117e-25
1.27706330e+15 1.07779677e-25
1.15378330e+15 1.24663252e-25
1.04240401e+15 1.26801658e-25
9.41776601e+14 1.50771088e-25
8.50863158e+14 1.65352913e-25
7.68725952e+14 1.85742950e-25
6.94517777e+14 2.21074292e-25
6.27473213e+14 2.31460177e-25
5.66900727e+14 2.48467040e-25
5.12175544e+14 2.80595455e-25
4.62733201e+14 2.99826352e-25
4.18063724e+14 3.56090512e-25
3.77706369e+14 4.02896715e-25
3.41244871e+14 4.07768880e-25
3.08303146e+14 4.60273127e-25
2.78541416e+14 5.24938955e-25
2.51652705e+14 5.70645360e-25
2.27359668e+14 6.48933284e-25
2.05411735e+14 7.02926117e-25
1.85582523e+14 7.76196502e-25
1.67667503e+14 8.69141870e-25
1.51481892e+14 9.62603330e-25
1.36858742e+14 1.05593301e-24
1.23647224e+14 1.16213851e-24
1.11711065e+14 1.30390499e-24
1.00927151e+14 1.46098263e-24
9.11842520e+13 1.60254084e-24
8.23818733e+13 1.77245961e-24
7.44292233e+13 1.95463098e-24
6.72442742e+13 2.17156594e-24
6.07529169e+13 2.42240956e-24
5.48881961e+13 2.66601994e-24
4.95896201e+13 2.93663994e-24
4.48025368e+13 3.27981571e-24
4.04775697e+13 3.62332051e-24
3.65701088e+13 4.01735522e-24
3.30398507e+13 4.43438542e-24
2.98503825e+13 4.90915303e-24
2.69688063e+13 5.44217080e-24
2.43654001e+13 6.01075172e-24
2.20133111e+13 6.65967831e-24
1.98882786e+13 7.38320860e-24
1.79683839e+13 8.19265201e-24
1.62338243e+13 9.02756111e-24
1.46667087e+13 1.00313518e-23
1.32508729e+13 1.10878804e-23
1.19717134e+13 1.22779749e-23
1.08160363e+13 1.35840785e-23
9.77192128e+12 1.50508736e-23
8.82859884e+12 1.66495975e-23
7.97633907e+12 1.84224386e-23
7.20635132e+12 2.04194613e-23
6.51069356e+12 2.25944972e-23
5.88219040e+12 2.49762010e-23
5.31435916e+12 2.76858878e-23
4.80134292e+12 3.06448515e-23
4.33785019e+12 3.38829542e-23
3.91910025e+12 3.75447469e-23
3.54077391e+12 4.15213087e-23
3.19896892e+12 4.59926000e-23
2.89015972e+12 5.08814225e-23
2.61116110e+12 5.63131081e-23
2.35909533e+12 6.23413369e-23
2.13136247e+12 6.90111592e-23
1.92561357e+12 7.63846996e-23
1.73972643e+12 8.45320544e-23
1.57178372e+12 9.35791925e-23
1.42005318e+12 1.03563908e-22
1.28296980e+12 1.14617571e-22
1.15911962e+12 1.26889667e-22
1.04722519e+12 1.40420545e-22
9.46132376e+11 1.55468290e-22
8.54798453e+11 1.72040428e-22
7.72281357e+11 1.90428024e-22
6.97729965e+11 2.10777104e-22
6.30375315e+11 2.33287243e-22
5.69522678e+11 2.58251842e-22
5.14544388e+11 2.85841623e-22
4.64873371e+11 3.16357427e-22
4.19997295e+11 3.50201017e-22
3.79453285e+11 3.87583120e-22
3.42823149e+11 4.29012661e-22
3.09729067e+11 4.74842745e-22
2.79829688e+11 5.25574865e-22
2.52816614e+11 5.81726643e-22
2.28411221e+11 6.43895857e-22
2.06361777e+11 7.12691933e-22
1.86440853e+11 7.88858770e-22
1.68442976e+11 8.73125274e-22
1.52182505e+11 9.66438188e-22
1.37491723e+11 1.06968815e-21
1.24219100e+11 1.18399457e-21
1.12227736e+11 1.31048250e-21
1.01393946e+11 1.45052993e-21
9.16059848e+10 1.60552536e-21
8.27628946e+10 1.77707495e-21
7.47734631e+10 1.96694723e-21
6.75552832e+10 2.17709073e-21
6.10339029e+10 2.40970736e-21
5.51420574e+10 2.66719033e-21
4.98189752e+10 2.95217266e-21
4.50097513e+10 3.26763131e-21
4.06647809e+10 3.61675587e-21
3.67392478e+10 4.00319468e-21
3.31926620e+10 4.43094373e-21
2.99884423e+10 4.90436394e-21
2.70935387e+10 5.42840999e-21
2.44780916e+10 6.00843343e-21
2.21151240e+10 6.65042554e-21
1.99802631e+10 7.36101857e-21
1.80514888e+10 8.14752340e-21
1.63089068e+10 9.01806890e-21
1.47345431e+10 9.98163070e-21
1.33121590e+10 1.10481914e-20
1.20270833e+10 1.22286659e-20
1.08660611e+10 1.35352647e-20
9.81711702e+09 1.49814712e-20
8.86943166e+09 1.65822216e-20
8.01323013e+09 1.83540425e-20
7.23968114e+09 2.03151323e-20
6.54080591e+09 2.24857763e-20
5.90939590e+09 2.48883307e-20
5.33893840e+09 2.75476175e-20
4.82354943e+09 3.04910117e-20
4.35791301e+09 3.37489870e-20
3.93722633e+09 3.73550098e-20
3.55715021e+09 4.13463490e-20
3.21376434e+09 4.57641159e-20
2.90352688e+09 5.06539595e-20
2.62323788e+09 5.60662739e-20
2.37000629e+09 6.20568463e-20
2.14122015e+09 6.86875373e-20
1.93451965e+09 7.60266890e-20
1.74777277e+09 8.41499947e-20
1.57905331e+09 9.31413025e-20
1.42662102e+09 1.03093327e-19
1.28890361e+09 1.14108694e-19
1.16448062e+09 1.26301010e-19
1.05206867e+09 1.39796116e-19
9.50508296e+08 1.54733137e-19
8.58751948e+08 1.71266138e-19
7.75853206e+08 1.89565646e-19
7.00957009e+08 2.09820443e-19
6.33290840e+08 2.32239459e-19
5.72156756e+08 2.57053916e-19
5.16924187e+08 2.84519694e-19
4.67023439e+08 3.14920228e-19
4.21939808e+08 3.48568960e-19
3.81208280e+08 3.85813038e-19
3.44408728e+08 4.27036602e-19
3.11161583e+08 4.72664824e-19
2.81123917e+08 5.23168305e-19
2.53985907e+08 5.79068051e-19
2.29467637e+08 6.40940592e-19
2.07316213e+08 7.09424121e-19
1.87303154e+08 7.85225049e-19
1.69222035e+08 8.69125156e-19
1.52886359e+08 9.61989845e-19
1.38127630e+08 1.06477704e-18
1.24793621e+08 1.17854684e-18
1.12746796e+08 1.30447278e-18
1.01862899e+08 1.44385374e-18
9.20296681e+07 1.59812730e-18
8.31456781e+07 1.76888480e-18
7.51192949e+07 1.95788749e-18
6.78677305e+07 2.16708480e-18
6.13161884e+07 2.39863453e-18
5.53970928e+07 2.65492500e-18
5.00493910e+07 2.93859973e-18
4.52179242e+07 3.25258470e-18
4.08528580e+07 3.60011844e-18
3.69091691e+07 3.98478563e-18
3.33461802e+07 4.41055396e-18
3.01271407e+07 4.88181501e-18
2.72188479e+07 5.40342958e-18
2.45913043e+07 5.98077787e-18
2.22174078e+07 6.61981495e-18
2.00726730e+07 7.32713216e-18
1.81349780e+07 8.11002516e-18
1.63843365e+07 8.97656913e-18
1.48026913e+07 9.93570200e-18
1.33737286e+07 1.09973168e-17
1.20827094e+07 1.21723635e-17
1.09163173e+07 1.34729621e-17
9.86252179e+06 1.49125279e-17
8.91045332e+06 1.65059090e-17
8.05029181e+06 1.82695405e-17
7.27316511e+06 2.02216134e-17
6.57105755e+06 2.23822623e-17
5.93672722e+06 2.47737734e-17
5.36363132e+06 2.74208137e-17
4.84585864e+06 3.03506864e-17
4.37806863e+06 3.35936117e-17
3.95543624e+06 3.71830386e-17
3.57360225e+06 4.11559905e-17
3.22862820e+06 4.55534463e-17
2.91695588e+06 5.04207638e-17
2.63537052e+06 5.58081469e-17
2.38096772e+06 6.17711639e-17
2.15112343e+06 6.83713204e-17
1.94346693e+06 7.56766940e-17
1.75585633e+06 8.37626359e-17
1.58635653e+06 9.27125489e-17
1.43321923e+06 1.02618747e-16
1.29486487e+06 1.13583408e-16
1.16986641e+06 1.25719627e-16
1.05693455e+06 1.39152583e-16
9.54904456e+05 1.54020832e-16
8.62723729e+05 1.70477731e-16
7.79441575e+05 1.88693027e-16
7.04198979e+05 2.08854602e-16
6.36219849e+05 2.31170412e-16
5.74803016e+05 2.55870636e-16
5.19314994e+05 2.83210045e-16
4.69183451e+05 3.13470632e-16
4.23891306e+05 3.46964522e-16
3.82971391e+05 3.84037190e-16
3.46001639e+05 4.25071024e-16
3.12600724e+05 4.70489270e-16
2.82424133e+05 5.20760398e-16
2.55160607e+05 5.76402934e-16
2.30528939e+05 6.37990808e-16
2.08275063e+05 7.06159273e-16
1.88169442e+05 7.81611461e-16
1.70004698e+05 8.65125632e-16
1.53593468e+05 9.57563204e-16
1.38766479e+05 1.05987764e-15
1.25370799e+05 1.17312427e-15
1.13268257e+05 1.29847120e-15
1.02334021e+05 1.43721135e-15
9.24553110e+04 1.59077578e-15
8.35302320e+04 1.76074846e-15
7.54667263e+04 1.94888262e-15
6.81816229e+04 2.15711883e-15
6.15997796e+04 2.38760499e-15
5.56533078e+04 2.64271854e-15
5.02808725e+04 2.92509094e-15
4.54270599e+04 3.23763484e-15
4.10418050e+04 3.58357410e-15
3.70798763e+04 3.96647711e-15
3.35004083e+04 4.39029351e-15
3.02664806e+04 4.85939503e-15
2.73447368e+04 5.37862053e-15
2.47050406e+04 5.95332595e-15
2.23201647e+04 6.58943957e-15
2.01655104e+04 7.29352316e-15
1.82188534e+04 8.07283970e-15
1.64601150e+04 8.93542833e-15
1.48711546e+04 9.89018728e-15
1.34355829e+04 1.09469657e-14
1.21385926e+04 1.21166654e-14
1.09668060e+04 1.34113532e-14
9.90813657e+03 1.48443854e-14
8.95166472e+03 1.64305462e-14
8.08752491e+03 1.81861995e-14
7.30680395e+03 2.01294584e-14
6.60144909e+03 2.22803721e-14
5.96418495e+03 2.46611329e-14
5.38843844e+03 2.72963051e-14
4.86827104e+03 3.02130793e-14
4.39831747e+03 3.34415527e-14
3.97373038e+03 3.70150403e-14
3.59013038e+03 4.09704193e-14
3.24356081e+03 4.53485098e-14
2.93044698e+03 5.01944973e-14
2.64755927e+03 5.55583995e-14
2.39197984e+03 6.14955837e-14
2.16107251e+03 6.80673401e-14
1.95245558e+03 7.53415152e-14
1.76397728e+03 8.33932151e-14
1.59369353e+03 9.23055831e-14
1.43984795e+03 1.02170661e-13
1.30085370e+03 1.13090344e-13
1.17527712e+03 1.25177437e-13
1.06182294e+03 1.38556826e-13
9.59320948e+02 1.53366775e-13
8.66713880e+02 1.69760363e-13
7.83046540e+02 1.87907080e-13
7.07455942e+02 2.07994588e-13
6.39162405e+02 2.30230679e-13
5.77461515e+02 2.54845448e-13
5.21716858e+02 2.82093693e-13
4.71353453e+02 3.12257589e-13
4.25851829e+02 3.45649646e-13
3.84742658e+02 3.82615993e-13
3.47601918e+02 4.23540029e-13
3.14046522e+02 4.68846468e-13
2.83730362e+02 5.19005847e-13
2.56340741e+02 5.74539522e-13
2.31595149e+02 6.36025237e-13
2.09238348e+02 7.04103313e-13
1.89039738e+02 7.79483549e-13
1.70790980e+02 8.62952910e-13
1.54303847e+02 9.55384110e-13
1.39408283e+02 1.05774519e-12
1.25950646e+02 1.17111026e-12
1.13792129e+02 1.29667149e-12
1.02807322e+02 1.43575260e-12
9.28829225e+01 1.58982401e-12
8.39165644e+01 1.76051995e-12
7.58157646e+01 1.94965771e-12
6.84969672e+01 2.15925952e-12
6.18846824e+01 2.39157740e-12
5.59107078e+01 2.64912150e-12
5.05134247e+01 2.93469248e-12
4.56371628e+01 3.25141889e-12
4.12316259e+01 3.60280018e-12
3.72513730e+01 3.99275677e-12
3.36553498e+01 4.42568839e-12
3.04064649e+01 4.90654257e-12
2.74712079e+01 5.42998387e-12
2.48193029e+01 6.02034602e-12
2.24233968e+01 6.67634205e-12
2.02587771e+01 7.40564353e-12
1.83031168e+01 8.21691483e-12
1.65362441e+01 9.11996459e-12
1.49399346e+01 1.01259045e-11
1.34977233e+01 1.12466234e-11
1.21947344e+01 1.24975450e-11
1.10175281e+01 1.38949696e-11
9.95396231e+00 1.54578950e-11
8.99306672e+00 1.72079593e-11
8.12493021e+00 1.91702552e-11
7.34059837e+00 2.13737612e-11
6.63198120e+00 2.38519878e-11
5.99176967e+00 2.66436950e-11
5.41336030e+00 2.97936880e-11
4.89078709e+00 3.33536544e-11
4.41865996e+00 3.73830025e-11
3.99210913e+00 4.19496230e-11
3.60673495e+00 4.71304596e-11
3.25856248e+00 5.30117264e-11
2.94400048e+00 5.96885490e-11
2.65980440e+00 6.72637490e-11
2.40304289e+00 7.58454328e-11
2.17106760e+00 8.55430128e-11
1.96148581e+00 9.64612716e-11
1.77213578e+00 1.08515921e-10
1.60106446e+00 1.22060890e-10
1.44650734e+00 1.36994532e-10
1.30687023e+00 1.53278218e-10
1.18071285e+00 1.71369374e-10
1.06673394e+00 1.90023577e-10
9.63757866e-01 2.09247578e-10
8.70722485e-01 2.28373181e-10
7.86668179e-01 2.46464008e-10
7.10727970e-01 2.62335339e-10
6.42118571e-01 2.74659749e-10
5.80132310e-01 2.82166189e-10
5.24129830e-01 2.83893153e-10
4.73533492e-01 2.79412549e-10
4.27821420e-01 2.64615090e-10
3.86522116e-01 2.49101691e-10
3.49209598e-01 2.29884388e-10
3.15499006e-01 2.11384889e-10
2.85042632e-01 1.87949434e-10
2.57526333e-01 1.64518399e-10
2.32666291e-01 1.42050955e-10
2.10206088e-01 1.21229098e-10
1.89914058e-01 1.02468295e-10
1.71580899e-01 8.59534155e-11
1.55017512e-01 7.16886887e-11
1.40053055e-01 5.95517588e-11
1.26533176e-01 4.93437244e-11
1.14318425e-01 4.08299828e-11
1.03282813e-01 3.37761387e-11
9.33125118e-02 2.79402478e-11
8.43046837e-02 2.31251312e-11
7.61664172e-02 1.91539221e-11
6.88137699e-02 1.58792857e-11
6.21709029e-02 1.31743049e-11
5.61692982e-02 1.09366470e-11
5.07470524e-02 9.08298972e-12
4.58482375e-02 7.54473644e-12
4.14223247e-02 6.26678364e-12
3.74236629e-02 5.20405617e-12
3.38110078e-02 4.31973686e-12
3.05470967e-02 3.59677088e-12
2.75982639e-02 2.98052658e-12
2.49340937e-02 2.46751793e-12
2.25271064e-02 2.04085953e-12
2.03524752e-02 1.68639977e-12
1.83877698e-02 1.39166525e-12
1.66127252e-02 1.14866862e-12
1.50090328e-02 9.47237181e-13
1.35601511e-02 7.80439234e-13
1.22511358e-02 6.42469354e-13
1.10684849e-02 5.28467482e-13
1.00000000e-02 4.34432017e-13
