1.00000000e+20 0.00000000e+00
9.50556592e+19 0.00000000e+00
9.03557835e+19 0.00000000e+00
8.58882856e+19 0.00000000e+00
8.16416760e+19 0.00000000e+00
7.76050334e+19 0.00000000e+00
7.37679760e+19 0.00000000e+00
7.01206359e+19 0.00000000e+00
6.66536327e+19 0.00000000e+00
6.33580499e+19 0.00000000e+00
6.02254120e+19 0.00000000e+00
5.72476624e+19 0.00000000e+00
5.44171429e+19 0.00000000e+00
5.17265739e+19 0.00000000e+00
4.91690358e+19 0.00000000e+00
4.67379511e+19 0.00000000e+00
4.44270675e+19 0.00000000e+00
4.22304419e+19 0.00000000e+00
4.01424249e+19 0.00000000e+00
3.81576466e+19 0.00000000e+00
3.62710025e+19 0.00000000e+00
3.44776405e+19 0.00000000e+00
3.27729485e+19 0.00000000e+00
3.11525422e+19 0.00000000e+00
2.96122544e+19 0.00000000e+00
2.81481236e+19 0.00000000e+00
2.67563844e+19 0.00000000e+00
2.54334576e+19 0.00000000e+00
2.41759408e+19 0.00000000e+00
2.29805999e+19 0.00000000e+00
2.18443607e+19 0.00000000e+00
2.07643011e+19 0.00000000e+00
1.97376433e+19 0.00000000e+00
1.87617469e+19 0.00000000e+00
1.78341022e+19 0.00000000e+00
1.69523234e+19 0.00000000e+00
1.61141428e+19 0.00000000e+00
1.53174046e+19 0.00000000e+00
1.45600600e+19 0.00000000e+00
1.38401610e+19 0.00000000e+00
1.31558562e+19 0.00000000e+00
1.25053859e+19 0.00000000e+00
1.18870770e+19 0.00000000e+00
1.12993394e+19 0.00000000e+00
1.07406615e+19 0.00000000e+00
1.02096066e+19 0.00000000e+00
9.70480888e+18 0.00000000e+00
9.22497005e+18 0.00000000e+00
8.76885609e+18 0.00000000e+00
8.33529397e+18 0.00000000e+00
7.92316862e+18 0.00000000e+00
7.53142017e+18 0.00000000e+00
7.15904109e+18 0.00000000e+00
6.80507370e+18 0.00000000e+00
6.46860766e+18 0.00000000e+00
6.14877765e+18 0.00000000e+00
5.84476113e+18 0.00000000e+00
5.55577622e+18 0.00000000e+00
5.28107971e+18 0.00000000e+00
5.01996513e+18 0.00000000e+00
4.77176095e+18 0.00000000e+00
4.53582883e+18 0.00000000e+00
4.31156199e+18 0.00000000e+00
4.09838367e+18 0.00000000e+00
3.89574562e+18 0.00000000e+00
3.70312668e+18 0.00000000e+00
3.52003147e+18 0.00000000e+00
3.34598912e+18 0.00000000e+00
3.18055202e+18 0.00000000e+00
3.02329468e+18 0.00000000e+00
2.87381269e+18 0.00000000e+00
2.73172160e+18 0.00000000e+00
2.59665597e+18 0.00000000e+00
2.46826845e+18 0.00000000e+00
2.34622885e+18 0.00000000e+00
2.23022330e+18 0.00000000e+00
2.11995346e+18 0.00000000e+00
2.01513573e+18 0.00000000e+00
1.91550056e+18 0.00000000e+00
1.82079168e+18 0.00000000e+00
1.73076553e+18 0.00000000e+00
1.64519059e+18 0.00000000e+00
1.56384676e+18 0.00000000e+00
1.48652484e+18 0.00000000e+00
1.41302599e+18 0.00000000e+00
1.34316117e+18 0.00000000e+00
1.27675070e+18 0.00000000e+00
1.21362380e+18 0.00000000e+00
1.15361810e+18 0.00000000e+00
1.09657929e+18 0.00000000e+00
1.04236067e+18 0.00000000e+00
9.90822810e+17 0.00000000e+00
9.41833153e+17 0.00000000e+00
8.95265713e+17 0.00000000e+00
8.51000725e+17 0.00000000e+00
8.08924349e+17 0.00000000e+00
7.68928372e+17 0.00000000e+00
7.30909933e+17 0.00000000e+00
6.94771255e+17 0.00000000e+00
6.60419396e+17 0.00000000e+00
6.27766011e+17 0.00000000e+00
5.96727120e+17 0.00000000e+00
5.67222897e+17 0.00000000e+00
5.39177464e+17 0.00000000e+00
5.12518693e+17 0.00000000e+00
4.87178022e+17 0.00000000e+00
4.63090280e+17 0.00000000e+00
4.40193519e+17 0.00000000e+00
4.18428851e+17 2.09939010e-46
3.97740302e+17 8.69814449e-45
3.78074666e+17 2.83552989e-43
3.59381366e+17 8.86520788e-42
3.41612327e+17 2.02399278e-40
3.24721849e+17 4.48423745e-39
3.08666494e+17 8.93298666e-38
2.93404971e+17 1.37029802e-36
2.78898029e+17 1.62757205e-35
2.65108360e+17 1.93314939e-34
2.52000499e+17 2.29609901e-33
2.39540736e+17 2.11165349e-32
2.27697026e+17 1.93031786e-31
2.16438909e+17 1.40071127e-30
2.05737431e+17 9.17715527e-30
1.95565072e+17 5.65468002e-29
1.85895668e+17 3.15350410e-28
1.76704353e+17 1.85353966e-27
1.67967487e+17 7.77763234e-27
1.59662602e+17 3.36022923e-26
1.51768339e+17 1.51453401e-25
1.44264395e+17 5.02281242e-25
1.37131472e+17 2.01048576e-24
1.30351224e+17 7.55753487e-24
1.23906216e+17 2.19843109e-23
1.17779870e+17 6.73558506e-23
1.11956432e+17 1.72857233e-22
1.06420924e+17 4.76523165e-22
1.01159111e+17 1.27611750e-21
9.61574600e+16 2.95819549e-21
9.14031075e+16 6.82226850e-21
8.68838264e+16 1.44076728e-20
8.25879939e+16 3.24513960e-20
7.85045620e+16 6.07421781e-20
7.46230289e+16 1.25951649e-19
7.09334120e+16 2.48769465e-19
6.74262224e+16 4.66209061e-19
6.40924402e+16 8.47859987e-19
6.09234915e+16 1.38642384e-18
5.79112265e+16 2.21567377e-18
5.50478981e+16 4.04682444e-18
5.23261424e+16 5.96160863e-18
4.97389596e+16 9.09924360e-18
4.72796959e+16 1.48791176e-17
4.49420266e+16 2.37786378e-17
4.27199397e+16 3.41799478e-17
4.06077203e+16 4.71290156e-17
3.85999362e+16 6.23783277e-17
3.66914238e+16 9.52084791e-17
3.48772747e+16 1.19819826e-16
3.31528234e+16 1.51787813e-16
3.15136348e+16 2.42575508e-16
2.99554933e+16 2.92294255e-16
2.84743917e+16 3.39956713e-16
2.70665207e+16 4.68753739e-16
2.57282597e+16 5.20699808e-16
2.44561668e+16 7.46785332e-16
2.32469706e+16 9.23296153e-16
2.20975611e+16 9.00260966e-16
2.10049824e+16 1.13293824e-15
1.99664245e+16 1.43530360e-15
1.89792164e+16 1.80739012e-15
1.80408193e+16 1.76254184e-15
1.71488197e+16 2.18102610e-15
1.63009236e+16 2.62900189e-15
1.54949504e+16 3.05829609e-15
1.47288272e+16 2.98258552e-15
1.40005838e+16 3.59187887e-15
1.33083472e+16 4.01322452e-15
1.26503372e+16 4.46092587e-15
1.20248614e+16 4.35272494e-15
1.14303113e+16 5.06415578e-15
1.08651577e+16 6.09711105e-15
1.03279473e+16 5.95349154e-15
9.81729841e+15 5.81444988e-15
9.33189772e+15 7.19299188e-15
8.87049689e+15 7.02891689e-15
8.43190929e+15 6.88223932e-15
8.01500696e+15 8.65757802e-15
7.61871770e+15 8.47721750e-15
7.24202233e+15 8.31199540e-15
6.88395207e+15 8.10825020e-15
6.54358602e+15 1.02785338e-14
6.22004883e+15 1.00978697e-14
5.91250841e+15 9.93364004e-15
5.62017385e+15 9.70251289e-15
5.34229330e+15 1.21941265e-14
5.07815211e+15 1.20000246e-14
4.82707097e+15 1.17942679e-14
4.58840413e+15 1.15958050e-14
4.36153779e+15 1.14185080e-14
4.14588850e+15 1.12325587e-14
3.94090164e+15 1.38495188e-14
3.74605003e+15 1.35753028e-14
3.56083255e+15 1.35125304e-14
3.38477286e+15 1.31924843e-14
3.21741815e+15 1.32185251e-14
3.05833803e+15 1.29889826e-14
2.90712338e+15 1.27630006e-14
2.76338529e+15 1.53390531e-14
2.62675410e+15 1.50808219e-14
2.49687843e+15 1.48414979e-14
2.37342425e+15 1.46244265e-14
2.25607407e+15 1.47202796e-14
2.14452608e+15 1.45810883e-14
2.03849340e+15 1.42928540e-14
1.93770334e+15 1.40281657e-14
1.84189668e+15 1.39644306e-14
1.75082703e+15 1.61641506e-14
1.66426018e+15 1.58989719e-14
1.58197348e+15 1.58792246e-14
1.50375532e+15 1.56512472e-14
1.42940453e+15 1.53183370e-14
1.35872990e+15 1.59835493e-14
1.29154967e+15 1.56872161e-14
1.22769105e+15 1.82409612e-14
1.16698982e+15 1.78229006e-14
1.10928986e+15 1.73771277e-14
1.05444279e+15 1.69656004e-14
1.00230755e+15 1.49620677e-14
9.52750047e+14 1.70924221e-14
9.05642838e+14 1.66647214e-14
8.60864770e+14 1.62764176e-14
8.18300682e+14 1.59639049e-14
7.77841107e+14 1.60886381e-14
7.39381992e+14 1.63058931e-14
7.02824426e+14 1.60796036e-14
6.68074392e+14 1.57414724e-14
6.35042517e+14 1.56210872e-14
6.03643851e+14 1.69884943e-14
5.73797641e+14 1.71182669e-14
5.45427131e+14 1.67019685e-14
5.18459354e+14 1.59865560e-14
4.92824957e+14 1.59355334e-14
4.68458012e+14 1.68934937e-14
4.45295851e+14 1.65963305e-14
4.23278907e+14 1.65827837e-14
4.02350555e+14 1.62671659e-14
3.82456972e+14 1.54867683e-14
3.63546996e+14 1.68926505e-14
3.45571994e+14 1.67069863e-14
3.28485737e+14 1.60842556e-14
3.12244282e+14 1.60432371e-14
2.96805861e+14 1.62240010e-14
2.82130768e+14 1.61268675e-14
2.68181261e+14 1.60750309e-14
2.54921465e+14 1.59954674e-14
2.42317279e+14 1.57332530e-14
2.30336287e+14 1.62518358e-14
2.18947676e+14 1.60774930e-14
2.08122157e+14 1.61095884e-14
1.97831888e+14 1.57873520e-14
1.88050406e+14 1.62931004e-14
1.78752553e+14 1.59803173e-14
1.69914417e+14 1.60689703e-14
1.61513269e+14 1.59374269e-14
1.53527503e+14 1.59257818e-14
1.45936580e+14 1.61019694e-14
1.38720978e+14 1.58849504e-14
1.31862140e+14 1.59020337e-14
1.25342427e+14 1.58495431e-14
1.19145070e+14 1.58418451e-14
1.13254132e+14 1.59884489e-14
1.07654461e+14 1.59151446e-14
1.02331658e+14 1.59997515e-14
9.72720319e+13 1.61034103e-14
9.24625712e+13 1.60613036e-14
8.78909065e+13 1.58301553e-14
8.35452806e+13 1.59369419e-14
7.94145172e+13 1.58846330e-14
7.54879928e+13 1.59859824e-14
7.17556092e+13 1.60126993e-14
6.82077673e+13 1.59960694e-14
6.48353429e+13 1.58789109e-14
6.16296626e+13 1.59069918e-14
5.85824820e+13 1.59682149e-14
5.56859644e+13 1.59560399e-14
5.29326606e+13 1.59792191e-14
5.03154895e+13 1.59414484e-14
4.78277202e+13 1.58742544e-14
4.54629547e+13 1.59581608e-14
4.32151113e+13 1.59658431e-14
4.10784089e+13 1.59615318e-14
3.90473524e+13 1.59471170e-14
3.71167182e+13 1.59365057e-14
3.52815412e+13 1.59234901e-14
3.35371015e+13 1.59629967e-14
3.18789129e+13 1.59431749e-14
3.03027108e+13 1.59287137e-14
2.88044415e+13 1.59259886e-14
2.73802518e+13 1.59129206e-14
2.60264788e+13 1.59066691e-14
2.47396410e+13 1.59204499e-14
2.35164288e+13 1.59177272e-14
2.23536965e+13 1.59566787e-14
2.12484535e+13 1.59418791e-14
2.01978576e+13 1.59242803e-14
1.91992067e+13 1.59226298e-14
1.82499324e+13 1.59335530e-14
1.73475936e+13 1.59329050e-14
1.64898694e+13 1.59348784e-14
1.56745541e+13 1.59296980e-14
1.48995507e+13 1.59227066e-14
1.41628662e+13 1.59172352e-14
1.34626058e+13 1.59181659e-14
1.27969687e+13 1.59259129e-14
1.21642429e+13 1.59115578e-14
1.15628013e+13 1.59252057e-14
1.09910970e+13 1.59219564e-14
1.04476597e+13 1.59235942e-14
9.93109181e+12 1.59214521e-14
9.44006479e+12 1.59276348e-14
8.97331581e+12 1.59158769e-14
8.52964450e+12 1.59106125e-14
8.10790981e+12 1.59149452e-14
7.70702711e+12 1.59179261e-14
7.32596543e+12 1.59116181e-14
6.96374473e+12 1.59154810e-14
6.61943346e+12 1.59128975e-14
6.29214611e+12 1.59217557e-14
5.98104096e+12 1.59150911e-14
5.68531791e+12 1.59171980e-14
5.40421642e+12 1.59075669e-14
5.13701354e+12 1.59164082e-14
4.88302209e+12 1.59163389e-14
4.64158883e+12 1.59137957e-14
4.41209286e+12 1.59153086e-14
4.19394396e+12 1.59192391e-14
3.98658107e+12 1.59130912e-14
3.78947092e+12 1.59130850e-14
3.60210656e+12 1.59165417e-14
3.42400614e+12 1.59172597e-14
3.25471161e+12 1.59186947e-14
3.09378757e+12 1.59108872e-14
2.94082017e+12 1.59151906e-14
2.79541600e+12 1.59135036e-14
2.65720111e+12 1.59160819e-14
2.52582003e+12 1.59156659e-14
2.40093488e+12 1.59141395e-14
2.28222447e+12 1.59151148e-14
2.16938352e+12 1.59152117e-14
2.06212180e+12 1.59134243e-14
1.96016347e+12 1.59149010e-14
1.86324631e+12 1.59154992e-14
1.77112106e+12 1.59153515e-14
1.68355080e+12 1.59147498e-14
1.60031031e+12 1.59141547e-14
1.52118552e+12 1.59132210e-14
1.44597292e+12 1.59138164e-14
1.37447909e+12 1.59139621e-14
1.30652016e+12 1.59130330e-14
1.24192135e+12 1.59156961e-14
1.18051653e+12 1.59140361e-14
1.12214777e+12 1.59138516e-14
1.06666496e+12 1.59142103e-14
1.01392541e+12 1.59141268e-14
9.63793480e+11 1.59128234e-14
9.16140246e+11 1.59138263e-14
8.70843150e+11 1.59142703e-14
8.27785697e+11 1.59127647e-14
7.86857151e+11 1.59138947e-14
7.47952252e+11 1.59129372e-14
7.10970943e+11 1.59135453e-14
6.75818117e+11 1.59136350e-14
6.42403366e+11 1.59131537e-14
6.10640754e+11 1.59133257e-14
5.80448594e+11 1.59134620e-14
5.51749238e+11 1.59137108e-14
5.24468875e+11 1.59137874e-14
4.98537346e+11 1.59134745e-14
4.73887961e+11 1.59135357e-14
4.50457325e+11 1.59135990e-14
4.28185180e+11 1.59136195e-14
4.07014245e+11 1.59132258e-14
3.86890074e+11 1.59135491e-14
3.67760910e+11 1.59134956e-14
3.49577557e+11 1.59132523e-14
3.32293252e+11 1.59132448e-14
3.15863541e+11 1.59131416e-14
3.00246171e+11 1.59132205e-14
2.85400977e+11 1.59132075e-14
2.71289780e+11 1.59130460e-14
2.57876289e+11 1.59133185e-14
2.45126006e+11 1.59132762e-14
2.33006141e+11 1.59133289e-14
2.21485523e+11 1.59130962e-14
2.10534524e+11 1.59131502e-14
2.00124980e+11 1.59131337e-14
1.90230119e+11 1.59131316e-14
1.80824493e+11 1.59131476e-14
1.71883914e+11 1.59133287e-14
1.63385388e+11 1.59130935e-14
1.55307057e+11 1.59131480e-14
1.47628147e+11 1.59133159e-14
1.40328908e+11 1.59131504e-14
1.33390569e+11 1.59132445e-14
1.26795285e+11 1.59130852e-14
1.20526094e+11 1.59132105e-14
1.14566873e+11 1.59131830e-14
1.08902296e+11 1.59130563e-14
1.03517796e+11 1.59131708e-14
9.83995230e+10 1.59131539e-14
9.35343152e+10 1.59131418e-14
8.89096599e+10 1.59131409e-14
8.45136633e+10 1.59131055e-14
8.03350198e+10 1.59130855e-14
7.63629826e+10 1.59132088e-14
7.25873365e+10 1.59131052e-14
6.89983712e+10 1.59130800e-14
6.55868566e+10 1.59130871e-14
6.23440189e+10 1.59131677e-14
5.92615181e+10 1.59130828e-14
5.63314267e+10 1.59131244e-14
5.35462090e+10 1.59131691e-14
5.08987019e+10 1.59130965e-14
4.83820966e+10 1.59131207e-14
4.59899209e+10 1.59131176e-14
4.37160225e+10 1.59131127e-14
4.15545533e+10 1.59131153e-14
3.94999546e+10 1.59131702e-14
3.75469422e+10 1.59131366e-14
3.56904935e+10 1.59131502e-14
3.39258338e+10 1.59131082e-14
3.22484250e+10 1.59131274e-14
3.06539530e+10 1.59131288e-14
2.91383170e+10 1.59131649e-14
2.76976194e+10 1.59131192e-14
2.63281547e+10 1.59131203e-14
2.50264010e+10 1.59131233e-14
2.37890104e+10 1.59131161e-14
2.26128007e+10 1.59131114e-14
2.14947467e+10 1.59131273e-14
2.04319732e+10 1.59131318e-14
1.94217468e+10 1.59131485e-14
1.84614695e+10 1.59131417e-14
1.75486715e+10 1.59131224e-14
1.66810054e+10 1.59131376e-14
1.58562396e+10 1.59131351e-14
1.50722531e+10 1.59131251e-14
1.43270295e+10 1.59131369e-14
1.36186524e+10 1.59131062e-14
1.29452998e+10 1.59131186e-14
1.23052400e+10 1.59131230e-14
1.16968270e+10 1.59131188e-14
1.11184960e+10 1.59131235e-14
1.05687597e+10 1.59131233e-14
1.00462042e+10 1.59131236e-14
9.54948564e+09 1.59131370e-14
9.07732653e+09 1.59131111e-14
8.62851257e+09 1.59131203e-14
8.20188950e+09 1.59131305e-14
7.79636013e+09 1.59131330e-14
7.41088152e+09 1.59131211e-14
7.04446228e+09 1.59131272e-14
6.69616005e+09 1.59131196e-14
6.36507908e+09 1.59131226e-14
6.05036788e+09 1.59131262e-14
5.75121707e+09 1.59131136e-14
5.46685730e+09 1.59131284e-14
5.19655724e+09 1.59130999e-14
4.93962174e+09 1.59131230e-14
4.69539001e+09 1.59131325e-14
4.46323393e+09 1.59131201e-14
4.24255643e+09 1.59131157e-14
4.03278998e+09 1.59131113e-14
3.83339510e+09 1.59131150e-14
3.64385898e+09 1.59131309e-14
3.46369418e+09 1.59131268e-14
3.29243733e+09 1.59131264e-14
3.12964801e+09 1.59131164e-14
2.97490755e+09 1.59131120e-14
2.82781798e+09 1.59131172e-14
2.68800102e+09 1.59131186e-14
2.55509709e+09 1.59131169e-14
2.42876438e+09 1.59131132e-14
2.30867799e+09 1.59131177e-14
2.19452909e+09 1.59131224e-14
2.08602409e+09 1.59131217e-14
1.98288395e+09 1.59131233e-14
1.88484341e+09 1.59131202e-14
1.79165033e+09 1.59131210e-14
1.70306503e+09 1.59131232e-14
1.61885969e+09 1.59131241e-14
1.53881775e+09 1.59131227e-14
1.46273336e+09 1.59131209e-14
1.39041083e+09 1.59131178e-14
1.32166418e+09 1.59131197e-14
1.25631660e+09 1.59131205e-14
1.19420003e+09 1.59131224e-14
1.13515471e+09 1.59131266e-14
1.07902879e+09 1.59131244e-14
1.02567793e+09 1.59131239e-14
9.74964918e+08 1.59131234e-14
9.26759330e+08 1.59131234e-14
8.80937190e+08 1.59131263e-14
8.37380654e+08 1.59131262e-14
7.95977700e+08 1.59131241e-14
7.56621850e+08 1.59131239e-14
7.19211887e+08 1.59131263e-14
6.83651600e+08 1.59131277e-14
6.49849535e+08 1.59131259e-14
6.17718760e+08 1.59131261e-14
5.87176639e+08 1.59131292e-14
5.58144625e+08 1.59131281e-14
5.30548053e+08 1.59131306e-14
5.04315949e+08 1.59131311e-14
4.79380850e+08 1.59131311e-14
4.55678627e+08 1.59131323e-14
4.33148322e+08 1.59131332e-14
4.11731993e+08 1.59131347e-14
3.91374560e+08 1.59131342e-14
3.72023668e+08 1.59131352e-14
3.53629550e+08 1.59131366e-14
3.36144900e+08 1.59131376e-14
3.19524751e+08 1.59131382e-14
3.03726358e+08 1.59131402e-14
2.88709092e+08 1.59131410e-14
2.74434330e+08 1.59131422e-14
2.60865362e+08 1.59131439e-14
2.47967289e+08 1.59131460e-14
2.35706941e+08 1.59131469e-14
2.24052787e+08 1.59131487e-14
2.12974854e+08 1.59131506e-14
2.02444651e+08 1.59131521e-14
1.92435098e+08 1.59131540e-14
1.82920450e+08 1.59131560e-14
1.73876240e+08 1.59131587e-14
1.65279206e+08 1.59131601e-14
1.57107239e+08 1.59131631e-14
1.49339322e+08 1.59131649e-14
1.41955477e+08 1.59131682e-14
1.34936714e+08 1.59131709e-14
1.28264983e+08 1.59131736e-14
1.21923125e+08 1.59131764e-14
1.15894830e+08 1.59131797e-14
1.10164595e+08 1.59131832e-14
1.04717682e+08 1.59131867e-14
9.95400829e+07 1.59131905e-14
9.46184819e+07 1.59131944e-14
8.99402217e+07 1.59131984e-14
8.54932707e+07 1.59132026e-14
8.12661920e+07 1.59132072e-14
7.72481145e+07 1.59132117e-14
7.34287045e+07 1.59132168e-14
6.97981391e+07 1.59132223e-14
6.63470812e+07 1.59132276e-14
6.30666554e+07 1.59132335e-14
5.99484250e+07 1.59132395e-14
5.69843706e+07 1.59132461e-14
5.41668691e+07 1.59132530e-14
5.14886745e+07 1.59132601e-14
4.89428990e+07 1.59132676e-14
4.65229952e+07 1.59132755e-14
4.42227398e+07 1.59132838e-14
4.20362168e+07 1.59132926e-14
3.99578030e+07 1.59133017e-14
3.79821531e+07 1.59133114e-14
3.61041860e+07 1.59133216e-14
3.43190720e+07 1.59133325e-14
3.26222201e+07 1.59133437e-14
3.10092664e+07 1.59133555e-14
2.94760626e+07 1.59133681e-14
2.80186656e+07 1.59133811e-14
2.66333273e+07 1.59133950e-14
2.53164848e+07 1.59134095e-14
2.40647515e+07 1.59134248e-14
2.28749082e+07 1.59134409e-14
2.17438948e+07 1.59134578e-14
2.06688025e+07 1.59134757e-14
1.96468665e+07 1.59134944e-14
1.86754584e+07 1.59135141e-14
1.77520801e+07 1.59135348e-14
1.68743568e+07 1.59135566e-14
1.60400311e+07 1.59135796e-14
1.52469573e+07 1.59136037e-14
1.44930957e+07 1.59136291e-14
1.37765077e+07 1.59136558e-14
1.30953502e+07 1.59136839e-14
1.24478715e+07 1.59137135e-14
1.18324063e+07 1.59137446e-14
1.12473718e+07 1.59137773e-14
1.06912634e+07 1.59138118e-14
1.01626509e+07 1.59138480e-14
9.66017480e+06 1.59138861e-14
9.18254284e+06 1.59139262e-14
8.72852662e+06 1.59139684e-14
8.29695852e+06 1.59140127e-14
7.88672862e+06 1.59140594e-14
7.49678187e+06 1.59141085e-14
7.12611543e+06 1.59141602e-14
6.77377600e+06 1.59142145e-14
6.43885743e+06 1.59142716e-14
6.12049837e+06 1.59143318e-14
5.81788007e+06 1.59143951e-14
5.53022426e+06 1.59144616e-14
5.25679112e+06 1.59145316e-14
4.99687745e+06 1.59146053e-14
4.74981480e+06 1.59146828e-14
4.51496777e+06 1.59147643e-14
4.29173238e+06 1.59148501e-14
4.07953450e+06 1.59149403e-14
3.87782841e+06 1.59150352e-14
3.68609536e+06 1.59151351e-14
3.50384225e+06 1.59152401e-14
3.33060034e+06 1.59153507e-14
3.16592411e+06 1.59154669e-14
3.00939003e+06 1.59155892e-14
2.86059554e+06 1.59157179e-14
2.71915794e+06 1.59158533e-14
2.58471351e+06 1.59159957e-14
2.45691646e+06 1.59161455e-14
2.33543814e+06 1.59163031e-14
2.21996612e+06 1.59164689e-14
2.11020343e+06 1.59166433e-14
2.00586778e+06 1.59168269e-14
1.90669084e+06 1.59170199e-14
1.81241755e+06 1.59172230e-14
1.72280545e+06 1.59174366e-14
1.63762407e+06 1.59176614e-14
1.55665436e+06 1.59178979e-14
1.47968806e+06 1.59181466e-14
1.40652724e+06 1.59184083e-14
1.33698374e+06 1.59186836e-14
1.27087871e+06 1.59189733e-14
1.20804213e+06 1.59192780e-14
1.14831241e+06 1.59195985e-14
1.09153594e+06 1.59199357e-14
1.03756668e+06 1.59202905e-14
9.86265846e+05 1.59206637e-14
9.37501502e+05 1.59210563e-14
8.91148232e+05 1.59214694e-14
8.47086827e+05 1.59219039e-14
8.05203967e+05 1.59223610e-14
7.65391939e+05 1.59228419e-14
7.27548353e+05 1.59233479e-14
6.91575883e+05 1.59238801e-14
6.57382014e+05 1.59244400e-14
6.24878807e+05 1.59250291e-14
5.93982669e+05 1.59256488e-14
5.64614142e+05 1.59263007e-14
5.36697695e+05 1.59269865e-14
5.10161531e+05 1.59277081e-14
4.84937407e+05 1.59284671e-14
4.60960449e+05 1.59292656e-14
4.38168993e+05 1.59301057e-14
4.16504425e+05 1.59309894e-14
3.95911027e+05 1.59319191e-14
3.76335836e+05 1.59328972e-14
3.57728510e+05 1.59339262e-14
3.40041193e+05 1.59350086e-14
3.23228398e+05 1.59361474e-14
3.07246884e+05 1.59373454e-14
2.92055551e+05 1.59386058e-14
2.77615329e+05 1.59399317e-14
2.63889081e+05 1.59413265e-14
2.50841506e+05 1.59427939e-14
2.38439047e+05 1.59443376e-14
2.26649808e+05 1.59459617e-14
2.15443469e+05 1.59476702e-14
2.04791210e+05 1.59494676e-14
1.94665634e+05 1.59513584e-14
1.85040702e+05 1.59533477e-14
1.75891659e+05 1.59554403e-14
1.67194976e+05 1.59576419e-14
1.58928287e+05 1.59599579e-14
1.51070330e+05 1.59623945e-14
1.43600898e+05 1.59649577e-14
1.36500781e+05 1.59676543e-14
1.29751717e+05 1.59704912e-14
1.23336350e+05 1.59734756e-14
1.17238180e+05 1.59766153e-14
1.11441525e+05 1.59799182e-14
1.05931476e+05 1.59833930e-14
1.00693863e+05 1.59870485e-14
9.57152154e+04 1.59908942e-14
9.09827289e+04 1.59949399e-14
8.64842328e+04 1.59991960e-14
8.22081576e+04 1.60036735e-14
7.81435061e+04 1.60083840e-14
7.42798248e+04 1.60133394e-14
7.06071771e+04 1.60185526e-14
6.71161177e+04 1.60240370e-14
6.37976681e+04 1.60298066e-14
6.06432940e+04 1.60358764e-14
5.76448828e+04 1.60422618e-14
5.47947234e+04 1.60489795e-14
5.20854855e+04 1.60560465e-14
4.95102016e+04 1.60634812e-14
4.70622485e+04 1.60713025e-14
4.47353305e+04 1.60795307e-14
4.25234633e+04 1.60881869e-14
4.04209584e+04 1.60972934e-14
3.84224085e+04 1.61068735e-14
3.65226736e+04 1.61169520e-14
3.47168682e+04 1.61275547e-14
3.30003479e+04 1.61387090e-14
3.13686982e+04 1.61504434e-14
2.98177229e+04 1.61627882e-14
2.83434331e+04 1.61757752e-14
2.69420371e+04 1.61894376e-14
2.56099310e+04 1.62038108e-14
2.43436887e+04 1.62189316e-14
2.31400538e+04 1.62348390e-14
2.19959307e+04 1.62515738e-14
2.09083769e+04 1.62691791e-14
1.98745955e+04 1.62877001e-14
1.88919278e+04 1.63071846e-14
1.79578465e+04 1.63276826e-14
1.70699493e+04 1.63492469e-14
1.62259529e+04 1.63719329e-14
1.54236865e+04 1.63957990e-14
1.46610868e+04 1.64209065e-14
1.39361927e+04 1.64473200e-14
1.32471399e+04 1.64751076e-14
1.25921561e+04 1.65043406e-14
1.19695570e+04 1.65350942e-14
1.13777413e+04 1.65674477e-14
1.08151870e+04 1.66014841e-14
1.02804473e+04 1.66372910e-14
9.77214697e+03 1.66749606e-14
9.28897872e+03 1.67145897e-14
8.82969996e+03 1.67562803e-14
8.39312950e+03 1.68001396e-14
7.97814457e+03 1.68462805e-14
7.58367791e+03 1.68948217e-14
7.20871503e+03 1.69458879e-14
6.85229160e+03 1.69996107e-14
6.51349095e+03 1.70561282e-14
6.19144176e+03 1.71155858e-14
5.88531578e+03 1.71781365e-14
5.59432571e+03 1.72439412e-14
5.31772318e+03 1.73131693e-14
5.05479682e+03 1.73859987e-14
4.80487044e+03 1.74626169e-14
4.56730127e+03 1.75432211e-14
4.34147833e+03 1.76280187e-14
4.12682085e+03 1.77172278e-14
3.92277676e+03 1.78110779e-14
3.72882131e+03 1.79098107e-14
3.54445567e+03 1.80136801e-14
3.36920571e+03 1.81229534e-14
3.20262069e+03 1.82379120e-14
3.04427221e+03 1.83588515e-14
2.89375302e+03 1.84860833e-14
2.75067601e+03 1.86199349e-14
2.61467321e+03 1.87607507e-14
2.48539486e+03 1.89088932e-14
2.36250847e+03 1.90647437e-14
2.24569800e+03 1.92287035e-14
2.13466303e+03 1.94011946e-14
2.02911802e+03 1.95826611e-14
1.92879151e+03 1.97735701e-14
1.83342548e+03 1.99744133e-14
1.74277468e+03 2.01857077e-14
1.65660596e+03 2.04079976e-14
1.57469771e+03 2.06436090e-14
1.49683929e+03 2.08896364e-14
1.42283046e+03 2.11484675e-14
1.35248087e+03 2.14207691e-14
1.28560961e+03 2.17072426e-14
1.22204469e+03 2.20086260e-14
1.16162263e+03 2.23256959e-14
1.10418805e+03 2.26592692e-14
1.04959323e+03 2.30102055e-14
9.97697764e+02 2.33794094e-14
9.48368187e+02 2.37678324e-14
9.01477631e+02 2.41764759e-14
8.56905505e+02 2.46063933e-14
8.14537177e+02 2.50586934e-14
7.74263683e+02 2.55345425e-14
7.35981448e+02 2.60351679e-14
6.99592017e+02 2.65618612e-14
6.65001803e+02 2.71159812e-14
6.32121848e+02 2.76989579e-14
6.00867589e+02 2.83172453e-14
5.71158648e+02 2.89625246e-14
5.42918618e+02 2.96414147e-14
5.16074871e+02 3.03556688e-14
4.90558371e+02 3.11071321e-14
4.66303493e+02 3.18977462e-14
4.43247859e+02 3.27295545e-14
4.21332174e+02 3.36187122e-14
4.00500076e+02 3.45394534e-14
3.80697987e+02 3.55081832e-14
3.61874981e+02 3.65274083e-14
3.43982649e+02 3.75997668e-14
3.26974974e+02 3.87280358e-14
3.10808217e+02 3.99151377e-14
2.95440800e+02 4.11641491e-14
2.80833200e+02 4.24783080e-14
2.66947849e+02 4.38610233e-14
2.53749038e+02 4.53158830e-14
2.41202821e+02 4.68466646e-14
2.29276931e+02 4.84573448e-14
2.17940698e+02 5.01521102e-14
2.07164968e+02 5.19353689e-14
1.96922026e+02 5.38117619e-14
1.87185529e+02 5.57861763e-14
1.77930439e+02 5.78637582e-14
1.69132952e+02 6.00499268e-14
1.60770442e+02 6.23503893e-14
1.52821404e+02 6.47711568e-14
1.45265393e+02 6.73185606e-14
1.38082977e+02 6.99992701e-14
1.31255684e+02 7.28203112e-14
1.24765955e+02 7.57890861e-14
1.18597101e+02 7.89133943e-14
1.12733256e+02 8.22014544e-14
1.07159340e+02 8.56619282e-14
1.01861017e+02 8.93039450e-14
9.68246612e+01 9.31371285e-14
9.20373200e+01 9.71716245e-14
8.74866812e+01 1.01418131e-13
8.31610415e+01 1.05887931e-13
7.90492762e+01 1.10632430e-13
7.51408106e+01 1.15585054e-13
7.14255929e+01 1.20798662e-13
6.78940681e+01 1.26287235e-13
6.45371540e+01 1.32065530e-13
6.13462172e+01 1.38149126e-13
5.83130511e+01 1.44554478e-13
5.54298552e+01 1.51298969e-13
5.26892142e+01 1.58400968e-13
5.00840799e+01 1.65879890e-13
4.76077523e+01 1.73756265e-13
4.52538628e+01 1.82051808e-13
4.30163576e+01 1.90789497e-13
4.08894823e+01 1.99993655e-13
3.88677669e+01 2.09690042e-13
3.69460121e+01 2.19905948e-13
3.51192753e+01 2.30670305e-13
3.33828586e+01 2.42013795e-13
3.17322963e+01 2.53968977e-13
3.01633435e+01 2.66570422e-13
2.86719650e+01 2.79337908e-13
2.72543253e+01 2.93262962e-13
2.59067786e+01 3.07938771e-13
2.46258592e+01 3.23407550e-13
2.34082728e+01 3.39714096e-13
2.22508880e+01 3.56905970e-13
2.11507282e+01 3.75033695e-13
2.01049642e+01 3.94150968e-13
1.91109062e+01 4.14314893e-13
1.81659979e+01 4.35586234e-13
1.72678090e+01 4.58029685e-13
1.64140297e+01 4.81714172e-13
1.56024641e+01 5.06713176e-13
1.48310251e+01 5.33103732e-13
1.40977287e+01 5.60949546e-13
1.34006890e+01 5.90344537e-13
1.27381132e+01 6.21430971e-13
1.21082975e+01 6.54252889e-13
1.15096220e+01 6.88966097e-13
1.09405471e+01 7.25671644e-13
1.03996091e+01 7.64492323e-13
9.88541702e+00 8.05560063e-13
9.39664831e+00 8.49019931e-13
8.93204600e+00 8.95025922e-13
8.49041520e+00 9.43744293e-13
8.07062014e+00 9.95353260e-13
7.67158118e+00 1.05004440e-12
7.29227206e+00 1.10802373e-12
6.93171728e+00 1.16951254e-12
6.58898955e+00 1.23474877e-12
6.26320745e+00 1.30398806e-12
5.95353313e+00 1.37750505e-12
5.65917016e+00 1.45559460e-12
5.37936150e+00 1.53857306e-12
5.11338754e+00 1.62677942e-12
4.86056423e+00 1.72057644e-12
4.62024137e+00 1.82035148e-12
4.39180089e+00 1.92651707e-12
4.17465529e+00 2.03951087e-12
3.96824610e+00 2.15979480e-12
3.77204249e+00 2.28785294e-12
3.58553986e+00 2.42418767e-12
3.40825855e+00 2.56931336e-12
3.23974263e+00 2.72374685e-12
3.07955871e+00 2.88799387e-12
2.92729484e+00 3.06253032e-12
2.78255940e+00 3.24777776e-12
2.64498018e+00 3.44407210e-12
2.51420335e+00 3.65162554e-12
2.38989257e+00 3.87048159e-12
2.27172813e+00 4.10046464e-12
2.15940615e+00 4.34112580e-12
2.05263775e+00 4.59168853e-12
1.95114835e+00 4.85099813e-12
1.85467692e+00 5.11748128e-12
1.76297538e+00 5.38017662e-12
1.67580786e+00 5.65302588e-12
1.59295021e+00 5.92551608e-12
1.51418933e+00 6.19437953e-12
1.43932264e+00 6.45606439e-12
1.36815763e+00 6.70684624e-12
1.30051125e+00 6.94295967e-12
1.23620954e+00 7.18407856e-12
1.17508713e+00 7.38305986e-12
1.11698682e+00 7.55749212e-12
1.06175918e+00 7.70479335e-12
1.00926219e+00 7.82291728e-12
9.59360829e-01 7.91039231e-12
9.11926760e-01 7.96633040e-12
8.66837993e-01 7.99041064e-12
8.23978568e-01 7.98284452e-12
7.83238260e-01 7.94432964e-12
7.44512291e-01 7.87599779e-12
7.07701066e-01 7.77936154e-12
6.72709914e-01 7.65626138e-12
6.39448843e-01 7.50881393e-12
6.07832313e-01 7.33936059e-12
5.77779012e-01 7.15041539e-12
5.49211648e-01 6.94461162e-12
5.22056753e-01 6.72464687e-12
4.96244488e-01 6.49322753e-12
4.71708469e-01 6.15910335e-12
4.48385595e-01 5.91349919e-12
4.26215883e-01 5.66521964e-12
4.05142317e-01 5.41650675e-12
3.85110700e-01 5.16935547e-12
3.66069515e-01 4.92549459e-12
3.47969790e-01 4.75866790e-12
3.30764978e-01 4.51844669e-12
3.14410830e-01 4.28440147e-12
2.98865287e-01 4.05737860e-12
2.84088369e-01 3.83801860e-12
2.70042072e-01 3.62677734e-12
2.56690272e-01 3.42394899e-12
2.43998630e-01 3.22968930e-12
2.31934506e-01 3.04403830e-12
2.20466874e-01 2.86694160e-12
2.09566240e-01 2.69826976e-12
1.99204571e-01 2.53783557e-12
1.89355218e-01 2.38540893e-12
1.79992851e-01 2.24072951e-12
1.71093391e-01 2.10351722e-12
1.62633950e-01 1.97348065e-12
1.54592774e-01 1.85032383e-12
1.46949180e-01 1.73375135e-12
1.39683512e-01 1.62347217e-12
1.32777083e-01 1.51920242e-12
1.26212131e-01 1.42066715e-12
1.19971774e-01 1.32760154e-12
1.14039960e-01 1.23975138e-12
1.08401436e-01 1.15708152e-12
1.03041699e-01 1.07892714e-12
9.79469667e-02 1.00528109e-12
9.31041349e-02 9.35931749e-13
8.85007491e-02 8.70677026e-13
8.41249705e-02 8.09323600e-13
7.99655453e-02 7.51665829e-13
7.60117762e-02 6.97607563e-13
7.22534949e-02 6.46912087e-13
6.86810359e-02 5.99414235e-13
6.52852114e-02 5.54953567e-13
6.20572881e-02 5.13375250e-13
5.89889643e-02 4.74529893e-13
5.60723488e-02 4.38273329e-13
5.32999408e-02 4.04477404e-13
5.06646101e-02 3.72986066e-13
4.81595791e-02 3.43680307e-13
4.57784054e-02 3.16435591e-13
4.35149650e-02 2.91132135e-13
4.13634368e-02 2.67654870e-13
3.93182876e-02 2.45893393e-13
3.73742574e-02 2.25741930e-13
3.55263468e-02 2.07099290e-13
3.37698031e-02 1.89868822e-13
3.21001090e-02 1.73958363e-13
3.05129702e-02 1.59845141e-13
2.90043049e-02 1.46236784e-13
2.75702333e-02 1.33701463e-13
2.62070670e-02 1.22165829e-13
2.49113003e-02 1.11560206e-13
2.36796007e-02 1.01818529e-13
2.25088005e-02 9.28782786e-14
2.13958887e-02 8.46804163e-14
2.03380031e-02 7.71693110e-14
1.93324229e-02 7.02513264e-14
1.83765620e-02 6.39851395e-14
1.74679622e-02 5.82531166e-14
1.66042866e-02 5.30130198e-14
1.57833141e-02 4.82255275e-14
1.50029332e-02 4.38540856e-14
1.42611371e-02 3.98647597e-14
1.35560179e-02 3.62260890e-14
1.28857621e-02 3.29089437e-14
1.22486461e-02 2.98863862e-14
1.16430313e-02 2.71335356e-14
1.10673602e-02 2.46274371e-14
1.05201522e-02 2.23499978e-14
1.00000000e-02 2.02756448e-14
