1.00000000e+20 0.00000000e+00
9.50556592e+19 0.00000000e+00
9.03557835e+19 0.00000000e+00
8.58882856e+19 0.00000000e+00
8.16416760e+19 0.00000000e+00
7.76050334e+19 0.00000000e+00
7.37679760e+19 0.00000000e+00
7.01206359e+19 0.00000000e+00
6.66536327e+19 0.00000000e+00
6.33580499e+19 0.00000000e+00
6.02254120e+19 0.00000000e+00
5.72476624e+19 0.00000000e+00
5.44171429e+19 0.00000000e+00
5.17265739e+19 0.00000000e+00
4.91690358e+19 0.00000000e+00
4.67379511e+19 0.00000000e+00
4.44270675e+19 0.00000000e+00
4.22304419e+19 0.00000000e+00
4.01424249e+19 0.00000000e+00
3.81576466e+19 0.00000000e+00
3.62710025e+19 0.00000000e+00
3.44776405e+19 0.00000000e+00
3.27729485e+19 0.00000000e+00
3.11525422e+19 0.00000000e+00
2.96122544e+19 0.00000000e+00
2.81481236e+19 0.00000000e+00
2.67563844e+19 0.00000000e+00
2.54334576e+19 0.00000000e+00
2.41759408e+19 0.00000000e+00
2.29805999e+19 0.00000000e+00
2.18443607e+19 0.00000000e+00
2.07643011e+19 0.00000000e+00
1.97376433e+19 0.00000000e+00
1.87617469e+19 0.00000000e+00
1.78341022e+19 0.00000000e+00
1.69523234e+19 0.00000000e+00
1.61141428e+19 0.00000000e+00
1.53174046e+19 0.00000000e+00
1.45600600e+19 0.00000000e+00
1.38401610e+19 0.00000000e+00
1.31558562e+19 0.00000000e+00
1.25053859e+19 0.00000000e+00
1.18870770e+19 0.00000000e+00
1.12993394e+19 0.00000000e+00
1.07406615e+19 0.00000000e+00
1.02096066e+19 0.00000000e+00
9.70480888e+18 0.00000000e+00
9.22497005e+18 0.00000000e+00
8.76885609e+18 0.00000000e+00
8.33529397e+18 0.00000000e+00
7.92316862e+18 0.00000000e+00
7.53142017e+18 0.00000000e+00
7.15904109e+18 0.00000000e+00
6.80507370e+18 0.00000000e+00
6.46860766e+18 0.00000000e+00
6.14877765e+18 0.00000000e+00
5.84476113e+18 0.00000000e+00
5.55577622e+18 0.00000000e+00
5.28107971e+18 0.00000000e+00
5.01996513e+18 0.00000000e+00
4.77176095e+18 0.00000000e+00
4.53582883e+18 0.00000000e+00
4.31156199e+18 0.00000000e+00
4.09838367e+18 0.00000000e+00
3.89574562e+18 0.00000000e+00
3.70312668e+18 0.00000000e+00
3.52003147e+18 0.00000000e+00
3.34598912e+18 0.00000000e+00
3.18055202e+18 0.00000000e+00
3.02329468e+18 0.00000000e+00
2.87381269e+18 0.00000000e+00
2.73172160e+18 0.00000000e+00
2.59665597e+18 0.00000000e+00
2.46826845e+18 0.00000000e+00
2.34622885e+18 0.00000000e+00
2.23022330e+18 0.00000000e+00
2.11995346e+18 0.00000000e+00
2.01513573e+18 0.00000000e+00
1.91550056e+18 0.00000000e+00
1.82079168e+18 0.00000000e+00
1.73076553e+18 0.00000000e+00
1.64519059e+18 0.00000000e+00
1.56384676e+18 0.00000000e+00
1.48652484e+18 0.00000000e+00
1.41302599e+18 0.00000000e+00
1.34316117e+18 0.00000000e+00
1.27675070e+18 0.00000000e+00
1.21362380e+18 0.00000000e+00
1.15361810e+18 0.00000000e+00
1.09657929e+18 0.00000000e+00
1.04236067e+18 0.00000000e+00
9.90822810e+17 0.00000000e+00
9.41833153e+17 0.00000000e+00
8.95265713e+17 0.00000000e+00
8.51000725e+17 0.00000000e+00
8.08924349e+17 0.00000000e+00
7.68928372e+17 0.00000000e+00
7.30909933e+17 0.00000000e+00
6.94771255e+17 0.00000000e+00
6.60419396e+17 0.00000000e+00
6.27766011e+17 0.00000000e+00
5.96727120e+17 0.00000000e+00
5.67222897e+17 0.00000000e+00
5.39177464e+17 0.00000000e+00
5.12518693e+17 0.00000000e+00
4.87178022e+17 0.00000000e+00
4.63090280e+17 0.00000000e+00
4.40193519e+17 0.00000000e+00
4.18428851e+17 1.85141829e-57
3.97740302e+17 7.67075343e-56
3.78074666e+17 2.50060811e-54
3.59381366e+17 7.81808394e-53
3.41612327e+17 1.78492661e-51
3.24721849e+17 3.95457673e-50
3.08666494e+17 7.87785695e-49
2.93404971e+17 1.20844374e-47
2.78898029e+17 1.43532956e-46
2.65108360e+17 1.70481329e-45
2.52000499e+17 2.02489271e-44
2.39540736e+17 1.86223317e-43
2.27697026e+17 1.70231621e-42
2.16438909e+17 1.23526469e-41
2.05737431e+17 8.09318532e-41
1.95565072e+17 4.98677117e-40
1.85895668e+17 2.78102444e-39
1.76704353e+17 1.63460675e-38
1.67967487e+17 6.85896860e-38
1.59662602e+17 2.96333200e-37
1.51768339e+17 1.33564313e-36
1.44264395e+17 4.42953731e-36
1.37131472e+17 1.77301499e-35
1.30351224e+17 6.66486819e-35
1.23906216e+17 1.93876095e-34
1.17779870e+17 5.94000390e-34
1.11956432e+17 1.52440008e-33
1.06420924e+17 4.20238099e-33
1.01159111e+17 1.12538746e-32
9.61574600e+16 2.60878493e-32
9.14031075e+16 6.01644863e-32
8.68838264e+16 1.27058944e-31
8.25879939e+16 2.86183631e-31
7.85045620e+16 5.35675479e-31
7.46230289e+16 1.11074729e-30
7.09334120e+16 2.19385782e-30
6.74262224e+16 4.11142256e-30
6.40924402e+16 7.47714057e-30
6.09234915e+16 1.22266484e-29
5.79112265e+16 1.95396699e-29
5.50478981e+16 3.56882925e-29
5.23261424e+16 5.25744657e-29
4.97389596e+16 8.02447638e-29
4.72796959e+16 1.31216547e-28
4.49420266e+16 2.09699981e-28
4.27199397e+16 3.01427490e-28
4.06077203e+16 4.15623355e-28
3.85999362e+16 5.50104887e-28
3.66914238e+16 8.39629346e-28
3.48772747e+16 1.05667451e-27
3.31528234e+16 1.33859768e-27
3.15136348e+16 2.13924650e-27
2.99554933e+16 2.57772652e-27
2.84743917e+16 2.99810600e-27
2.70665207e+16 4.13409296e-27
2.57282597e+16 4.59219128e-27
2.44561668e+16 6.58638782e-27
2.32469706e+16 8.14394701e-27
2.20975611e+16 7.94279779e-27
2.10049824e+16 9.99465575e-27
1.99664245e+16 1.26645829e-26
1.89792164e+16 1.59505006e-26
1.80408193e+16 1.55649305e-26
1.71488197e+16 1.92611936e-26
1.63009236e+16 2.32327656e-26
1.54949504e+16 2.70527409e-26
1.47288272e+16 2.64051156e-26
1.40005838e+16 3.18446452e-26
1.33083472e+16 3.56229624e-26
1.26503372e+16 3.96736018e-26
1.20248614e+16 3.88025966e-26
1.14303113e+16 4.53421139e-26
1.08651577e+16 5.46362278e-26
1.03279473e+16 5.35880421e-26
9.81729841e+15 5.26057450e-26
9.33189772e+15 6.51936575e-26
8.87049689e+15 6.41594782e-26
8.43190929e+15 6.35867601e-26
8.01500696e+15 7.99287113e-26
7.61871770e+15 7.92635344e-26
7.24202233e+15 7.89749148e-26
6.88395207e+15 7.72467544e-26
6.54358602e+15 9.82525730e-26
6.22004883e+15 9.86359762e-26
5.91250841e+15 9.94413691e-26
5.62017385e+15 9.79813645e-26
5.34229330e+15 1.22510742e-25
5.07815211e+15 1.23985995e-25
4.82707097e+15 1.24759488e-25
4.58840413e+15 1.25806610e-25
4.36153779e+15 1.27674727e-25
4.14588850e+15 1.28347021e-25
3.94090164e+15 1.57314054e-25
3.74605003e+15 1.57891370e-25
3.56083255e+15 1.65584934e-25
3.38477286e+15 1.62733835e-25
3.21741815e+15 1.73933722e-25
3.05833803e+15 1.76200027e-25
2.90712338e+15 2.16936054e-25
2.76338529e+15 2.11519238e-25
2.62675410e+15 2.06606523e-25
2.49687843e+15 2.18790959e-25
2.37342425e+15 2.23560510e-25
2.25607407e+15 2.37877945e-25
2.14452608e+15 2.46856706e-25
2.03849340e+15 2.48492449e-25
1.93770334e+15 2.51826378e-25
1.84189668e+15 2.65181884e-25
1.75082703e+15 3.00404474e-25
1.66426018e+15 3.07181500e-25
1.58197348e+15 3.31443050e-25
1.50375532e+15 3.35805357e-25
1.42940453e+15 3.36809548e-25
1.35872990e+15 3.88655033e-25
1.29154967e+15 3.92125893e-25
1.22769105e+15 4.05793353e-25
1.16698982e+15 4.18805318e-25
1.10928986e+15 4.44504443e-25
1.05444279e+15 4.63243999e-25
1.00230755e+15 4.84593215e-25
9.52750047e+14 4.97842909e-25
9.05642838e+14 5.58367806e-25
8.60864770e+14 5.62293244e-25
8.18300682e+14 6.16890715e-25
7.77841107e+14 6.93438986e-25
7.39381992e+14 6.85402699e-25
7.02824426e+14 6.93103572e-25
6.68074392e+14 6.94005984e-25
6.35042517e+14 7.31329125e-25
6.03643851e+14 8.03874309e-25
5.73797641e+14 8.33119510e-25
5.45427131e+14 8.54913579e-25
5.18459354e+14 9.15975903e-25
4.92824957e+14 9.76745505e-25
4.68458012e+14 1.01245128e-24
4.45295851e+14 1.05058148e-24
4.23278907e+14 1.15161953e-24
4.02350555e+14 1.14813599e-24
3.82456972e+14 1.16901458e-24
3.63546996e+14 1.31028258e-24
3.45571994e+14 1.36777654e-24
3.28485737e+14 1.41379033e-24
3.12244282e+14 1.51610165e-24
2.96805861e+14 1.57017190e-24
2.82130768e+14 1.67114234e-24
2.68181261e+14 1.71858666e-24
2.54921465e+14 1.82607751e-24
2.42317279e+14 1.96247448e-24
2.30336287e+14 1.97072672e-24
2.18947676e+14 2.09827320e-24
2.08122157e+14 2.19739763e-24
1.97831888e+14 2.33205206e-24
1.88050406e+14 2.48303634e-24
1.78752553e+14 2.65723610e-24
1.69914417e+14 2.71345196e-24
1.61513269e+14 2.85559630e-24
1.53527503e+14 2.97374520e-24
1.45936580e+14 3.18366644e-24
1.38720978e+14 3.33595165e-24
1.31862140e+14 3.48223089e-24
1.25342427e+14 3.66154991e-24
1.19145070e+14 3.80980957e-24
1.13254132e+14 4.11095448e-24
1.07654461e+14 4.30826538e-24
1.02331658e+14 4.50773264e-24
9.72720319e+13 4.76587947e-24
9.24625712e+13 4.93745158e-24
8.78909065e+13 5.22545719e-24
8.35452806e+13 5.51122151e-24
7.94145172e+13 5.79378715e-24
7.54879928e+13 6.06988041e-24
7.17556092e+13 6.40493768e-24
6.82077673e+13 6.76303542e-24
6.48353429e+13 7.06265782e-24
6.16296626e+13 7.44730307e-24
5.85824820e+13 7.90071309e-24
5.56859644e+13 8.24043460e-24
5.29326606e+13 8.74078315e-24
5.03154895e+13 9.21120731e-24
4.78277202e+13 9.60862519e-24
4.54629547e+13 1.00796341e-23
4.32151113e+13 1.07226791e-23
4.10784089e+13 1.12185550e-23
3.90473524e+13 1.18401097e-23
3.71167182e+13 1.23977955e-23
3.52815412e+13 1.30240700e-23
3.35371015e+13 1.36920541e-23
3.18789129e+13 1.45069332e-23
3.03027108e+13 1.51886839e-23
2.88044415e+13 1.60046390e-23
2.73802518e+13 1.68067738e-23
2.60264788e+13 1.76385346e-23
2.47396410e+13 1.86296741e-23
2.35164288e+13 1.96329830e-23
2.23536965e+13 2.05820751e-23
2.12484535e+13 2.16963383e-23
2.01978576e+13 2.27831191e-23
1.91992067e+13 2.40109205e-23
1.82499324e+13 2.52253715e-23
1.73475936e+13 2.65283694e-23
1.64898694e+13 2.79561541e-23
1.56745541e+13 2.93561687e-23
1.48995507e+13 3.09453007e-23
1.41628662e+13 3.24919541e-23
1.34626058e+13 3.42344256e-23
1.27969687e+13 3.59424370e-23
1.21642429e+13 3.78470297e-23
1.15628013e+13 3.98585846e-23
1.09910970e+13 4.18598666e-23
1.04476597e+13 4.41353131e-23
9.93109181e+12 4.63828921e-23
9.44006479e+12 4.87431063e-23
8.97331581e+12 5.13177023e-23
8.52964450e+12 5.39750404e-23
8.10790981e+12 5.68332797e-23
7.70702711e+12 5.97508642e-23
7.32596543e+12 6.28440199e-23
6.96374473e+12 6.60490939e-23
6.61943346e+12 6.95083612e-23
6.29214611e+12 7.31491869e-23
5.98104096e+12 7.68961752e-23
5.68531791e+12 8.10020257e-23
5.40421642e+12 8.51505519e-23
5.13701354e+12 8.95591344e-23
4.88302209e+12 9.42877504e-23
4.64158883e+12 9.91435339e-23
4.41209286e+12 1.04383086e-22
4.19394396e+12 1.09770645e-22
3.98658107e+12 1.15446135e-22
3.78947092e+12 1.21515767e-22
3.60210656e+12 1.27763700e-22
3.42400614e+12 1.34388966e-22
3.25471161e+12 1.41447628e-22
3.09378757e+12 1.48823208e-22
2.94082017e+12 1.56558608e-22
2.79541600e+12 1.64692256e-22
2.65720111e+12 1.73249467e-22
2.52582003e+12 1.82262491e-22
2.40093488e+12 1.91699978e-22
2.28222447e+12 2.01725879e-22
2.16938352e+12 2.12197867e-22
2.06212180e+12 2.23243359e-22
1.96016347e+12 2.34785229e-22
1.86324631e+12 2.47003008e-22
1.77112106e+12 2.59833904e-22
1.68355080e+12 2.73418076e-22
1.60031031e+12 2.87618598e-22
1.52118552e+12 3.02604117e-22
1.44597292e+12 3.18306954e-22
1.37447909e+12 3.34891791e-22
1.30652016e+12 3.52322092e-22
1.24192135e+12 3.70599448e-22
1.18051653e+12 3.89870747e-22
1.12214777e+12 4.10120407e-22
1.06666496e+12 4.31487571e-22
1.01392541e+12 4.53913223e-22
9.63793480e+11 4.77552288e-22
9.16140246e+11 5.02442957e-22
8.70843150e+11 5.28484201e-22
8.27785697e+11 5.56016578e-22
7.86857151e+11 5.84968765e-22
7.47952252e+11 6.15401347e-22
7.10970943e+11 6.47320558e-22
6.75818117e+11 6.81088844e-22
6.42403366e+11 7.16502256e-22
6.10640754e+11 7.53729527e-22
5.80448594e+11 7.92911466e-22
5.51749238e+11 8.34183893e-22
5.24468875e+11 8.77531813e-22
4.98537346e+11 9.23238964e-22
4.73887961e+11 9.71184746e-22
4.50457325e+11 1.02175371e-21
4.28185180e+11 1.07489673e-21
4.07014245e+11 1.13084408e-21
3.86890074e+11 1.18959395e-21
3.67760910e+11 1.25157017e-21
3.49577557e+11 1.31658919e-21
3.32293252e+11 1.38508457e-21
3.15863541e+11 1.45713670e-21
3.00246171e+11 1.53295007e-21
2.85400977e+11 1.61274378e-21
2.71289780e+11 1.69657609e-21
2.57876289e+11 1.78479367e-21
2.45126006e+11 1.87763216e-21
2.33006141e+11 1.97524964e-21
2.21485523e+11 2.07803959e-21
2.10534524e+11 2.18614164e-21
2.00124980e+11 2.29985144e-21
1.90230119e+11 2.41948173e-21
1.80824493e+11 2.54534734e-21
1.71883914e+11 2.67774979e-21
1.63385388e+11 2.81700436e-21
1.55307057e+11 2.96353091e-21
1.47628147e+11 3.11770121e-21
1.40328908e+11 3.27982002e-21
1.33390569e+11 3.45048193e-21
1.26795285e+11 3.62993915e-21
1.20526094e+11 3.81878145e-21
1.14566873e+11 4.01737810e-21
1.08902296e+11 4.22627651e-21
1.03517796e+11 4.44620202e-21
9.83995230e+10 4.67739864e-21
9.35343152e+10 4.92068127e-21
8.89096599e+10 5.17665001e-21
8.45136633e+10 5.44596960e-21
8.03350198e+10 5.72919445e-21
7.63629826e+10 6.02719597e-21
7.25873365e+10 6.34073372e-21
6.89983712e+10 6.67055595e-21
6.55868566e+10 7.01746371e-21
6.23440189e+10 7.38253238e-21
5.92615181e+10 7.76651920e-21
5.63314267e+10 8.17054104e-21
5.35462090e+10 8.59543597e-21
5.08987019e+10 9.04255599e-21
4.83820966e+10 9.51296387e-21
4.59899209e+10 1.00077884e-20
4.37160225e+10 1.05283490e-20
4.15545533e+10 1.10759025e-20
3.94999546e+10 1.16521120e-20
3.75469422e+10 1.22581348e-20
3.56904935e+10 1.28957533e-20
3.39258338e+10 1.35665063e-20
3.22484250e+10 1.42722223e-20
3.06539530e+10 1.50145375e-20
2.91383170e+10 1.57955663e-20
2.76976194e+10 1.66170951e-20
2.63281547e+10 1.74814806e-20
2.50264010e+10 1.83908490e-20
2.37890104e+10 1.93473542e-20
2.26128007e+10 2.03537040e-20
2.14947467e+10 2.14124591e-20
2.04319732e+10 2.25261930e-20
1.94217468e+10 2.36978536e-20
1.84614695e+10 2.49305792e-20
1.75486715e+10 2.62273919e-20
1.66810054e+10 2.75915748e-20
1.58562396e+10 2.90267942e-20
1.50722531e+10 3.05365880e-20
1.43270295e+10 3.21249762e-20
1.36186524e+10 3.37959533e-20
1.29452998e+10 3.55537879e-20
1.23052400e+10 3.74032010e-20
1.16968270e+10 3.93487183e-20
1.11184960e+10 4.13954136e-20
1.05687597e+10 4.35485687e-20
1.00462042e+10 4.58137849e-20
9.54948564e+09 4.81969483e-20
9.07732653e+09 5.07037695e-20
8.62851257e+09 5.33411086e-20
8.20188950e+09 5.61157216e-20
7.79636013e+09 5.90346504e-20
7.41088152e+09 6.21052845e-20
7.04446228e+09 6.53357475e-20
6.69616005e+09 6.87341373e-20
6.36507908e+09 7.23093695e-20
6.05036788e+09 7.60705707e-20
5.75121707e+09 8.00273138e-20
5.46685730e+09 8.41900635e-20
5.19655724e+09 8.85691370e-20
4.93962174e+09 9.31761923e-20
4.69539001e+09 9.80227375e-20
4.46323393e+09 1.03121351e-19
4.24255643e+09 1.08485179e-19
4.03278998e+09 1.14128061e-19
3.83339510e+09 1.20064481e-19
3.64385898e+09 1.26309714e-19
3.46369418e+09 1.32879809e-19
3.29243733e+09 1.39791567e-19
3.12964801e+09 1.47062803e-19
2.97490755e+09 1.54712225e-19
2.82781798e+09 1.62759692e-19
2.68800102e+09 1.71225640e-19
2.55509709e+09 1.80131952e-19
2.42876438e+09 1.89501498e-19
2.30867799e+09 1.99358525e-19
2.19452909e+09 2.09728377e-19
2.08602409e+09 2.20637321e-19
1.98288395e+09 2.32113812e-19
1.88484341e+09 2.44187280e-19
1.79165033e+09 2.56888720e-19
1.70306503e+09 2.70250872e-19
1.61885969e+09 2.84308077e-19
1.53881775e+09 2.99096351e-19
1.46273336e+09 3.14653855e-19
1.39041083e+09 3.31020642e-19
1.32166418e+09 3.48238784e-19
1.25631660e+09 3.66352493e-19
1.19420003e+09 3.85408422e-19
1.13515471e+09 4.05455635e-19
1.07902879e+09 4.26545486e-19
1.02567793e+09 4.48732227e-19
9.74964918e+08 4.72073077e-19
9.26759330e+08 4.96628174e-19
8.80937190e+08 5.22460381e-19
8.37380654e+08 5.49636237e-19
7.95977700e+08 5.78225622e-19
7.56621850e+08 6.08302118e-19
7.19211887e+08 6.39943130e-19
6.83651600e+08 6.73229996e-19
6.49849535e+08 7.08248021e-19
6.17718760e+08 7.45087674e-19
5.87176639e+08 7.83843788e-19
5.58144625e+08 8.24615424e-19
5.30548053e+08 8.67508100e-19
5.04315949e+08 9.12631787e-19
4.79380850e+08 9.60102388e-19
4.55678627e+08 1.01004238e-18
4.33148322e+08 1.06258000e-18
4.11731993e+08 1.11785033e-18
3.91374560e+08 1.17599546e-18
3.72023668e+08 1.23716512e-18
3.53629550e+08 1.30151663e-18
3.36144900e+08 1.36921519e-18
3.19524751e+08 1.44043522e-18
3.03726358e+08 1.51535981e-18
2.88709092e+08 1.59418154e-18
2.74434330e+08 1.67710325e-18
2.60865362e+08 1.76433813e-18
2.47967289e+08 1.85611068e-18
2.35706941e+08 1.95265663e-18
2.24052787e+08 2.05422442e-18
2.12974854e+08 2.16107537e-18
2.02444651e+08 2.27348414e-18
1.92435098e+08 2.39173996e-18
1.82920450e+08 2.51614684e-18
1.73876240e+08 2.64702484e-18
1.65279206e+08 2.78471028e-18
1.57107239e+08 2.92955764e-18
1.49339322e+08 3.08193911e-18
1.41955477e+08 3.24224716e-18
1.34936714e+08 3.41089321e-18
1.28264983e+08 3.58831149e-18
1.21923125e+08 3.77495832e-18
1.15894830e+08 3.97131358e-18
1.10164595e+08 4.17788238e-18
1.04717682e+08 4.39519584e-18
9.95400829e+07 4.62381295e-18
9.46184819e+07 4.86432151e-18
8.99402217e+07 5.11734026e-18
8.54932707e+07 5.38351978e-18
8.12661920e+07 5.66354479e-18
7.72481145e+07 5.95813514e-18
7.34287045e+07 6.26804887e-18
6.97981391e+07 6.59408293e-18
6.63470812e+07 6.93707547e-18
6.30666554e+07 7.29790899e-18
5.99484250e+07 7.67751130e-18
5.69843706e+07 8.07685877e-18
5.41668691e+07 8.49697831e-18
5.14886745e+07 8.93895053e-18
4.89428990e+07 9.40391202e-18
4.65229952e+07 9.89305848e-18
4.42227398e+07 1.04076480e-17
4.20362168e+07 1.09490042e-17
3.99578030e+07 1.15185189e-17
3.79821531e+07 1.21176572e-17
3.61041860e+07 1.27479599e-17
3.43190720e+07 1.34110478e-17
3.26222201e+07 1.41086264e-17
3.10092664e+07 1.48424895e-17
2.94760626e+07 1.56145249e-17
2.80186656e+07 1.64267178e-17
2.66333273e+07 1.72811571e-17
2.53164848e+07 1.81800402e-17
2.40647515e+07 1.91256788e-17
2.28749082e+07 2.01205053e-17
2.17438948e+07 2.11670776e-17
2.06688025e+07 2.22680879e-17
1.96468665e+07 2.34263672e-17
1.86754584e+07 2.46448949e-17
1.77520801e+07 2.59268043e-17
1.68743568e+07 2.72753926e-17
1.60400311e+07 2.86941281e-17
1.52469573e+07 3.01866595e-17
1.44930957e+07 3.17568252e-17
1.37765077e+07 3.34086633e-17
1.30953502e+07 3.51464221e-17
1.24478715e+07 3.69745708e-17
1.18324063e+07 3.88978111e-17
1.12473718e+07 4.09210893e-17
1.06912634e+07 4.30496087e-17
1.01626509e+07 4.52888434e-17
9.66017480e+06 4.76445523e-17
9.18254284e+06 5.01227939e-17
8.72852662e+06 5.27299420e-17
8.29695852e+06 5.54727012e-17
7.88672862e+06 5.83581259e-17
7.49678187e+06 6.13936363e-17
7.12611543e+06 6.45870396e-17
6.77377600e+06 6.79465484e-17
6.43885743e+06 7.14808027e-17
6.12049837e+06 7.51988921e-17
5.81788007e+06 7.91103788e-17
5.53022426e+06 8.32253222e-17
5.25679112e+06 8.75543051e-17
4.99687745e+06 9.21084612e-17
4.74981480e+06 9.68995026e-17
4.51496777e+06 1.01939751e-16
4.29173238e+06 1.07242169e-16
4.07953450e+06 1.12820394e-16
3.87782841e+06 1.18688771e-16
3.68609536e+06 1.24862392e-16
3.50384225e+06 1.31357136e-16
3.33060034e+06 1.38189706e-16
3.16592411e+06 1.45377673e-16
3.00939003e+06 1.52939524e-16
2.86059554e+06 1.60894706e-16
2.71915794e+06 1.69263678e-16
2.58471351e+06 1.78067965e-16
2.45691646e+06 1.87330208e-16
2.33543814e+06 1.97074228e-16
2.21996612e+06 2.07325086e-16
2.11020343e+06 2.18109144e-16
2.00586778e+06 2.29454138e-16
1.90669084e+06 2.41389243e-16
1.81241755e+06 2.53945156e-16
1.72280545e+06 2.67154166e-16
1.63762407e+06 2.81050246e-16
1.55665436e+06 2.95669134e-16
1.47968806e+06 3.11048426e-16
1.40652724e+06 3.27227675e-16
1.33698374e+06 3.44248491e-16
1.27087871e+06 3.62154648e-16
1.20804213e+06 3.80992197e-16
1.14831241e+06 4.00809585e-16
1.09153594e+06 4.21657778e-16
1.03756668e+06 4.43590395e-16
9.86265846e+05 4.66663840e-16
9.37501502e+05 4.90937456e-16
8.91148232e+05 5.16473667e-16
8.47086827e+05 5.43338150e-16
8.05203967e+05 5.71599995e-16
7.65391939e+05 6.01331884e-16
7.27548353e+05 6.32610283e-16
6.91575883e+05 6.65515633e-16
6.57382014e+05 7.00132562e-16
6.24878807e+05 7.36550096e-16
5.93982669e+05 7.74861895e-16
5.64614142e+05 8.15166489e-16
5.36697695e+05 8.57567533e-16
5.10161531e+05 9.02174075e-16
4.84937407e+05 9.49100833e-16
4.60960449e+05 9.98468495e-16
4.38168993e+05 1.05040402e-15
4.16504425e+05 1.10504099e-15
3.95911027e+05 1.16251990e-15
3.76335836e+05 1.22298859e-15
3.57728510e+05 1.28660257e-15
3.40041193e+05 1.35352544e-15
3.23228398e+05 1.42392931e-15
3.07246884e+05 1.49799524e-15
2.92055551e+05 1.57591373e-15
2.77615329e+05 1.65788516e-15
2.63889081e+05 1.74412034e-15
2.50841506e+05 1.83484106e-15
2.38439047e+05 1.93028062e-15
2.26649808e+05 2.03068449e-15
2.15443469e+05 2.13631087e-15
2.04791210e+05 2.24743142e-15
1.94665634e+05 2.36433192e-15
1.85040702e+05 2.48731301e-15
1.75891659e+05 2.61669097e-15
1.67194976e+05 2.75279853e-15
1.58928287e+05 2.89598574e-15
1.51070330e+05 3.04662084e-15
1.43600898e+05 3.20509124e-15
1.36500781e+05 3.37180447e-15
1.29751717e+05 3.54718931e-15
1.23336350e+05 3.73169679e-15
1.17238180e+05 3.92580143e-15
1.11441525e+05 4.13000243e-15
1.05931476e+05 4.34482494e-15
1.00693863e+05 4.57082144e-15
9.57152154e+04 4.80857315e-15
9.09827289e+04 5.05869150e-15
8.64842328e+04 5.32181974e-15
8.22081576e+04 5.59863458e-15
7.81435061e+04 5.88984793e-15
7.42798248e+04 6.19620871e-15
7.06071771e+04 6.51850481e-15
6.71161177e+04 6.85756510e-15
6.37976681e+04 7.21426156e-15
6.06432940e+04 7.58951153e-15
5.76448828e+04 7.98428006e-15
5.47947234e+04 8.39958239e-15
5.20854855e+04 8.83648658e-15
4.95102016e+04 9.29611623e-15
4.70622485e+04 9.77965339e-15
4.47353305e+04 1.02883416e-14
4.25234633e+04 1.08234890e-14
4.04209584e+04 1.13864720e-14
3.84224085e+04 1.19787383e-14
3.65226736e+04 1.26018111e-14
3.47168682e+04 1.32572927e-14
3.30003479e+04 1.39468689e-14
3.13686982e+04 1.46723130e-14
2.98177229e+04 1.54354907e-14
2.83434331e+04 1.62383647e-14
2.69420371e+04 1.70829996e-14
2.56099310e+04 1.79715676e-14
2.43436887e+04 1.89063538e-14
2.31400538e+04 1.98897622e-14
2.19959307e+04 2.09243218e-14
2.09083769e+04 2.20126930e-14
1.98745955e+04 2.31576749e-14
1.88919278e+04 2.43622118e-14
1.79578465e+04 2.56294014e-14
1.70699493e+04 2.69625025e-14
1.62259529e+04 2.83649432e-14
1.54236865e+04 2.98403300e-14
1.46610868e+04 3.13924571e-14
1.39361927e+04 3.30253158e-14
1.32471399e+04 3.47431052e-14
1.25921561e+04 3.65502426e-14
1.19695570e+04 3.84513752e-14
1.13777413e+04 4.04513917e-14
1.08151870e+04 4.25554352e-14
1.02804473e+04 4.47689163e-14
9.77214697e+03 4.70975268e-14
9.28897872e+03 4.95472547e-14
8.82969996e+03 5.21243994e-14
8.39312950e+03 5.48355876e-14
7.97814457e+03 5.76877911e-14
7.58367791e+03 6.06883438e-14
7.20871503e+03 6.38449613e-14
6.85229160e+03 6.71657603e-14
6.51349095e+03 7.06592796e-14
6.19144176e+03 7.43345020e-14
5.88531578e+03 7.82008775e-14
5.59432571e+03 8.22683474e-14
5.31772318e+03 8.65473700e-14
5.05479682e+03 9.10489473e-14
4.80487044e+03 9.57846535e-14
4.56730127e+03 1.00766665e-13
4.34147833e+03 1.06007790e-13
4.12682085e+03 1.11521504e-13
3.92277676e+03 1.17321982e-13
3.72882131e+03 1.23424138e-13
3.54445567e+03 1.29843659e-13
3.36920571e+03 1.36597049e-13
3.20262069e+03 1.43701670e-13
3.04427221e+03 1.51175785e-13
2.89375302e+03 1.59038609e-13
2.75067601e+03 1.67310353e-13
2.61467321e+03 1.76012281e-13
2.48539486e+03 1.85166761e-13
2.36250847e+03 1.94797325e-13
2.24569800e+03 2.04928726e-13
2.13466303e+03 2.15587005e-13
2.02911802e+03 2.26799557e-13
1.92879151e+03 2.38595199e-13
1.83342548e+03 2.51004246e-13
1.74277468e+03 2.64058590e-13
1.65660596e+03 2.77791778e-13
1.57469771e+03 2.92239101e-13
1.49683929e+03 3.07437685e-13
1.42283046e+03 3.23426583e-13
1.35248087e+03 3.40246877e-13
1.28560961e+03 3.57941785e-13
1.22204469e+03 3.76556768e-13
1.16162263e+03 3.96139649e-13
1.10418805e+03 4.16740736e-13
1.04959323e+03 4.38412947e-13
9.97697764e+02 4.61211952e-13
9.48368187e+02 4.85196308e-13
9.01477631e+02 5.10427614e-13
8.56905505e+02 5.36970668e-13
8.14537177e+02 5.64893632e-13
7.74263683e+02 5.94268203e-13
7.35981448e+02 6.25169803e-13
6.99592017e+02 6.57677766e-13
6.65001803e+02 6.91875545e-13
6.32121848e+02 7.27850921e-13
6.00867589e+02 7.65696229e-13
5.71158648e+02 8.05508597e-13
5.42918618e+02 8.47390186e-13
5.16074871e+02 8.91448459e-13
4.90558371e+02 9.37796450e-13
4.66303493e+02 9.86553052e-13
4.43247859e+02 1.03784332e-12
4.21332174e+02 1.09179881e-12
4.00500076e+02 1.14855785e-12
3.80697987e+02 1.20826599e-12
3.61874981e+02 1.27107628e-12
3.43982649e+02 1.33714971e-12
3.26974974e+02 1.40665562e-12
3.10808217e+02 1.47977209e-12
2.95440800e+02 1.55668645e-12
2.80833200e+02 1.63759570e-12
2.66947849e+02 1.72270706e-12
2.53749038e+02 1.81223843e-12
2.41202821e+02 1.90641902e-12
2.29276931e+02 2.00548987e-12
2.17940698e+02 2.10970449e-12
2.07164968e+02 2.21932950e-12
1.96922026e+02 2.33464528e-12
1.87185529e+02 2.45594671e-12
1.77930439e+02 2.58354391e-12
1.69132952e+02 2.71776298e-12
1.60770442e+02 2.85894690e-12
1.52821404e+02 3.00745631e-12
1.45265393e+02 3.16367050e-12
1.38082977e+02 3.32798830e-12
1.31255684e+02 3.50082913e-12
1.24765955e+02 3.68263403e-12
1.18597101e+02 3.87386679e-12
1.12733256e+02 4.07501510e-12
1.07159340e+02 4.28659179e-12
1.01861017e+02 4.50913612e-12
9.68246612e+01 4.74321515e-12
9.20373200e+01 4.98942514e-12
8.74866812e+01 5.24839308e-12
8.31610415e+01 5.52077827e-12
7.90492762e+01 5.80727397e-12
7.51408106e+01 6.10860915e-12
7.14255929e+01 6.42555037e-12
6.78940681e+01 6.75890369e-12
6.45371540e+01 7.10951672e-12
6.13462172e+01 7.47828077e-12
5.83130511e+01 7.86613317e-12
5.54298552e+01 8.27405958e-12
5.26892142e+01 8.70309660e-12
5.00840799e+01 9.15433439e-12
4.76077523e+01 9.62891949e-12
4.52538628e+01 1.01280578e-11
4.30163576e+01 1.06530176e-11
4.08894823e+01 1.12051333e-11
3.88677669e+01 1.17858081e-11
3.69460121e+01 1.23965187e-11
3.51192753e+01 1.30388185e-11
3.33828586e+01 1.37143420e-11
3.17322963e+01 1.44248092e-11
3.01633435e+01 1.51720302e-11
2.86719650e+01 1.59284328e-11
2.72543253e+01 1.67502780e-11
2.59067786e+01 1.76141581e-11
2.46258592e+01 1.85221809e-11
2.34082728e+01 1.94765549e-11
2.22508880e+01 2.04795930e-11
2.11507282e+01 2.15337166e-11
2.01049642e+01 2.26414597e-11
1.91109062e+01 2.38054730e-11
1.81659979e+01 2.50285277e-11
1.72678090e+01 2.63135193e-11
1.64140297e+01 2.76634714e-11
1.56024641e+01 2.90815391e-11
1.48310251e+01 3.05709465e-11
1.40977287e+01 3.21339348e-11
1.34006890e+01 3.37743507e-11
1.27381132e+01 3.54986031e-11
1.21082975e+01 3.73089174e-11
1.15096220e+01 3.92084764e-11
1.09405471e+01 4.12022054e-11
1.03996091e+01 4.32941988e-11
9.88541702e+00 4.54887002e-11
9.39664831e+00 4.77902376e-11
8.93204600e+00 5.02033661e-11
8.49041520e+00 5.27327704e-11
8.07062014e+00 5.53831914e-11
7.67158118e+00 5.81594224e-11
7.29227206e+00 6.10662817e-11
6.93171728e+00 6.41085708e-11
6.58898955e+00 6.72910407e-11
6.26320745e+00 7.06183410e-11
5.95353313e+00 7.40949662e-11
5.65917016e+00 7.77251900e-11
5.37936150e+00 8.15129903e-11
5.11338754e+00 8.54619615e-11
4.86056423e+00 8.95752135e-11
4.62024137e+00 9.38552518e-11
4.39180089e+00 9.83038367e-11
4.17465529e+00 1.02921812e-10
3.96824610e+00 1.07708899e-10
3.77204249e+00 1.12663436e-10
3.58553986e+00 1.17782055e-10
3.40825855e+00 1.23059279e-10
3.23974263e+00 1.28487018e-10
3.07955871e+00 1.34053948e-10
2.92729484e+00 1.39744772e-10
2.78255940e+00 1.45539356e-10
2.64498018e+00 1.51411765e-10
2.51420335e+00 1.57329232e-10
2.38989257e+00 1.63251143e-10
2.27172813e+00 1.69128122e-10
2.15940615e+00 1.74901362e-10
2.05263775e+00 1.80502336e-10
1.95114835e+00 1.85853068e-10
1.85467692e+00 1.90867118e-10
1.76297538e+00 1.95451391e-10
1.67580786e+00 1.99508836e-10
1.59295021e+00 2.02941964e-10
1.51418933e+00 2.05657069e-10
1.43932264e+00 2.07568848e-10
1.36815763e+00 2.08605050e-10
1.30051125e+00 2.08710709e-10
1.23620954e+00 2.07851560e-10
1.17508713e+00 2.06016247e-10
1.11698682e+00 2.03217125e-10
1.06175918e+00 1.99489597e-10
1.00926219e+00 1.94890104e-10
9.59360829e-01 1.89493041e-10
9.11926760e-01 1.83386970e-10
8.66837993e-01 1.76670494e-10
8.23978568e-01 1.69448182e-10
7.83238260e-01 1.61826788e-10
7.44512291e-01 1.53911982e-10
7.07701066e-01 1.45805649e-10
6.72709914e-01 1.37603780e-10
6.39448843e-01 1.29394911e-10
6.07832313e-01 1.21259258e-10
5.77779012e-01 1.13266981e-10
5.49211648e-01 1.05479500e-10
5.22056753e-01 9.79481804e-11
4.96244488e-01 9.07150632e-11
4.71708469e-01 8.38121919e-11
4.48385595e-01 7.72633705e-11
4.26215883e-01 7.10841277e-11
4.05142317e-01 6.52826257e-11
3.85110700e-01 5.98605222e-11
3.66069515e-01 5.48138860e-11
3.47969790e-01 5.01341303e-11
3.30764978e-01 4.58089274e-11
3.14410830e-01 4.18230770e-11
2.98865287e-01 3.81593022e-11
2.84088369e-01 3.47989580e-11
2.70042072e-01 3.17226443e-11
2.56690272e-01 2.89107175e-11
2.43998630e-01 2.63437053e-11
2.31934506e-01 2.40026310e-11
2.20466874e-01 2.18693426e-11
2.09566240e-01 1.99266206e-11
1.99204571e-01 1.81579450e-11
1.89355218e-01 1.65480746e-11
1.79992851e-01 1.50828736e-11
1.71093391e-01 1.37493040e-11
1.62633950e-01 1.25353961e-11
1.54592774e-01 1.14302030e-11
1.46949180e-01 1.04237441e-11
1.39683512e-01 9.50694266e-12
1.32777083e-01 8.67155961e-12
1.26212131e-01 7.91012723e-12
1.19971774e-01 7.21588387e-12
1.14039960e-01 6.58271116e-12
1.08401436e-01 6.00507459e-12
1.03041699e-01 5.47796802e-12
9.79469667e-02 4.99686224e-12
9.31041349e-02 4.55765791e-12
8.85007491e-02 4.15664255e-12
8.41249705e-02 3.79994941e-12
7.99655453e-02 3.46454471e-12
7.60117762e-02 3.15812242e-12
7.22534949e-02 2.87819343e-12
6.86810359e-02 2.62249185e-12
6.52852114e-02 2.38895234e-12
6.20572881e-02 2.17569005e-12
5.89889643e-02 1.98098287e-12
5.60723488e-02 1.80325582e-12
5.32999408e-02 1.64106724e-12
5.06646101e-02 1.49192316e-12
4.81595791e-02 1.35740484e-12
4.57784054e-02 1.23470900e-12
4.35149650e-02 1.12282437e-12
4.13634368e-02 1.02082488e-12
3.93182876e-02 9.27862263e-13
3.73742574e-02 8.43159364e-13
3.55263468e-02 7.66004107e-13
3.37698031e-02 6.95744032e-13
3.21001090e-02 6.31781325e-13
3.05129702e-02 5.73568303e-13
2.90043049e-02 5.20603288e-13
2.75702333e-02 4.72426844e-13
2.62070670e-02 4.28618330e-13
2.49113003e-02 3.88792736e-13
2.36796007e-02 3.52597780e-13
2.25088005e-02 3.19711233e-13
2.13958887e-02 2.89838469e-13
2.03380031e-02 2.62663526e-13
1.93324229e-02 2.38026274e-13
1.83765620e-02 2.15665853e-13
1.74679622e-02 1.95376541e-13
1.66042866e-02 1.76970571e-13
1.57833141e-02 1.60276649e-13
1.50029332e-02 1.45138575e-13
1.42611371e-02 1.31413983e-13
1.35560179e-02 1.18973171e-13
1.28857621e-02 1.07698024e-13
1.22486461e-02 9.74810213e-14
1.16430313e-02 8.82243235e-14
1.10673602e-02 7.98389353e-14
1.05201522e-02 7.22439327e-14
1.00000000e-02 6.53657560e-14
