1.00000000e-02	1.22694429e-10
1.05201522e-02	1.36277392e-10
1.10673602e-02	1.51429910e-10
1.16430313e-02	1.68229234e-10
1.22486461e-02	1.86811937e-10
1.28857621e-02	2.07630169e-10
1.35560179e-02	2.30680495e-10
1.42611371e-02	2.56221438e-10
1.50029332e-02	2.83857520e-10
1.57833141e-02	3.15788788e-10
1.66042866e-02	3.51415404e-10
1.74679622e-02	3.91167350e-10
1.83765620e-02	4.35008612e-10
1.93324229e-02	4.84408609e-10
2.03380031e-02	5.39504274e-10
2.13958887e-02	6.01047158e-10
2.25088005e-02	6.71145569e-10
2.36796007e-02	7.49383722e-10
2.49113003e-02	8.36015944e-10
2.62070670e-02	9.32681352e-10
2.75702333e-02	1.03929361e-09
2.90043049e-02	1.16098652e-09
3.05129702e-02	1.29239264e-09
3.21001090e-02	1.44160362e-09
3.37698031e-02	1.60745651e-09
3.55263468e-02	1.79226993e-09
3.73742574e-02	1.99145615e-09
3.93182876e-02	2.20746644e-09
4.13634368e-02	2.44771221e-09
4.35149650e-02	2.73451459e-09
4.57784054e-02	3.05527200e-09
4.81595791e-02	3.41303449e-09
5.06646101e-02	3.82561422e-09
5.32999408e-02	4.27138662e-09
5.60723488e-02	4.76926747e-09
5.89889643e-02	5.32065437e-09
6.20572881e-02	5.93158148e-09
6.52852114e-02	6.60175001e-09
6.86810359e-02	7.32903422e-09
7.22534949e-02	8.13146826e-09
7.60117762e-02	8.86167467e-09
7.99655453e-02	9.82022433e-09
8.41249705e-02	1.09369071e-08
8.85007491e-02	1.21594357e-08
9.31041349e-02	1.35002341e-08
9.79469667e-02	1.49620006e-08
1.03041699e-01	1.65570773e-08
1.08401436e-01	1.82683712e-08
1.14039960e-01	2.00824668e-08
1.19971774e-01	2.17734831e-08
1.26212131e-01	2.34904200e-08
1.32777083e-01	2.58424019e-08
1.39683512e-01	2.84493765e-08
1.46949180e-01	3.12065825e-08
1.54592774e-01	3.40802387e-08
1.62633950e-01	3.70849770e-08
1.71093391e-01	3.96007294e-08
1.79992851e-01	4.17654473e-08
1.89355218e-01	4.53359029e-08
1.99204571e-01	4.89388459e-08
2.09566240e-01	5.24229458e-08
2.20466874e-01	5.57908798e-08
2.31934506e-01	5.79096749e-08
2.43998630e-01	6.06227965e-08
2.56690272e-01	6.43503396e-08
2.70042072e-01	6.76663131e-08
2.84088369e-01	7.00551052e-08
2.98865287e-01	6.97679700e-08
3.14410830e-01	7.26430061e-08
3.30764978e-01	7.47547000e-08
3.47969790e-01	7.54306587e-08
3.66069515e-01	7.41181769e-08
3.85110700e-01	7.46663873e-08
4.05142317e-01	7.34943624e-08
4.26215883e-01	7.08785531e-08
4.48385595e-01	6.95393764e-08
4.71708469e-01	6.55107535e-08
4.96244488e-01	6.29172011e-08
5.22056753e-01	5.86793752e-08
5.49211648e-01	5.48287384e-08
5.77779012e-01	5.06111047e-08
6.07832313e-01	4.60783027e-08
6.39448843e-01	4.18654266e-08
6.72709914e-01	3.75291334e-08
7.07701066e-01	3.34958668e-08
7.44512291e-01	2.99125194e-08
7.83238260e-01	2.62667925e-08
8.23978568e-01	2.29729935e-08
8.66837993e-01	2.03328773e-08
9.11926760e-01	1.78186577e-08
9.59360829e-01	1.56243043e-08
1.00926219e+00	1.37583970e-08
1.06175918e+00	1.21825024e-08
1.11698682e+00	1.08683831e-08
1.17508713e+00	9.71867757e-09
1.23620954e+00	8.60632688e-09
1.30051125e+00	7.95901306e-09
1.36815763e+00	7.29298163e-09
1.43932264e+00	6.72906663e-09
1.51418933e+00	6.25327824e-09
1.59295021e+00	5.84957777e-09
1.67580786e+00	5.50384288e-09
1.76297538e+00	5.20428057e-09
1.85467692e+00	4.94128738e-09
1.95114835e+00	4.70575667e-09
2.05263775e+00	4.49198198e-09
2.15940615e+00	4.29518308e-09
2.27172813e+00	4.11149829e-09
2.38989257e+00	3.93817542e-09
2.51420335e+00	3.77323468e-09
2.64498018e+00	3.61527500e-09
2.78255940e+00	3.46334262e-09
2.92729484e+00	3.31679984e-09
3.07955871e+00	3.17524592e-09
3.23974263e+00	3.03843187e-09
3.40825855e+00	2.90620371e-09
3.58553986e+00	2.77847097e-09
3.77204249e+00	2.65517664e-09
3.96824610e+00	2.53627850e-09
4.17465529e+00	2.42173688e-09
4.39180089e+00	2.31150675e-09
4.62024137e+00	2.20553561e-09
4.86056423e+00	2.10375747e-09
5.11338754e+00	2.00609666e-09
5.37936150e+00	1.91246645e-09
5.65917016e+00	1.82277069e-09
5.95353313e+00	1.73690531e-09
6.26320745e+00	1.65475989e-09
6.58898955e+00	1.57621924e-09
6.93171728e+00	1.50116478e-09
7.29227206e+00	1.42947586e-09
7.67158118e+00	1.36103080e-09
8.07062014e+00	1.29570798e-09
8.49041520e+00	1.23338644e-09
8.93204600e+00	1.17394676e-09
9.39664831e+00	1.11727162e-09
9.88541702e+00	1.06324574e-09
1.03996091e+01	1.01175756e-09
1.09405471e+01	9.62696754e-10
1.15096220e+01	9.15960171e-10
1.21082975e+01	8.71448608e-10
1.27381132e+01	8.29044095e-10
1.34006890e+01	7.88669913e-10
1.40977287e+01	7.50269489e-10
1.48310251e+01	7.13692663e-10
1.56024641e+01	6.78847899e-10
1.64140297e+01	6.45680748e-10
1.72678090e+01	6.14114415e-10
1.81659979e+01	5.84073900e-10
1.91109062e+01	5.55487427e-10
2.01049642e+01	5.28286352e-10
2.11507282e+01	5.02405052e-10
2.22508880e+01	4.77780835e-10
2.34082728e+01	4.54353821e-10
2.46258592e+01	4.32066850e-10
2.59067786e+01	4.10865364e-10
2.72543253e+01	3.90697321e-10
2.86719650e+01	3.71513075e-10
3.01633435e+01	3.53858146e-10
3.17322963e+01	3.36419958e-10
3.33828586e+01	3.19841274e-10
3.51192753e+01	3.04079578e-10
3.69460121e+01	2.89094490e-10
3.88677669e+01	2.74847659e-10
4.08894823e+01	2.61302649e-10
4.30163576e+01	2.48424841e-10
4.52538628e+01	2.36181343e-10
4.76077523e+01	2.24540897e-10
5.00840799e+01	2.13473796e-10
5.26892142e+01	2.02951806e-10
5.54298552e+01	1.92948091e-10
5.83130511e+01	1.83437140e-10
6.13462172e+01	1.74394703e-10
6.45371540e+01	1.65797726e-10
6.78940681e+01	1.57624292e-10
7.14255929e+01	1.49853564e-10
7.51408106e+01	1.42465729e-10
7.90492762e+01	1.35441951e-10
8.31610415e+01	1.28764279e-10
8.74866812e+01	1.22415763e-10
9.20373200e+01	1.16380172e-10
9.68246612e+01	1.10642107e-10
1.01861017e+02	1.05186929e-10
1.07159340e+02	1.00000716e-10
1.12733256e+02	9.50702310e-11
1.18597101e+02	9.03828865e-11
1.24765955e+02	8.59267136e-11
1.31255684e+02	8.16903315e-11
1.38082977e+02	7.76626222e-11
1.45265393e+02	7.38338866e-11
1.52821404e+02	7.01940446e-11
1.60770442e+02	6.67337920e-11
1.69132952e+02	6.34442820e-11
1.77930439e+02	6.03171024e-11
1.87185529e+02	5.73442546e-11
1.96922026e+02	5.45181334e-11
2.07164968e+02	5.18315070e-11
2.17940698e+02	4.92774995e-11
2.29276931e+02	4.68495735e-11
2.41202821e+02	4.45415125e-11
2.53749038e+02	4.23474063e-11
2.66947849e+02	4.02616353e-11
2.80833200e+02	3.82788568e-11
2.95440800e+02	3.63939906e-11
3.10808217e+02	3.46022068e-11
3.26974974e+02	3.28989136e-11
3.43982649e+02	3.12797447e-11
3.61874981e+02	2.97405494e-11
3.80697987e+02	2.82773813e-11
4.00500076e+02	2.68864882e-11
4.21332174e+02	2.55643031e-11
4.43247859e+02	2.43074206e-11
4.66303493e+02	2.31126446e-11
4.90558371e+02	2.19768957e-11
5.16074871e+02	2.08972599e-11
5.42918618e+02	1.98709666e-11
5.71158648e+02	1.88953820e-11
6.00867589e+02	1.79680022e-11
6.32121848e+02	1.70864418e-11
6.65001803e+02	1.62484476e-11
6.99592017e+02	1.54518633e-11
7.35981448e+02	1.46946437e-11
7.74263683e+02	1.39748444e-11
8.14537177e+02	1.32906171e-11
8.56905505e+02	1.26402045e-11
9.01477631e+02	1.20218337e-11
9.48368187e+02	1.14341218e-11
9.97697764e+02	1.08754568e-11
1.04959323e+03	1.03444036e-11
1.10418805e+03	9.83959783e-12
1.16162263e+03	9.35974280e-12
1.22204469e+03	8.90360561e-12
1.28560961e+03	8.46997807e-12
1.35248087e+03	8.05781860e-12
1.42283046e+03	7.66603190e-12
1.49683929e+03	7.29361125e-12
1.57469771e+03	6.93959960e-12
1.65660596e+03	6.60308547e-12
1.74277468e+03	6.28320755e-12
1.83342548e+03	5.97914196e-12
1.92879151e+03	5.69010725e-12
2.02911802e+03	5.41536052e-12
2.13466303e+03	5.15419562e-12
2.24569800e+03	4.90594129e-12
2.36250847e+03	4.66995936e-12
2.48539486e+03	4.44564326e-12
2.61467321e+03	4.23241638e-12
2.75067601e+03	4.02973062e-12
2.89375302e+03	3.83706490e-12
3.04427221e+03	3.65392396e-12
3.20262069e+03	3.47983697e-12
3.36920571e+03	3.31434358e-12
3.54445567e+03	3.15704397e-12
3.72882131e+03	3.00752094e-12
3.92277676e+03	2.86539007e-12
4.12682085e+03	2.73028594e-12
4.34147833e+03	2.60186118e-12
4.56730127e+03	2.47978561e-12
4.80487044e+03	2.36374535e-12
5.05479682e+03	2.25344206e-12
5.31772318e+03	2.14859212e-12
5.59432571e+03	2.04892593e-12
5.88531578e+03	1.95418724e-12
6.19144176e+03	1.86413244e-12
6.51349095e+03	1.77852997e-12
6.85229160e+03	1.69715973e-12
7.20871503e+03	1.61981248e-12
7.58367791e+03	1.54628933e-12
7.97814457e+03	1.47640123e-12
8.39312950e+03	1.40996847e-12
8.82969996e+03	1.34682022e-12
9.28897872e+03	1.28679409e-12
9.77214697e+03	1.22973574e-12
1.02804473e+04	1.17549843e-12
1.08151870e+04	1.12394270e-12
1.13777413e+04	1.07493596e-12
1.19695570e+04	1.02835220e-12
1.25921561e+04	9.84071630e-13
1.32471399e+04	9.41980371e-13
1.39361927e+04	9.01970185e-13
1.46610868e+04	8.63938184e-13
1.54236865e+04	8.27786101e-13
1.62259529e+04	7.93421896e-13
1.70699493e+04	7.60756732e-13
1.79578465e+04	7.29706610e-13
1.88919278e+04	7.00191678e-13
1.98745955e+04	6.72136034e-13
2.09083769e+04	6.45467528e-13
2.19959307e+04	6.20117582e-13
2.31400538e+04	5.96020999e-13
2.43436887e+04	5.73115813e-13
2.56099310e+04	5.51343120e-13
2.69420371e+04	5.30646927e-13
2.83434331e+04	5.10974009e-13
2.98177229e+04	4.92273773e-13
3.13686982e+04	4.74496672e-13
3.30003479e+04	4.57599907e-13
3.47168682e+04	4.41538566e-13
3.65226736e+04	4.26271343e-13
3.84224085e+04	4.11758975e-13
4.04209584e+04	3.97964142e-13
4.25234633e+04	3.84851365e-13
4.47353305e+04	3.72386922e-13
4.70622485e+04	3.60538759e-13
4.95102016e+04	3.49276404e-13
5.20854855e+04	3.38570894e-13
5.47947234e+04	3.28394697e-13
5.76448828e+04	3.18721642e-13
6.06432940e+04	3.09526853e-13
6.37976681e+04	3.00786683e-13
6.71161177e+04	2.92478654e-13
7.06071771e+04	2.84581399e-13
7.42798248e+04	2.77074610e-13
7.81435061e+04	2.69938979e-13
8.22081576e+04	2.63156157e-13
8.64842328e+04	2.56708700e-13
9.09827289e+04	2.50580025e-13
9.57152154e+04	2.44754371e-13
1.00693863e+05	2.39216756e-13
1.05931476e+05	2.33952939e-13
1.11441525e+05	2.28949382e-13
1.17238180e+05	2.24193217e-13
1.23336350e+05	2.19672056e-13
1.29751717e+05	2.15374585e-13
1.36500781e+05	2.11289594e-13
1.43600898e+05	2.07406578e-13
1.51070330e+05	2.03715552e-13
1.58928287e+05	2.00207022e-13
1.67194976e+05	1.96871965e-13
1.75891659e+05	1.93701750e-13
1.85040702e+05	1.90688332e-13
1.94665634e+05	1.87823908e-13
2.04791210e+05	1.85101110e-13
2.15443469e+05	1.82512937e-13
2.26649808e+05	1.80052731e-13
2.38439047e+05	1.77714167e-13
2.50841506e+05	1.75490740e-13
2.63889081e+05	1.73377710e-13
2.77615329e+05	1.71369156e-13
2.92055551e+05	1.69459912e-13
3.07246884e+05	1.67645067e-13
3.23228398e+05	1.65919954e-13
3.40041193e+05	1.64280136e-13
3.57728510e+05	1.62721224e-13
3.76335836e+05	1.61239554e-13
3.95911027e+05	1.59831142e-13
4.16504425e+05	1.58492367e-13
4.38168993e+05	1.57219786e-13
4.60960449e+05	1.56010106e-13
4.84937407e+05	1.54860255e-13
5.10161531e+05	1.53767256e-13
5.36697695e+05	1.52728299e-13
5.64614142e+05	1.51740712e-13
5.93982669e+05	1.50801954e-13
6.24878807e+05	1.49909612e-13
6.57382014e+05	1.49061389e-13
6.91575883e+05	1.48255106e-13
7.27548353e+05	1.47488689e-13
7.65391939e+05	1.46760165e-13
8.05203967e+05	1.46067662e-13
8.47086827e+05	1.45409399e-13
8.91148232e+05	1.44783683e-13
9.37501502e+05	1.44188843e-13
9.86265846e+05	1.43623473e-13
1.03756668e+06	1.43086056e-13
1.09153594e+06	1.42575210e-13
1.14831241e+06	1.42089623e-13
1.20804213e+06	1.41628044e-13
1.27087871e+06	1.41189288e-13
1.33698374e+06	1.40772226e-13
1.40652724e+06	1.40375784e-13
1.47968806e+06	1.39998943e-13
1.55665436e+06	1.39640735e-13
1.63762407e+06	1.39300238e-13
1.72280545e+06	1.38976577e-13
1.81241755e+06	1.38668918e-13
1.90669084e+06	1.38376471e-13
2.00586778e+06	1.38098483e-13
2.11020343e+06	1.37834240e-13
2.21996612e+06	1.37583063e-13
2.33543814e+06	1.37344304e-13
2.45691646e+06	1.37117350e-13
2.58471351e+06	1.36901618e-13
2.71915794e+06	1.36696552e-13
2.86059554e+06	1.36501626e-13
3.00939003e+06	1.36316337e-13
3.16592411e+06	1.36140209e-13
3.33060034e+06	1.35972790e-13
3.50384225e+06	1.35813649e-13
3.68609536e+06	1.35662376e-13
3.87782841e+06	1.35518583e-13
4.07953450e+06	1.35381899e-13
4.29173238e+06	1.35251973e-13
4.51496777e+06	1.35128471e-13
4.74981480e+06	1.35011076e-13
4.99687745e+06	1.34899485e-13
5.25679112e+06	1.34793412e-13
5.53022426e+06	1.34692583e-13
5.81788007e+06	1.34596739e-13
6.12049837e+06	1.34505635e-13
6.43885743e+06	1.34419034e-13
6.77377600e+06	1.34336716e-13
7.12611543e+06	1.34258468e-13
7.49678187e+06	1.34184088e-13
7.88672862e+06	1.34113387e-13
8.29695852e+06	1.34046180e-13
8.72852662e+06	1.33982298e-13
9.18254284e+06	1.33921573e-13
9.66017480e+06	1.33863851e-13
1.01626509e+07	1.33808982e-13
1.06912634e+07	1.33756827e-13
1.12473718e+07	1.33707250e-13
1.18324063e+07	1.33660125e-13
1.24478715e+07	1.33615330e-13
1.30953502e+07	1.33572749e-13
1.37765077e+07	1.33532274e-13
1.44930957e+07	1.33493800e-13
1.52469573e+07	1.33457228e-13
1.60400311e+07	1.33422465e-13
1.68743568e+07	1.33389420e-13
1.77520801e+07	1.33358010e-13
1.86754584e+07	1.33328152e-13
1.96468665e+07	1.33299771e-13
2.06688025e+07	1.33272793e-13
2.17438948e+07	1.33247148e-13
2.28749082e+07	1.33222772e-13
2.40647515e+07	1.33199600e-13
2.53164848e+07	1.33177576e-13
2.66333273e+07	1.33156639e-13
2.80186656e+07	1.33136738e-13
2.94760626e+07	1.33117821e-13
3.10092664e+07	1.33099839e-13
3.26222201e+07	1.33082746e-13
3.43190720e+07	1.33066499e-13
3.61041860e+07	1.33051054e-13
3.79821531e+07	1.33036373e-13
3.99578030e+07	1.33022417e-13
4.20362168e+07	1.33009153e-13
4.42227398e+07	1.32996544e-13
4.65229952e+07	1.32984559e-13
4.89428990e+07	1.32973166e-13
5.14886745e+07	1.32962336e-13
5.41668691e+07	1.32952042e-13
5.69843706e+07	1.32942256e-13
5.99484250e+07	1.32932954e-13
6.30666554e+07	1.32924114e-13
6.63470812e+07	1.32915708e-13
6.97981391e+07	1.32907722e-13
7.34287045e+07	1.32900126e-13
7.72481145e+07	1.32892907e-13
8.12661920e+07	1.32886048e-13
8.54932707e+07	1.32879524e-13
8.99402217e+07	1.32873326e-13
9.46184819e+07	1.32867434e-13
9.95400829e+07	1.32861832e-13
1.04717682e+08	1.32856506e-13
1.10164595e+08	1.32851445e-13
1.15894830e+08	1.32846632e-13
1.21923125e+08	1.32842058e-13
1.28264983e+08	1.32837712e-13
1.34936714e+08	1.32833581e-13
1.41955477e+08	1.32829653e-13
1.49339322e+08	1.32825913e-13
1.57107239e+08	1.32822370e-13
1.65279206e+08	1.32818990e-13
1.73876240e+08	1.32815790e-13
1.82920450e+08	1.32812738e-13
1.92435098e+08	1.32809840e-13
2.02444651e+08	1.32807085e-13
2.12974854e+08	1.32804470e-13
2.24052787e+08	1.32801980e-13
2.35706941e+08	1.32799613e-13
2.47967289e+08	1.32797370e-13
2.60865362e+08	1.32795227e-13
2.74434330e+08	1.32793193e-13
2.88709092e+08	1.32791262e-13
3.03726358e+08	1.32789431e-13
3.19524751e+08	1.32787679e-13
3.36144900e+08	1.32786025e-13
3.53629550e+08	1.32784449e-13
3.72023668e+08	1.32782947e-13
3.91374560e+08	1.32781522e-13
4.11731993e+08	1.32780179e-13
4.33148322e+08	1.32778887e-13
4.55678627e+08	1.32777663e-13
4.79380850e+08	1.32776497e-13
5.04315949e+08	1.32775397e-13
5.30548053e+08	1.32774349e-13
5.58144625e+08	1.32773334e-13
5.87176639e+08	1.32772399e-13
6.17718760e+08	1.32771476e-13
6.49849535e+08	1.32770622e-13
6.83651600e+08	1.32769825e-13
7.19211887e+08	1.32769042e-13
7.56621850e+08	1.32768290e-13
7.95977700e+08	1.32767595e-13
8.37380654e+08	1.32766951e-13
8.80937190e+08	1.32766322e-13
9.26759330e+08	1.32765700e-13
9.74964918e+08	1.32765132e-13
1.02567793e+09	1.32764595e-13
1.07902879e+09	1.32764086e-13
1.13515471e+09	1.32763615e-13
1.19420003e+09	1.32763116e-13
1.25631660e+09	1.32762659e-13
1.32166418e+09	1.32762233e-13
1.39041083e+09	1.32761818e-13
1.46273336e+09	1.32761465e-13
1.53881775e+09	1.32761120e-13
1.61885969e+09	1.32760789e-13
1.70306503e+09	1.32760456e-13
1.79165033e+09	1.32760128e-13
1.88484341e+09	1.32759828e-13
1.98288395e+09	1.32759574e-13
2.08602409e+09	1.32759295e-13
2.19452909e+09	1.32759048e-13
2.30867799e+09	1.32758769e-13
2.42876438e+09	1.32758503e-13
2.55509709e+09	1.32758317e-13
2.68800102e+09	1.32758125e-13
2.82781798e+09	1.32757917e-13
2.97490755e+09	1.32757688e-13
3.12964801e+09	1.32757547e-13
3.29243733e+09	1.32757462e-13
3.46369418e+09	1.32757305e-13
3.64385898e+09	1.32757187e-13
3.83339510e+09	1.32756910e-13
4.03278998e+09	1.32756742e-13
4.24255643e+09	1.32756648e-13
4.46323393e+09	1.32756560e-13
4.69539001e+09	1.32756545e-13
4.93962174e+09	1.32756354e-13
5.19655724e+09	1.32756055e-13
5.46685730e+09	1.32756191e-13
5.75121707e+09	1.32755971e-13
6.05036788e+09	1.32755984e-13
6.36507908e+09	1.32755867e-13
6.69616005e+09	1.32755760e-13
7.04446228e+09	1.32755744e-13
7.41088152e+09	1.32755618e-13
7.79636013e+09	1.32755647e-13
8.20188950e+09	1.32755559e-13
8.62851257e+09	1.32755409e-13
9.07732653e+09	1.32755271e-13
9.54948564e+09	1.32755429e-13
1.00462042e+10	1.32755262e-13
1.05687597e+10	1.32755208e-13
1.11184960e+10	1.32755159e-13
1.16968270e+10	1.32755072e-13
1.23052400e+10	1.32755062e-13
1.29452998e+10	1.32754982e-13
1.36186524e+10	1.32754839e-13
1.43270295e+10	1.32755056e-13
1.50722531e+10	1.32754921e-13
1.58562396e+10	1.32754970e-13
1.66810054e+10	1.32754957e-13
1.75486715e+10	1.32754799e-13
1.84614695e+10	1.32754929e-13
1.94217468e+10	1.32754958e-13
2.04319732e+10	1.32754792e-13
2.14947467e+10	1.32754728e-13
2.26128007e+10	1.32754571e-13
2.37890104e+10	1.32754587e-13
2.50264010e+10	1.32754625e-13
2.63281547e+10	1.32754579e-13
2.76976194e+10	1.32754549e-13
2.91383170e+10	1.32754911e-13
3.06539530e+10	1.32754593e-13
3.22484250e+10	1.32754563e-13
3.39258338e+10	1.32754387e-13
3.56904935e+10	1.32754722e-13
3.75469422e+10	1.32754594e-13
3.94999546e+10	1.32754860e-13
4.15545533e+10	1.32754389e-13
4.37160225e+10	1.32754354e-13
4.59899209e+10	1.32754383e-13
4.83820966e+10	1.32754398e-13
5.08987019e+10	1.32754184e-13
5.35462090e+10	1.32754780e-13
5.63314267e+10	1.32754397e-13
5.92615181e+10	1.32754040e-13
6.23440189e+10	1.32754740e-13
6.55868566e+10	1.32754059e-13
6.89983712e+10	1.32753992e-13
7.25873365e+10	1.32754194e-13
7.63629826e+10	1.32755052e-13
8.03350198e+10	1.32754016e-13
8.45136633e+10	1.32754176e-13
8.89096599e+10	1.32754465e-13
9.35343152e+10	1.32754467e-13
9.83995230e+10	1.32754562e-13
1.03517796e+11	1.32754698e-13
1.08902296e+11	1.32753738e-13
1.14566873e+11	1.32754790e-13
1.20526094e+11	1.32755015e-13
1.26795285e+11	1.32753965e-13
1.33390569e+11	1.32755290e-13
1.40328908e+11	1.32754501e-13
1.47628147e+11	1.32755878e-13
1.55307057e+11	1.32754474e-13
1.63385388e+11	1.32754015e-13
1.71883914e+11	1.32755974e-13
1.80824493e+11	1.32754461e-13
1.90230119e+11	1.32754324e-13
2.00124980e+11	1.32754339e-13
2.10534524e+11	1.32754474e-13
2.21485523e+11	1.32754021e-13
2.33006141e+11	1.32755960e-13
2.45126006e+11	1.32755518e-13
2.57876289e+11	1.32755869e-13
2.71289780e+11	1.32753593e-13
2.85400977e+11	1.32754938e-13
3.00246171e+11	1.32755045e-13
3.15863541e+11	1.32754385e-13
3.32293252e+11	1.32755245e-13
3.49577557e+11	1.32755306e-13
3.67760910e+11	1.32757333e-13
3.86890074e+11	1.32757778e-13
4.07014245e+11	1.32755080e-13
4.28185180e+11	1.32758363e-13
4.50457325e+11	1.32758191e-13
4.73887961e+11	1.32757662e-13
4.98537346e+11	1.32757150e-13
5.24468875e+11	1.32759759e-13
5.51749238e+11	1.32759119e-13
5.80448594e+11	1.32757043e-13
6.10640754e+11	1.32755904e-13
6.42403366e+11	1.32754469e-13
6.75818117e+11	1.32758484e-13
7.10970943e+11	1.32757734e-13
7.47952252e+11	1.32752661e-13
7.86857151e+11	1.32760648e-13
8.27785697e+11	1.32751220e-13
8.70843150e+11	1.32763780e-13
9.16140246e+11	1.32760076e-13
9.63793480e+11	1.32751708e-13
1.01392541e+12	1.32762581e-13
1.06666496e+12	1.32763277e-13
1.12214777e+12	1.32760284e-13
1.18051653e+12	1.32761823e-13
1.24192135e+12	1.32775671e-13
1.30652016e+12	1.32753453e-13
1.37447909e+12	1.32761205e-13
1.44597292e+12	1.32759988e-13
1.52118552e+12	1.32755021e-13
1.60031031e+12	1.32762810e-13
1.68355080e+12	1.32767774e-13
1.77112106e+12	1.32772793e-13
1.86324631e+12	1.32774026e-13
1.96016347e+12	1.32769034e-13
2.06212180e+12	1.32756715e-13
2.16938352e+12	1.32771626e-13
2.28222447e+12	1.32770818e-13
2.40093488e+12	1.32762681e-13
2.52582003e+12	1.32775415e-13
2.65720111e+12	1.32778885e-13
2.79541600e+12	1.32757375e-13
2.94082017e+12	1.32771449e-13
3.09378757e+12	1.32735548e-13
3.25471161e+12	1.32800681e-13
3.42400614e+12	1.32788710e-13
3.60210656e+12	1.32782719e-13
3.78947092e+12	1.32753882e-13
3.98658107e+12	1.32753934e-13
4.19394396e+12	1.32805222e-13
4.41209286e+12	1.32772432e-13
4.64158883e+12	1.32759810e-13
4.88302209e+12	1.32781027e-13
5.13701354e+12	1.32781605e-13
5.40421642e+12	1.32707847e-13
5.68531791e+12	1.32788193e-13
5.98104096e+12	1.32770617e-13
6.29214611e+12	1.32826215e-13
6.61943346e+12	1.32752317e-13
6.96374473e+12	1.32773869e-13
7.32596543e+12	1.32741644e-13
7.70702711e+12	1.32794267e-13
8.10790981e+12	1.32769399e-13
8.52964450e+12	1.32733254e-13
8.97331581e+12	1.32777172e-13
9.44006479e+12	1.32875261e-13
9.93109181e+12	1.32823683e-13
1.04476597e+13	1.32841552e-13
1.09910970e+13	1.32827890e-13
1.15628013e+13	1.32854997e-13
1.21642429e+13	1.32741140e-13
1.27969687e+13	1.32860896e-13
1.34626058e+13	1.32796268e-13
1.41628662e+13	1.32788503e-13
1.48995507e+13	1.32834148e-13
1.56745541e+13	1.32892473e-13
1.64898694e+13	1.32935690e-13
1.73475936e+13	1.32919227e-13
1.82499324e+13	1.32924633e-13
1.91992067e+13	1.32833507e-13
2.01978576e+13	1.32847276e-13
2.12484535e+13	1.32994093e-13
2.23536965e+13	1.33117557e-13
2.35164288e+13	1.32792607e-13
2.47396410e+13	1.32815321e-13
2.60264788e+13	1.32700356e-13
2.73802518e+13	1.32752508e-13
2.88044415e+13	1.32861527e-13
3.03027108e+13	1.32884261e-13
3.18789129e+13	1.33004902e-13
3.35371015e+13	1.33170265e-13
3.52815412e+13	1.32840684e-13
3.71167182e+13	1.32949265e-13
3.90473524e+13	1.33037789e-13
4.10784089e+13	1.33158044e-13
4.32151113e+13	1.33194011e-13
4.54629547e+13	1.33129922e-13
4.78277202e+13	1.32429938e-13
5.03154895e+13	1.32990499e-13
5.29326606e+13	1.33305599e-13
5.56859644e+13	1.33112228e-13
5.85824820e+13	1.33213797e-13
6.16296626e+13	1.32703047e-13
6.48353429e+13	1.32468784e-13
6.82077673e+13	1.33446171e-13
7.17556092e+13	1.33584905e-13
7.54879928e+13	1.33362021e-13
7.94145172e+13	1.32516520e-13
8.35452806e+13	1.32952904e-13
8.78909065e+13	1.32062044e-13
9.24625712e+13	1.33990383e-13
9.72720319e+13	1.34341656e-13
1.02331658e+14	1.33476889e-13
1.07654461e+14	1.32771062e-13
1.13254132e+14	1.33382597e-13
1.19145070e+14	1.32159565e-13
1.25342427e+14	1.32223785e-13
1.31862140e+14	1.32661685e-13
1.38720978e+14	1.32519168e-13
1.45936580e+14	1.34329635e-13
1.53527503e+14	1.32859802e-13
1.61513269e+14	1.32956950e-13
1.69914417e+14	1.34054342e-13
1.78752553e+14	1.33314760e-13
1.88050406e+14	1.35924133e-13
1.97831888e+14	1.31704960e-13
2.08122157e+14	1.34393196e-13
2.18947676e+14	1.34125442e-13
2.30336287e+14	1.35579886e-13
2.42317279e+14	1.31253642e-13
2.54921465e+14	1.33441149e-13
2.68181261e+14	1.34104903e-13
2.82130768e+14	1.34537346e-13
2.96805861e+14	1.35347676e-13
3.12244282e+14	1.33839665e-13
3.28485737e+14	1.34181859e-13
3.45571994e+14	1.39376949e-13
3.63546996e+14	1.40925841e-13
3.82456972e+14	1.29197360e-13
4.02350555e+14	1.35707776e-13
4.23278907e+14	1.38340797e-13
4.45295851e+14	1.38453811e-13
4.68458012e+14	1.40932875e-13
4.92824957e+14	1.32941154e-13
5.18459354e+14	1.33366806e-13
5.45427131e+14	1.39335089e-13
5.73797641e+14	1.42808031e-13
6.03643851e+14	1.41725412e-13
6.35042517e+14	1.30317907e-13
6.68074392e+14	1.31322213e-13
7.02824426e+14	1.34143050e-13
7.39381992e+14	1.36030855e-13
7.77841107e+14	1.34218420e-13
8.18300682e+14	1.33177841e-13
8.60864770e+14	1.35784958e-13
9.05642838e+14	1.39024357e-13
9.52750047e+14	1.42592423e-13
1.00230755e+15	1.24820080e-13
1.05444279e+15	1.41534421e-13
1.10928986e+15	1.44967560e-13
1.16698982e+15	1.48686392e-13
1.22769105e+15	1.52174036e-13
1.29154967e+15	1.30869583e-13
1.35872990e+15	1.33341724e-13
1.42940453e+15	1.27792233e-13
1.50375532e+15	1.30569515e-13
1.58197348e+15	1.32471401e-13
1.66426018e+15	1.32636141e-13
1.75082703e+15	1.34848378e-13
1.84189668e+15	1.16497356e-13
1.93770334e+15	1.17029063e-13
2.03849340e+15	1.19237207e-13
2.14452608e+15	1.21641783e-13
2.25607407e+15	1.22802977e-13
2.37342425e+15	1.22003329e-13
2.49687843e+15	1.23814233e-13
2.62675410e+15	1.25810779e-13
2.76338529e+15	1.27965055e-13
2.90712338e+15	1.06474505e-13
3.05833803e+15	1.08359745e-13
3.21741815e+15	1.10274688e-13
3.38477286e+15	1.10057444e-13
3.56083255e+15	1.12727409e-13
3.74605003e+15	1.13251083e-13
3.94090164e+15	1.15538712e-13
4.14588850e+15	9.37068926e-14
4.36153779e+15	9.52581621e-14
4.58840413e+15	9.67372511e-14
4.82707097e+15	9.83929151e-14
5.07815211e+15	1.00109427e-13
5.34229330e+15	1.01728709e-13
5.62017385e+15	8.09425844e-14
5.91250841e+15	8.28707476e-14
6.22004883e+15	8.42408230e-14
6.54358602e+15	8.57480017e-14
6.88395207e+15	6.76425512e-14
7.24202233e+15	6.93422824e-14
7.61871770e+15	7.07206371e-14
8.01500696e+15	7.22252831e-14
8.43190929e+15	5.74146350e-14
8.87049689e+15	5.86382832e-14
9.33189772e+15	6.00070681e-14
9.81729841e+15	4.85066709e-14
1.03279473e+16	4.96666169e-14
1.08651577e+16	5.08647534e-14
1.14303113e+16	4.22473911e-14
1.20248614e+16	3.63123254e-14
1.26503372e+16	3.72149847e-14
1.33083472e+16	3.34800652e-14
1.40005838e+16	2.99650164e-14
1.47288272e+16	2.48820262e-14
1.54949504e+16	2.55136367e-14
1.63009236e+16	2.19322777e-14
1.71488197e+16	1.81950687e-14
1.80408193e+16	1.47038910e-14
1.89792164e+16	1.50780348e-14
1.99664245e+16	1.19739272e-14
2.10049824e+16	9.45146379e-15
2.20975611e+16	7.51036871e-15
2.32469706e+16	7.70253827e-15
2.44561668e+16	6.23000818e-15
2.57282597e+16	4.34390437e-15
2.70665207e+16	3.91054767e-15
2.84743917e+16	2.83606683e-15
2.99554933e+16	2.43844586e-15
3.15136348e+16	2.02367044e-15
3.31528234e+16	1.26627998e-15
3.48772747e+16	9.99589122e-16
3.66914238e+16	7.94270560e-16
3.85999362e+16	5.20387153e-16
4.06077203e+16	3.93170755e-16
4.27199397e+16	2.85143997e-16
4.49420266e+16	1.98371743e-16
4.72796959e+16	1.24128074e-16
4.97389596e+16	7.59098495e-17
5.23261424e+16	4.97343331e-17
5.50478981e+16	3.37603704e-17
5.79112265e+16	1.84841147e-17
6.09234915e+16	1.15661510e-17
6.40924402e+16	7.07321695e-18
6.74262224e+16	3.88931884e-18
7.09334120e+16	2.07534313e-18
7.46230289e+16	1.05074346e-18
7.85045620e+16	5.06737681e-19
8.25879939e+16	2.70723666e-19
8.68838264e+16	1.20195076e-19
9.14031075e+16	5.69143323e-20
9.61574600e+16	2.46785540e-20
1.01159111e+17	1.06459275e-20
1.06420924e+17	3.97536359e-21
1.11956432e+17	1.44205026e-21
1.17779870e+17	5.61911814e-22
1.23906216e+17	1.83402688e-22
1.30351224e+17	6.30482445e-23
1.37131472e+17	1.67723471e-23
1.44264395e+17	4.19024868e-24
1.51768339e+17	1.26349017e-24
1.59662602e+17	2.80324943e-25
1.67967487e+17	6.48843932e-26
1.76704353e+17	1.54630344e-26
1.85895668e+17	2.63079034e-27
1.95565072e+17	4.71738012e-28
2.05737431e+17	7.65598226e-29
2.16438909e+17	1.16853429e-29
2.27697026e+17	1.61035516e-30
2.39540736e+17	1.76163322e-31
2.52000499e+17	1.91550570e-32
2.65108360e+17	1.61271734e-33
2.78898029e+17	1.35779143e-34
2.93404971e+17	1.14316223e-35
3.08666494e+17	7.45228616e-37
3.24721849e+17	3.74094601e-38
3.41612327e+17	1.68850284e-39
3.59381366e+17	7.39574216e-41
3.78074666e+17	2.36552242e-42
3.97740302e+17	7.25637061e-44
4.18428851e+17	1.75140257e-45
4.40193519e+17	0.00000000e+00
4.63090280e+17	0.00000000e+00
4.87178022e+17	0.00000000e+00
5.12518693e+17	0.00000000e+00
5.39177464e+17	0.00000000e+00
5.67222897e+17	0.00000000e+00
5.96727120e+17	0.00000000e+00
6.27766011e+17	0.00000000e+00
6.60419396e+17	0.00000000e+00
6.94771255e+17	0.00000000e+00
7.30909933e+17	0.00000000e+00
7.68928372e+17	0.00000000e+00
8.08924349e+17	0.00000000e+00
8.51000725e+17	0.00000000e+00
8.95265713e+17	0.00000000e+00
9.41833153e+17	0.00000000e+00
9.90822810e+17	0.00000000e+00
1.04236067e+18	0.00000000e+00
1.09657929e+18	0.00000000e+00
1.15361810e+18	0.00000000e+00
1.21362380e+18	0.00000000e+00
1.27675070e+18	0.00000000e+00
1.34316117e+18	0.00000000e+00
1.41302599e+18	0.00000000e+00
1.48652484e+18	0.00000000e+00
1.56384676e+18	0.00000000e+00
1.64519059e+18	0.00000000e+00
1.73076553e+18	0.00000000e+00
1.82079168e+18	0.00000000e+00
1.91550056e+18	0.00000000e+00
2.01513573e+18	0.00000000e+00
2.11995346e+18	0.00000000e+00
2.23022330e+18	0.00000000e+00
2.34622885e+18	0.00000000e+00
2.46826845e+18	0.00000000e+00
2.59665597e+18	0.00000000e+00
2.73172160e+18	0.00000000e+00
2.87381269e+18	0.00000000e+00
3.02329468e+18	0.00000000e+00
3.18055202e+18	0.00000000e+00
3.34598912e+18	0.00000000e+00
3.52003147e+18	0.00000000e+00
3.70312668e+18	0.00000000e+00
3.89574562e+18	0.00000000e+00
4.09838367e+18	0.00000000e+00
4.31156199e+18	0.00000000e+00
4.53582883e+18	0.00000000e+00
4.77176095e+18	0.00000000e+00
5.01996513e+18	0.00000000e+00
5.28107971e+18	0.00000000e+00
5.55577622e+18	0.00000000e+00
5.84476113e+18	0.00000000e+00
6.14877765e+18	0.00000000e+00
6.46860766e+18	0.00000000e+00
6.80507370e+18	0.00000000e+00
7.15904109e+18	0.00000000e+00
7.53142017e+18	0.00000000e+00
7.92316862e+18	0.00000000e+00
8.33529397e+18	0.00000000e+00
8.76885609e+18	0.00000000e+00
9.22497005e+18	0.00000000e+00
9.70480888e+18	0.00000000e+00
1.02096066e+19	0.00000000e+00
1.07406615e+19	0.00000000e+00
1.12993394e+19	0.00000000e+00
1.18870770e+19	0.00000000e+00
1.25053859e+19	0.00000000e+00
1.31558562e+19	0.00000000e+00
1.38401610e+19	0.00000000e+00
1.45600600e+19	0.00000000e+00
1.53174046e+19	0.00000000e+00
1.61141428e+19	0.00000000e+00
1.69523234e+19	0.00000000e+00
1.78341022e+19	0.00000000e+00
1.87617469e+19	0.00000000e+00
1.97376433e+19	0.00000000e+00
2.07643011e+19	0.00000000e+00
2.18443607e+19	0.00000000e+00
2.29805999e+19	0.00000000e+00
2.41759408e+19	0.00000000e+00
2.54334576e+19	0.00000000e+00
2.67563844e+19	0.00000000e+00
2.81481236e+19	0.00000000e+00
2.96122544e+19	0.00000000e+00
3.11525422e+19	0.00000000e+00
3.27729485e+19	0.00000000e+00
3.44776405e+19	0.00000000e+00
3.62710025e+19	0.00000000e+00
3.81576466e+19	0.00000000e+00
4.01424249e+19	0.00000000e+00
4.22304419e+19	0.00000000e+00
4.44270675e+19	0.00000000e+00
4.67379511e+19	0.00000000e+00
4.91690358e+19	0.00000000e+00
5.17265739e+19	0.00000000e+00
5.44171429e+19	0.00000000e+00
5.72476624e+19	0.00000000e+00
6.02254120e+19	0.00000000e+00
6.33580499e+19	0.00000000e+00
6.66536327e+19	0.00000000e+00
7.01206359e+19	0.00000000e+00
7.37679760e+19	0.00000000e+00
7.76050334e+19	0.00000000e+00
8.16416760e+19	0.00000000e+00
8.58882856e+19	0.00000000e+00
9.03557835e+19	0.00000000e+00
9.50556592e+19	0.00000000e+00
1.00000000e+20	0.00000000e+00
