# m1 = 2.38420441e+00
2.38420441e-20 0.00000000e+00
2.50821932e-20 0.00000000e+00
2.63868490e-20 0.00000000e+00
2.77593666e-20 0.00000000e+00
2.92032761e-20 0.00000000e+00
3.07222909e-20 0.00000000e+00
3.23203175e-20 0.00000000e+00
3.40014659e-20 0.00000000e+00
3.57700595e-20 0.00000000e+00
3.76306470e-20 0.00000000e+00
3.95880133e-20 0.00000000e+00
4.16471924e-20 0.00000000e+00
4.38134802e-20 0.00000000e+00
4.60924479e-20 0.00000000e+00
4.84899566e-20 0.00000000e+00
5.10121722e-20 0.00000000e+00
5.36655815e-20 0.00000000e+00
5.64570084e-20 0.00000000e+00
5.93936319e-20 0.00000000e+00
6.24830046e-20 0.00000000e+00
6.57330717e-20 0.00000000e+00
6.91521917e-20 0.00000000e+00
7.27491580e-20 0.00000000e+00
7.65332213e-20 0.00000000e+00
8.05141135e-20 0.00000000e+00
8.47020726e-20 0.00000000e+00
8.91078694e-20 0.00000000e+00
9.37428346e-20 0.00000000e+00
9.86188885e-20 0.00000000e+00
1.03748571e-19 0.00000000e+00
1.09145076e-19 0.00000000e+00
1.14822281e-19 0.00000000e+00
1.20794787e-19 0.00000000e+00
1.27077954e-19 0.00000000e+00
1.33687941e-19 0.00000000e+00
1.40641749e-19 0.00000000e+00
1.47957260e-19 0.00000000e+00
1.55653289e-19 0.00000000e+00
1.63749629e-19 0.00000000e+00
1.72267101e-19 0.00000000e+00
1.81227612e-19 0.00000000e+00
1.90654206e-19 0.00000000e+00
2.00571126e-19 0.00000000e+00
2.11003876e-19 0.00000000e+00
2.21979289e-19 0.00000000e+00
2.33525590e-19 0.00000000e+00
2.45672474e-19 0.00000000e+00
2.58451182e-19 0.00000000e+00
2.71894576e-19 0.00000000e+00
2.86037232e-19 0.00000000e+00
3.00915520e-19 0.00000000e+00
3.16567707e-19 0.00000000e+00
3.33034045e-19 0.00000000e+00
3.50356883e-19 0.00000000e+00
3.68580773e-19 0.00000000e+00
3.87752582e-19 0.00000000e+00
4.07921617e-19 0.00000000e+00
4.29139748e-19 0.00000000e+00
4.51461546e-19 0.00000000e+00
4.74944416e-19 0.00000000e+00
4.99648753e-19 0.00000000e+00
5.25638092e-19 0.00000000e+00
5.52979272e-19 0.00000000e+00
5.81742609e-19 0.00000000e+00
6.12002077e-19 0.00000000e+00
6.43835499e-19 0.00000000e+00
6.77324742e-19 0.00000000e+00
7.12555936e-19 0.00000000e+00
7.49619688e-19 0.00000000e+00
7.88611319e-19 0.00000000e+00
8.29631109e-19 0.00000000e+00
8.72784551e-19 0.00000000e+00
9.18182630e-19 0.00000000e+00
9.65942099e-19 0.00000000e+00
1.01618579e-18 0.00000000e+00
1.06904291e-18 0.00000000e+00
1.12464941e-18 0.00000000e+00
1.18314830e-18 0.00000000e+00
1.24469001e-18 0.00000000e+00
1.30943283e-18 0.00000000e+00
1.37754327e-18 0.00000000e+00
1.44919648e-18 0.00000000e+00
1.52457675e-18 0.00000000e+00
1.60387794e-18 0.00000000e+00
1.68730400e-18 0.00000000e+00
1.77506949e-18 0.00000000e+00
1.86740011e-18 0.00000000e+00
1.96453334e-18 0.00000000e+00
2.06671897e-18 0.00000000e+00
2.17421980e-18 0.00000000e+00
2.28731232e-18 0.00000000e+00
2.40628737e-18 0.00000000e+00
2.53145093e-18 0.00000000e+00
2.66312490e-18 0.00000000e+00
2.80164792e-18 0.00000000e+00
2.94737625e-18 0.00000000e+00
3.10068466e-18 0.00000000e+00
3.26196745e-18 0.00000000e+00
3.43163940e-18 0.00000000e+00
3.61013687e-18 0.00000000e+00
3.79791892e-18 0.00000000e+00
3.99546850e-18 0.00000000e+00
4.20329366e-18 0.00000000e+00
4.42192890e-18 0.00000000e+00
4.65193649e-18 0.00000000e+00
4.89390798e-18 0.00000000e+00
5.14846567e-18 0.00000000e+00
5.41626423e-18 0.00000000e+00
5.69799240e-18 0.00000000e+00
5.99437471e-18 0.00000000e+00
6.30617342e-18 0.00000000e+00
6.63419040e-18 0.00000000e+00
6.97926926e-18 0.00000000e+00
7.34229746e-18 0.00000000e+00
7.72420866e-18 0.00000000e+00
8.12598506e-18 0.00000000e+00
8.54865994e-18 0.00000000e+00
8.99332035e-18 0.00000000e+00
9.46110986e-18 0.00000000e+00
9.95323155e-18 0.00000000e+00
1.04709511e-17 0.00000000e+00
1.10155999e-17 0.00000000e+00
1.15885787e-17 0.00000000e+00
1.21913611e-17 0.00000000e+00
1.28254974e-17 0.00000000e+00
1.34926185e-17 0.00000000e+00
1.41944399e-17 0.00000000e+00
1.49327668e-17 0.00000000e+00
1.57094979e-17 0.00000000e+00
1.65266309e-17 0.00000000e+00
1.73862672e-17 0.00000000e+00
1.82906177e-17 0.00000000e+00
1.92420081e-17 0.00000000e+00
2.02428854e-17 0.00000000e+00
2.12958235e-17 0.00000000e+00
2.24035304e-17 0.00000000e+00
2.35688549e-17 0.00000000e+00
2.47947940e-17 0.00000000e+00
2.60845006e-17 0.00000000e+00
2.74412916e-17 0.00000000e+00
2.88686563e-17 0.00000000e+00
3.03702657e-17 0.00000000e+00
3.19499817e-17 0.00000000e+00
3.36118670e-17 0.00000000e+00
3.53601956e-17 0.00000000e+00
3.71994638e-17 0.00000000e+00
3.91344020e-17 0.00000000e+00
4.11699865e-17 0.00000000e+00
4.33114523e-17 0.00000000e+00
4.55643069e-17 0.00000000e+00
4.79343442e-17 0.00000000e+00
5.04276596e-17 0.00000000e+00
5.30506653e-17 0.00000000e+00
5.58101071e-17 0.00000000e+00
5.87130820e-17 0.00000000e+00
6.17670558e-17 0.00000000e+00
6.49798826e-17 0.00000000e+00
6.83598253e-17 0.00000000e+00
7.19155765e-17 0.00000000e+00
7.56562809e-17 0.00000000e+00
7.95915588e-17 0.00000000e+00
8.37315311e-17 0.00000000e+00
8.80868449e-17 0.00000000e+00
9.26687013e-17 0.00000000e+00
9.74888839e-17 0.00000000e+00
1.02559789e-16 0.00000000e+00
1.07894459e-16 0.00000000e+00
1.13506613e-16 0.00000000e+00
1.19410684e-16 0.00000000e+00
1.25621857e-16 0.00000000e+00
1.32156105e-16 0.00000000e+00
1.39030234e-16 0.00000000e+00
1.46261922e-16 0.00000000e+00
1.53869767e-16 0.00000000e+00
1.61873337e-16 0.00000000e+00
1.70293213e-16 0.00000000e+00
1.79151052e-16 0.00000000e+00
1.88469633e-16 0.00000000e+00
1.98272922e-16 0.00000000e+00
2.08586131e-16 0.00000000e+00
2.19435784e-16 0.00000000e+00
2.30849784e-16 0.00000000e+00
2.42857486e-16 0.00000000e+00
2.55489771e-16 0.00000000e+00
2.68779127e-16 0.00000000e+00
2.82759732e-16 0.00000000e+00
2.97467541e-16 0.00000000e+00
3.12940380e-16 0.00000000e+00
3.29218042e-16 0.00000000e+00
3.46342390e-16 0.00000000e+00
3.64357464e-16 0.00000000e+00
3.83309597e-16 0.00000000e+00
4.03247529e-16 0.00000000e+00
4.24222537e-16 0.00000000e+00
4.46288565e-16 0.00000000e+00
4.69502362e-16 0.00000000e+00
4.93923629e-16 0.00000000e+00
5.19615174e-16 0.00000000e+00
5.46643071e-16 0.00000000e+00
5.75076829e-16 0.00000000e+00
6.04989575e-16 0.00000000e+00
6.36458240e-16 0.00000000e+00
6.69563754e-16 0.00000000e+00
7.04391258e-16 0.00000000e+00
7.41030323e-16 0.00000000e+00
7.79575176e-16 0.00000000e+00
8.20124948e-16 0.00000000e+00
8.62783926e-16 0.00000000e+00
9.07661820e-16 0.00000000e+00
9.54874047e-16 0.00000000e+00
1.00454203e-15 0.00000000e+00
1.05679350e-15 0.00000000e+00
1.11176284e-15 0.00000000e+00
1.16959143e-15 0.00000000e+00
1.23042798e-15 0.00000000e+00
1.29442896e-15 0.00000000e+00
1.36175897e-15 0.00000000e+00
1.43259116e-15 0.00000000e+00
1.50710770e-15 0.00000000e+00
1.58550023e-15 0.00000000e+00
1.66797037e-15 0.00000000e+00
1.75473021e-15 0.00000000e+00
1.84600289e-15 0.00000000e+00
1.94202313e-15 0.00000000e+00
2.04303788e-15 0.00000000e+00
2.14930694e-15 0.00000000e+00
2.26110361e-15 0.00000000e+00
2.37871541e-15 0.00000000e+00
2.50244481e-15 0.00000000e+00
2.63261002e-15 0.00000000e+00
2.76954580e-15 0.00000000e+00
2.91360433e-15 0.00000000e+00
3.06515609e-15 0.00000000e+00
3.22459086e-15 0.00000000e+00
3.39231865e-15 0.00000000e+00
3.56877084e-15 0.00000000e+00
3.75440124e-15 0.00000000e+00
3.94968723e-15 0.00000000e+00
4.15513107e-15 0.00000000e+00
4.37126112e-15 0.00000000e+00
4.59863322e-15 0.00000000e+00
4.83783213e-15 0.00000000e+00
5.08947302e-15 0.00000000e+00
5.35420306e-15 0.00000000e+00
5.63270310e-15 0.00000000e+00
5.92568938e-15 0.00000000e+00
6.23391540e-15 0.00000000e+00
6.55817387e-15 0.00000000e+00
6.89929871e-15 0.00000000e+00
7.25816723e-15 0.00000000e+00
7.63570238e-15 0.00000000e+00
8.03287510e-15 0.00000000e+00
8.45070685e-15 0.00000000e+00
8.89027220e-15 0.00000000e+00
9.35270165e-15 0.00000000e+00
9.83918446e-15 0.00000000e+00
1.03509718e-14 0.00000000e+00
1.08893798e-14 0.00000000e+00
1.14557933e-14 0.00000000e+00
1.20516689e-14 0.00000000e+00
1.26785391e-14 0.00000000e+00
1.33380160e-14 0.00000000e+00
1.40317958e-14 0.00000000e+00
1.47616627e-14 0.00000000e+00
1.55294938e-14 0.00000000e+00
1.63372638e-14 0.00000000e+00
1.71870502e-14 0.00000000e+00
1.80810383e-14 0.00000000e+00
1.90215275e-14 0.00000000e+00
2.00109364e-14 0.00000000e+00
2.10518096e-14 0.00000000e+00
2.21468240e-14 0.00000000e+00
2.32987959e-14 0.00000000e+00
2.45106878e-14 0.00000000e+00
2.57856166e-14 0.00000000e+00
2.71268611e-14 0.00000000e+00
2.85378706e-14 0.00000000e+00
3.00222742e-14 0.00000000e+00
3.15838893e-14 0.00000000e+00
3.32267322e-14 0.00000000e+00
3.49550279e-14 0.00000000e+00
3.67732213e-14 0.00000000e+00
3.86859884e-14 0.00000000e+00
4.06982485e-14 0.00000000e+00
4.28151767e-14 0.00000000e+00
4.50422175e-14 0.00000000e+00
4.73850982e-14 0.00000000e+00
4.98498444e-14 0.00000000e+00
5.24427949e-14 0.00000000e+00
5.51706183e-14 0.00000000e+00
5.80403300e-14 0.00000000e+00
6.10593104e-14 0.00000000e+00
6.42353238e-14 0.00000000e+00
6.75765381e-14 0.00000000e+00
7.10915464e-14 0.00000000e+00
7.47893887e-14 0.00000000e+00
7.86795750e-14 0.00000000e+00
8.27721102e-14 0.00000000e+00
8.70775196e-14 0.00000000e+00
9.16068757e-14 0.00000000e+00
9.63718273e-14 0.00000000e+00
1.01384629e-13 0.00000000e+00
1.06658172e-13 0.00000000e+00
1.12206020e-13 0.00000000e+00
1.18042441e-13 0.00000000e+00
1.24182444e-13 0.00000000e+00
1.30641821e-13 0.00000000e+00
1.37437184e-13 0.00000000e+00
1.44586009e-13 0.00000000e+00
1.52106682e-13 0.00000000e+00
1.60018544e-13 0.00000000e+00
1.68341943e-13 0.00000000e+00
1.77098286e-13 0.00000000e+00
1.86310092e-13 0.00000000e+00
1.96001052e-13 0.00000000e+00
2.06196089e-13 0.00000000e+00
2.16921424e-13 0.00000000e+00
2.28204639e-13 0.00000000e+00
2.40074753e-13 0.00000000e+00
2.52562293e-13 0.00000000e+00
2.65699376e-13 0.00000000e+00
2.79519787e-13 0.00000000e+00
2.94059069e-13 0.00000000e+00
3.09354616e-13 0.00000000e+00
3.25445763e-13 0.00000000e+00
3.42373895e-13 0.00000000e+00
3.60182548e-13 0.00000000e+00
3.78917522e-13 0.00000000e+00
3.98626999e-13 0.00000000e+00
4.19361669e-13 0.00000000e+00
4.41174858e-13 0.00000000e+00
4.64122664e-13 0.00000000e+00
4.88264105e-13 0.00000000e+00
5.13661269e-13 0.00000000e+00
5.40379472e-13 0.00000000e+00
5.68487427e-13 0.00000000e+00
5.98057425e-13 0.00000000e+00
6.29165512e-13 0.00000000e+00
6.61891693e-13 0.00000000e+00
6.96320133e-13 0.00000000e+00
7.32539376e-13 0.00000000e+00
7.70642572e-13 0.00000000e+00
8.10727713e-13 0.00000000e+00
8.52897891e-13 0.00000000e+00
8.97261560e-13 0.00000000e+00
9.43932816e-13 0.00000000e+00
9.93031687e-13 0.00000000e+00
1.04468445e-12 0.00000000e+00
1.09902393e-12 0.00000000e+00
1.15618990e-12 0.00000000e+00
1.21632937e-12 0.00000000e+00
1.27959701e-12 0.00000000e+00
1.34615553e-12 0.00000000e+00
1.41617610e-12 0.00000000e+00
1.48983881e-12 0.00000000e+00
1.56733310e-12 0.00000000e+00
1.64885827e-12 0.00000000e+00
1.73462399e-12 0.00000000e+00
1.82485084e-12 0.00000000e+00
1.91977085e-12 0.00000000e+00
2.01962815e-12 0.00000000e+00
2.12467955e-12 0.00000000e+00
2.23519521e-12 0.00000000e+00
2.35145938e-12 0.00000000e+00
2.47377105e-12 0.00000000e+00
2.60244479e-12 0.00000000e+00
2.73781152e-12 0.00000000e+00
2.88021938e-12 0.00000000e+00
3.03003462e-12 0.00000000e+00
3.18764253e-12 0.00000000e+00
3.35344845e-12 0.00000000e+00
3.52787880e-12 0.00000000e+00
3.71138219e-12 0.00000000e+00
3.90443054e-12 0.00000000e+00
4.10752034e-12 0.00000000e+00
4.32117391e-12 0.00000000e+00
4.54594071e-12 0.00000000e+00
4.78239881e-12 0.00000000e+00
5.03115632e-12 0.00000000e+00
5.29285301e-12 0.00000000e+00
5.56816191e-12 0.00000000e+00
5.85779107e-12 0.00000000e+00
6.16248534e-12 0.00000000e+00
6.48302836e-12 0.00000000e+00
6.82024449e-12 0.00000000e+00
7.17500099e-12 0.00000000e+00
7.54821023e-12 0.00000000e+00
7.94083203e-12 0.00000000e+00
8.35387613e-12 0.00000000e+00
8.78840482e-12 0.00000000e+00
9.24553561e-12 0.00000000e+00
9.72644415e-12 0.00000000e+00
1.02323673e-11 0.00000000e+00
1.07646061e-11 0.00000000e+00
1.13245294e-11 0.00000000e+00
1.19135773e-11 0.00000000e+00
1.25332646e-11 0.00000000e+00
1.31851851e-11 0.00000000e+00
1.38710153e-11 0.00000000e+00
1.45925192e-11 0.00000000e+00
1.53515523e-11 0.00000000e+00
1.61500666e-11 0.00000000e+00
1.69901158e-11 0.00000000e+00
1.78738604e-11 0.00000000e+00
1.88035731e-11 0.00000000e+00
1.97816451e-11 0.00000000e+00
2.08105917e-11 0.00000000e+00
2.18930591e-11 0.00000000e+00
2.30318314e-11 0.00000000e+00
2.42298371e-11 0.00000000e+00
2.54901573e-11 0.00000000e+00
2.68160334e-11 0.00000000e+00
2.82108752e-11 0.00000000e+00
2.96782700e-11 0.00000000e+00
3.12219917e-11 0.00000000e+00
3.28460104e-11 0.00000000e+00
3.45545028e-11 0.00000000e+00
3.63518628e-11 0.00000000e+00
3.82427128e-11 0.00000000e+00
4.02319158e-11 0.00000000e+00
4.23245877e-11 0.00000000e+00
4.45261103e-11 0.00000000e+00
4.68421457e-11 0.00000000e+00
4.92786501e-11 0.00000000e+00
5.18418898e-11 0.00000000e+00
5.45384569e-11 0.00000000e+00
5.73752867e-11 0.00000000e+00
6.03596747e-11 0.00000000e+00
6.34992963e-11 0.00000000e+00
6.68022260e-11 0.00000000e+00
7.02769583e-11 0.00000000e+00
7.39324296e-11 0.00000000e+00
7.77780410e-11 0.00000000e+00
8.18236827e-11 0.00000000e+00
8.60797594e-11 0.00000000e+00
9.05572168e-11 0.00000000e+00
9.52675702e-11 0.00000000e+00
1.00222934e-10 0.00000000e+00
1.05436051e-10 0.00000000e+00
1.10920330e-10 0.00000000e+00
1.16689876e-10 0.00000000e+00
1.22759525e-10 0.00000000e+00
1.29144888e-10 0.00000000e+00
1.35862388e-10 0.00000000e+00
1.42929299e-10 0.00000000e+00
1.50363798e-10 0.00000000e+00
1.58185004e-10 0.00000000e+00
1.66413031e-10 0.00000000e+00
1.75069041e-10 0.00000000e+00
1.84175295e-10 0.00000000e+00
1.93755213e-10 0.00000000e+00
2.03833433e-10 0.00000000e+00
2.14435873e-10 0.00000000e+00
2.25589802e-10 0.00000000e+00
2.37323905e-10 0.00000000e+00
2.49668359e-10 0.00000000e+00
2.62654913e-10 0.00000000e+00
2.76316966e-10 0.00000000e+00
2.90689653e-10 0.00000000e+00
3.05809938e-10 0.00000000e+00
3.21716709e-10 0.00000000e+00
3.38450873e-10 0.00000000e+00
3.56055469e-10 0.00000000e+00
3.74575772e-10 0.00000000e+00
3.94059412e-10 0.00000000e+00
4.14556498e-10 0.00000000e+00
4.36119745e-10 0.00000000e+00
4.58804608e-10 0.00000000e+00
4.82669430e-10 0.00000000e+00
5.07775585e-10 0.00000000e+00
5.34187643e-10 0.00000000e+00
5.61973529e-10 0.00000000e+00
5.91204705e-10 0.00000000e+00
6.21956346e-10 0.00000000e+00
6.54307541e-10 0.00000000e+00
6.88341490e-10 0.00000000e+00
7.24145722e-10 0.00000000e+00
7.61812319e-10 0.00000000e+00
8.01438153e-10 0.00000000e+00
8.43125133e-10 0.00000000e+00
8.86980470e-10 0.00000000e+00
9.33116952e-10 0.00000000e+00
9.81653234e-10 0.00000000e+00
1.03271414e-09 0.00000000e+00
1.08643099e-09 0.00000000e+00
1.14294194e-09 0.00000000e+00
1.20239231e-09 0.00000000e+00
1.26493501e-09 0.00000000e+00
1.33073088e-09 0.00000000e+00
1.39994913e-09 0.00000000e+00
1.47276779e-09 0.00000000e+00
1.54937413e-09 0.00000000e+00
1.62996516e-09 0.00000000e+00
1.71474815e-09 0.00000000e+00
1.80394115e-09 0.00000000e+00
1.89777354e-09 0.00000000e+00
1.99648665e-09 0.00000000e+00
2.10033433e-09 0.00000000e+00
2.20958368e-09 0.00000000e+00
2.32451566e-09 0.00000000e+00
2.44542585e-09 0.00000000e+00
2.57262520e-09 0.00000000e+00
2.70644086e-09 0.00000000e+00
2.84721697e-09 0.00000000e+00
2.99531558e-09 0.00000000e+00
3.15111758e-09 0.00000000e+00
3.31502364e-09 0.00000000e+00
3.48745532e-09 0.00000000e+00
3.66885607e-09 0.00000000e+00
3.85969241e-09 0.00000000e+00
4.06045515e-09 0.00000000e+00
4.27166061e-09 0.00000000e+00
4.49385197e-09 0.00000000e+00
4.72760066e-09 0.00000000e+00
4.97350783e-09 0.00000000e+00
5.23220593e-09 0.00000000e+00
5.50436026e-09 0.00000000e+00
5.79067075e-09 0.00000000e+00
6.09187375e-09 0.00000000e+00
6.40874389e-09 0.00000000e+00
6.74209610e-09 0.00000000e+00
7.09278769e-09 0.00000000e+00
7.46172059e-09 0.00000000e+00
7.84984361e-09 0.00000000e+00
8.25815493e-09 0.00000000e+00
8.68770466e-09 0.00000000e+00
9.13959751e-09 0.00000000e+00
9.61499566e-09 0.00000000e+00
1.01151218e-08 0.00000000e+00
1.06412620e-08 0.00000000e+00
1.11947696e-08 0.00000000e+00
1.17770679e-08 0.00000000e+00
1.23896547e-08 0.00000000e+00
1.30341053e-08 0.00000000e+00
1.37120771e-08 0.00000000e+00
1.44253138e-08 0.00000000e+00
1.51756496e-08 0.00000000e+00
1.59650143e-08 0.00000000e+00
1.67954380e-08 0.00000000e+00
1.76690564e-08 0.00000000e+00
1.85881162e-08 0.00000000e+00
1.95549811e-08 0.00000000e+00
2.05721377e-08 0.00000000e+00
2.16422019e-08 0.00000000e+00
2.27679258e-08 0.00000000e+00
2.39522044e-08 0.00000000e+00
2.51980835e-08 0.00000000e+00
2.65087673e-08 0.00000000e+00
2.78876266e-08 0.00000000e+00
2.93382076e-08 0.00000000e+00
3.08642408e-08 0.00000000e+00
3.24696510e-08 0.00000000e+00
3.41585670e-08 0.00000000e+00
3.59353323e-08 0.00000000e+00
3.78045164e-08 0.00000000e+00
3.97709266e-08 0.00000000e+00
4.18396200e-08 0.00000000e+00
4.40159169e-08 0.00000000e+00
4.63054144e-08 0.00000000e+00
4.87140006e-08 0.00000000e+00
5.12478700e-08 0.00000000e+00
5.39135391e-08 0.00000000e+00
5.67178635e-08 0.00000000e+00
5.96680555e-08 0.00000000e+00
6.27717024e-08 0.00000000e+00
6.60367862e-08 0.00000000e+00
6.94717040e-08 0.00000000e+00
7.30852898e-08 0.00000000e+00
7.68868371e-08 0.00000000e+00
8.08861226e-08 0.00000000e+00
8.50934319e-08 0.00000000e+00
8.95195853e-08 0.00000000e+00
9.41759660e-08 0.00000000e+00
9.90745493e-08 0.00000000e+00
1.04227934e-07 0.00000000e+00
1.09649372e-07 0.00000000e+00
1.15352808e-07 0.00000000e+00
1.21352910e-07 0.00000000e+00
1.27665108e-07 0.00000000e+00
1.34305636e-07 0.00000000e+00
1.41291573e-07 0.00000000e+00
1.48640885e-07 0.00000000e+00
1.56372473e-07 0.00000000e+00
1.64506221e-07 0.00000000e+00
1.73063048e-07 0.00000000e+00
1.82064960e-07 0.00000000e+00
1.91535108e-07 0.00000000e+00
2.01497849e-07 0.00000000e+00
2.11978803e-07 0.00000000e+00
2.23004927e-07 0.00000000e+00
2.34604577e-07 0.00000000e+00
2.46807585e-07 0.00000000e+00
2.59645335e-07 0.00000000e+00
2.73150844e-07 0.00000000e+00
2.87358844e-07 0.00000000e+00
3.02305877e-07 0.00000000e+00
3.18030383e-07 0.00000000e+00
3.34572802e-07 0.00000000e+00
3.51975680e-07 0.00000000e+00
3.70283771e-07 0.00000000e+00
3.89544162e-07 0.00000000e+00
4.09806386e-07 0.00000000e+00
4.31122555e-07 0.00000000e+00
4.53547488e-07 0.00000000e+00
4.77138860e-07 0.00000000e+00
5.01957341e-07 0.00000000e+00
5.28066762e-07 0.00000000e+00
5.55534269e-07 0.00000000e+00
5.84430505e-07 0.00000000e+00
6.14829785e-07 0.00000000e+00
6.46810290e-07 0.00000000e+00
6.80454268e-07 0.00000000e+00
7.15848245e-07 0.00000000e+00
7.53083247e-07 0.00000000e+00
7.92255036e-07 0.00000000e+00
8.33464354e-07 0.00000000e+00
8.76817184e-07 0.00000000e+00
9.22425020e-07 0.00000000e+00
9.70405159e-07 0.00000000e+00
1.02088099e-06 0.00000000e+00
1.07398234e-06 0.00000000e+00
1.12984577e-06 0.00000000e+00
1.18861494e-06 0.00000000e+00
1.25044100e-06 0.00000000e+00
1.31548297e-06 0.00000000e+00
1.38390810e-06 0.00000000e+00
1.45589238e-06 0.00000000e+00
1.53162094e-06 0.00000000e+00
1.61128853e-06 0.00000000e+00
1.69510006e-06 0.00000000e+00
1.78327106e-06 0.00000000e+00
1.87602829e-06 0.00000000e+00
1.97361031e-06 0.00000000e+00
2.07626808e-06 0.00000000e+00
2.18426561e-06 0.00000000e+00
2.29788067e-06 0.00000000e+00
2.41740543e-06 0.00000000e+00
2.54314730e-06 0.00000000e+00
2.67542966e-06 0.00000000e+00
2.81459271e-06 0.00000000e+00
2.96099437e-06 0.00000000e+00
3.11501113e-06 0.00000000e+00
3.27703911e-06 0.00000000e+00
3.44749502e-06 0.00000000e+00
3.62681722e-06 0.00000000e+00
3.81546691e-06 0.00000000e+00
4.01392925e-06 0.00000000e+00
4.22271465e-06 0.00000000e+00
4.44236007e-06 0.00000000e+00
4.67343040e-06 0.00000000e+00
4.91651990e-06 0.00000000e+00
5.17225375e-06 0.00000000e+00
5.44128966e-06 0.00000000e+00
5.72431952e-06 0.00000000e+00
6.02207125e-06 0.00000000e+00
6.33531059e-06 0.00000000e+00
6.66484315e-06 0.00000000e+00
7.01151642e-06 0.00000000e+00
7.37622197e-06 0.00000000e+00
7.75989776e-06 0.00000000e+00
8.16353053e-06 0.00000000e+00
8.58815835e-06 0.00000000e+00
9.03487328e-06 0.00000000e+00
9.50482418e-06 0.00000000e+00
9.99921967e-06 0.00000000e+00
1.05193313e-05 0.00000000e+00
1.10664966e-05 0.00000000e+00
1.16421228e-05 0.00000000e+00
1.22476903e-05 0.00000000e+00
1.28847566e-05 0.00000000e+00
1.35549600e-05 0.00000000e+00
1.42600242e-05 0.00000000e+00
1.50017625e-05 0.00000000e+00
1.57820824e-05 0.00000000e+00
1.66029909e-05 0.00000000e+00
1.74665991e-05 0.00000000e+00
1.83751280e-05 0.00000000e+00
1.93309143e-05 0.00000000e+00
2.03364160e-05 0.00000000e+00
2.13942191e-05 0.00000000e+00
2.25070441e-05 0.00000000e+00
2.36777529e-05 0.00000000e+00
2.49093564e-05 0.00000000e+00
2.62050220e-05 0.00000000e+00
2.75680819e-05 0.00000000e+00
2.90020417e-05 0.00000000e+00
3.05105892e-05 0.00000000e+00
3.20976041e-05 0.00000000e+00
3.37671680e-05 0.00000000e+00
3.55235746e-05 0.00000000e+00
3.73713410e-05 0.00000000e+00
3.93152195e-05 0.00000000e+00
4.13602091e-05 0.00000000e+00
4.35115694e-05 0.00000000e+00
4.57748332e-05 0.00000000e+00
4.81558211e-05 0.00000000e+00
5.06606566e-05 0.00000000e+00
5.32957817e-05 0.00000000e+00
5.60679734e-05 0.00000000e+00
5.89843612e-05 0.00000000e+00
6.20524456e-05 0.00000000e+00
6.52801170e-05 0.00000000e+00
6.86756765e-05 0.00000000e+00
7.22478568e-05 0.00000000e+00
7.60058448e-05 0.00000000e+00
7.99593053e-05 0.00000000e+00
8.41184060e-05 0.00000000e+00
8.84938432e-05 0.00000000e+00
9.30968697e-05 0.00000000e+00
9.79393237e-05 0.00000000e+00
1.03033659e-04 0.00000000e+00
1.08392977e-04 0.00000000e+00
1.14031061e-04 0.00000000e+00
1.19962412e-04 0.00000000e+00
1.26202283e-04 0.00000000e+00
1.32766722e-04 0.00000000e+00
1.39672612e-04 0.00000000e+00
1.46937713e-04 0.00000000e+00
1.54580710e-04 0.00000000e+00
1.62621260e-04 0.00000000e+00
1.71080040e-04 0.00000000e+00
1.79978805e-04 0.00000000e+00
1.89340442e-04 0.00000000e+00
1.99189026e-04 0.00000000e+00
2.09549887e-04 0.00000000e+00
2.20449670e-04 0.00000000e+00
2.31916407e-04 0.00000000e+00
2.43979590e-04 0.00000000e+00
2.56670241e-04 0.00000000e+00
2.70021000e-04 0.00000000e+00
2.84066201e-04 0.00000000e+00
2.98841966e-04 0.00000000e+00
3.14386296e-04 0.00000000e+00
3.30739168e-04 0.00000000e+00
3.47942637e-04 0.00000000e+00
3.66040949e-04 0.00000000e+00
3.85080649e-04 0.00000000e+00
4.05110703e-04 0.00000000e+00
4.26182624e-04 0.00000000e+00
4.48350606e-04 0.00000000e+00
4.71671660e-04 0.00000000e+00
4.96205765e-04 0.00000000e+00
5.22016015e-04 0.00000000e+00
5.49168792e-04 0.00000000e+00
5.77733926e-04 0.00000000e+00
6.07784882e-04 0.00000000e+00
6.39398945e-04 0.00000000e+00
6.72657420e-04 0.00000000e+00
7.07645842e-04 0.00000000e+00
7.44454195e-04 0.00000000e+00
7.83177142e-04 0.00000000e+00
8.23914271e-04 0.00000000e+00
8.66770351e-04 0.00000000e+00
9.11855600e-04 0.00000000e+00
9.59285967e-04 0.00000000e+00
1.00918344e-03 0.00000000e+00
1.06167633e-03 0.00000000e+00
1.11689966e-03 0.00000000e+00
1.17499544e-03 0.00000000e+00
1.23611308e-03 0.00000000e+00
1.30040977e-03 0.00000000e+00
1.36805087e-03 0.00000000e+00
1.43921033e-03 0.00000000e+00
1.51407117e-03 0.00000000e+00
1.59282591e-03 0.00000000e+00
1.67567710e-03 0.00000000e+00
1.76283781e-03 0.00000000e+00
1.85453220e-03 0.00000000e+00
1.95099609e-03 0.00000000e+00
2.05247758e-03 0.00000000e+00
2.15923765e-03 0.00000000e+00
2.27155086e-03 0.00000000e+00
2.38970608e-03 0.00000000e+00
2.51400716e-03 0.00000000e+00
2.64477379e-03 0.00000000e+00
2.78234227e-03 0.00000000e+00
2.92706641e-03 0.00000000e+00
3.07931841e-03 0.00000000e+00
3.23948982e-03 0.00000000e+00
3.40799259e-03 3.29668093e-308
3.58526007e-03 3.74549462e-293
3.77174815e-03 7.69465128e-279
3.96793645e-03 3.11057546e-265
4.17432953e-03 2.68147243e-252
4.39145819e-03 5.32070890e-240
4.61988084e-03 2.61319217e-228
4.86018495e-03 3.40377992e-217
5.11298853e-03 1.25556742e-206
5.37894174e-03 1.39604073e-196
5.65872856e-03 4.96463377e-187
5.95306856e-03 5.97428298e-178
6.26271872e-03 2.56662195e-169
6.58847540e-03 4.14222068e-161
6.93117638e-03 2.63586944e-153
7.29170302e-03 6.92498030e-146
7.67098254e-03 7.84718227e-139
8.06999037e-03 3.99822134e-132
8.48975268e-03 9.52889148e-126
8.93134901e-03 1.10295121e-119
9.39591507e-03 6.42566146e-114
9.88464564e-03 1.94925853e-108
1.03987976e-02 3.17998214e-103
1.09396934e-02 2.87676436e-98
1.15087239e-02 1.48583445e-93
1.21073527e-02 4.50463106e-89
1.27371192e-02 8.23022631e-85
1.33996433e-02 9.29187852e-81
1.40966286e-02 6.63853490e-77
1.48298678e-02 3.07004426e-73
1.56012466e-02 9.38991361e-70
1.64127489e-02 1.93866259e-66
1.72664616e-02 2.75490544e-63
1.81645803e-02 2.74471914e-60
1.91094149e-02 1.95120176e-57
2.01033953e-02 1.00639578e-54
2.11490778e-02 3.82638572e-52
2.22491517e-02 1.08871029e-49
2.34064462e-02 2.35161423e-47
2.46239375e-02 1.63969269e-45
2.59047570e-02 2.12492798e-43
2.72521986e-02 2.17345004e-41
2.86697276e-02 1.77526275e-39
3.01609897e-02 1.17088905e-37
3.17298202e-02 6.30235328e-36
3.33802537e-02 2.79634274e-34
3.51165349e-02 1.03259424e-32
3.69431291e-02 3.20233320e-31
3.88647340e-02 8.41301724e-30
4.08862916e-02 1.88777876e-28
4.30130009e-02 3.64631295e-27
4.52503315e-02 6.10776553e-26
4.76040373e-02 8.93509667e-25
5.00801717e-02 1.14925467e-23
5.26851027e-02 1.30798058e-22
5.54255298e-02 1.32521247e-21
5.83085008e-02 1.20218209e-20
6.13414302e-02 9.81823359e-20
6.45321180e-02 7.25663611e-19
6.78887702e-02 4.87781333e-18
7.14200193e-02 2.99602759e-17
7.51349472e-02 1.68903807e-16
7.90431078e-02 8.77712933e-16
8.31545523e-02 4.22124335e-15
8.74798544e-02 1.88613169e-14
9.20301381e-02 7.85839839e-14
9.68171057e-02 3.06362079e-13
1.01853069e-01 1.12126734e-12
1.07150978e-01 3.86473940e-12
1.12724460e-01 1.25824359e-11
1.18587847e-01 3.88039159e-11
1.24756219e-01 1.13664527e-10
1.31245441e-01 3.17049876e-10
1.38072202e-01 8.44196258e-10
1.45254057e-01 2.15070285e-09
1.52809479e-01 5.25408489e-09
1.60757897e-01 1.23340307e-08
1.69119754e-01 2.78786138e-08
1.77916555e-01 6.07883116e-08
1.87170923e-01 1.28096122e-07
1.96906659e-01 2.61315296e-07
2.07148802e-01 5.16911492e-07
2.17923692e-01 9.93036080e-07
2.29259040e-01 1.85546803e-06
2.41183999e-01 3.37669959e-06
2.53729237e-01 5.99325971e-06
2.66927019e-01 1.03876790e-05
2.80811286e-01 1.76029281e-05
2.95417746e-01 2.91986681e-05
3.10783964e-01 4.74601878e-05
3.26949460e-01 7.56724327e-05
3.43955807e-01 1.18473017e-04
3.61846743e-01 1.82299552e-04
3.80668280e-01 2.75948018e-04
4.00468824e-01 4.11260325e-04
4.21299297e-01 6.03960683e-04
4.43213271e-01 8.74662089e-04
4.66267106e-01 1.25006620e-03
4.90520091e-01 1.76438232e-03
5.16034600e-01 2.46099438e-03
5.42876252e-01 3.39440847e-03
5.71114079e-01 4.63251873e-03
6.00820702e-01 6.25923505e-03
6.32072521e-01 8.37752393e-03
6.64949911e-01 1.11129226e-02
6.99537426e-01 1.46175975e-02
7.35924017e-01 1.90750311e-02
7.74203265e-01 2.47054362e-02
8.14473616e-01 3.17720151e-02
8.56838639e-01 4.05882009e-02
9.01407287e-01 5.15260437e-02
9.48294183e-01 6.50259310e-02
9.97619911e-01 8.16078654e-02
1.04951133e+00 1.01884560e-01
1.10410189e+00 1.26576656e-01
1.16153199e+00 1.56530414e-01
1.22194933e+00 1.92738298e-01
1.28550929e+00 2.36362930e-01
1.35237533e+00 2.88764970e-01
1.42271943e+00 3.51535588e-01
1.49672249e+00 4.26534280e-01
1.57457484e+00 5.15932908e-01
1.65647669e+00 6.22266997e-01
1.74263869e+00 7.48495489e-01
1.83328242e+00 8.98070342e-01
1.92864100e+00 1.07501761e+00
2.02895968e+00 1.28403184e+00
2.13449646e+00 1.53058612e+00
2.24552276e+00 1.82106010e+00
2.36232411e+00 2.16288924e+00
2.48520092e+00 2.56473854e+00
2.61446918e+00 3.03670486e+00
2.75046137e+00 3.59055260e+00
2.89352721e+00 4.23998807e+00
3.04403466e+00 5.00097904e+00
3.20237078e+00 5.89212683e+00
3.36894280e+00 6.93509957e+00
3.54417909e+00 8.15513672e+00
3.72853034e+00 9.58163656e+00
3.92247065e+00 1.12488403e+01
4.12649882e+00 1.31966285e+01
4.34113955e+00 1.54714494e+01
4.56694487e+00 1.81273993e+01
4.80449550e+00 2.12274823e+01
5.05440238e+00 2.48450801e+01
5.31730822e+00 2.90656678e+01
5.59388917e+00 3.39888214e+01
5.88485653e+00 3.97305730e+01
6.19095862e+00 4.64261832e+01
6.51298268e+00 5.42334200e+01
6.85175689e+00 6.33364563e+01
7.20815252e+00 7.39505329e+01
7.58308614e+00 8.63275712e+01
7.97752202e+00 1.00762972e+02
8.39247456e+00 1.17603895e+02
8.82901095e+00 1.37259390e+02
9.28825388e+00 1.60212820e+02
9.77138442e+00 1.87037129e+02
1.02796451e+01 2.18413588e+02
1.08143431e+01 2.55154782e+02
1.13768535e+01 2.98232713e+02
1.19686230e+01 3.48813045e+02
1.25911735e+01 4.08296673e+02
1.32461062e+01 4.78369980e+02
1.39351053e+01 5.61065403e+02
1.46599428e+01 6.58834184e+02
1.54224829e+01 7.74633590e+02
1.62246867e+01 9.12031312e+02
1.70686173e+01 1.07533037e+03
1.79564452e+01 1.26971848e+03
1.88904536e+01 1.50144689e+03
1.98730446e+01 1.77804434e+03
2.09067454e+01 2.10857341e+03
2.19942143e+01 2.50393745e+03
2.31382481e+01 2.97724804e+03
2.43417891e+01 3.54426434e+03
2.56079326e+01 4.22391753e+03
2.69399348e+01 5.03893567e+03
2.83412214e+01 6.01658596e+03
2.98153961e+01 7.18955441e+03
3.13662505e+01 8.59698486e+03
3.29977728e+01 1.02857030e+04
3.47141591e+01 1.23116538e+04
3.65198237e+01 1.47415860e+04
3.84194103e+01 1.76550206e+04
4.04178042e+01 2.11465476e+04
4.25201451e+01 2.53285011e+04
4.47318397e+01 3.03340708e+04
4.70585761e+01 3.63209198e+04
4.95063382e+01 4.34753857e+04
5.20814211e+01 5.20173600e+04
5.47904476e+01 6.22059539e+04
5.76403847e+01 7.43460776e+04
6.06385618e+01 8.87960809e+04
6.37926898e+01 1.05976631e+05
6.71108804e+01 1.26381029e+05
7.06016675e+01 1.50587201e+05
7.42740286e+01 1.79271646e+05
7.81374083e+01 2.13225651e+05
8.22017426e+01 2.53374172e+05
8.64774842e+01 3.00797788e+05
9.09756293e+01 3.56758265e+05
9.57077465e+01 4.22728319e+05
1.00686006e+02 5.00426254e+05
1.05923210e+02 5.91856303e+05
1.11432829e+02 6.99355601e+05
1.17229032e+02 8.25648875e+05
1.23326726e+02 9.73912143e+05
1.29741592e+02 1.14784688e+06
1.36490129e+02 1.35176638e+06
1.43589693e+02 1.59069635e+06
1.51058542e+02 1.87049201e+06
1.58915885e+02 2.19797451e+06
1.67181929e+02 2.58108971e+06
1.75877934e+02 3.02909313e+06
1.85026263e+02 3.55276529e+06
1.94650444e+02 4.16466242e+06
2.04775229e+02 4.87940847e+06
2.15426657e+02 5.71403507e+06
2.26632122e+02 6.68837731e+06
2.38420441e+02 7.82553473e+06
