1.00000000e+20 0.00000000e+00
9.50556592e+19 0.00000000e+00
9.03557835e+19 0.00000000e+00
8.58882856e+19 0.00000000e+00
8.16416760e+19 0.00000000e+00
7.76050334e+19 0.00000000e+00
7.37679760e+19 0.00000000e+00
7.01206359e+19 0.00000000e+00
6.66536327e+19 0.00000000e+00
6.33580499e+19 0.00000000e+00
6.02254120e+19 0.00000000e+00
5.72476624e+19 0.00000000e+00
5.44171429e+19 0.00000000e+00
5.17265739e+19 0.00000000e+00
4.91690358e+19 0.00000000e+00
4.67379511e+19 0.00000000e+00
4.44270675e+19 0.00000000e+00
4.22304419e+19 0.00000000e+00
4.01424249e+19 0.00000000e+00
3.81576466e+19 0.00000000e+00
3.62710025e+19 0.00000000e+00
3.44776405e+19 0.00000000e+00
3.27729485e+19 0.00000000e+00
3.11525422e+19 0.00000000e+00
2.96122544e+19 0.00000000e+00
2.81481236e+19 0.00000000e+00
2.67563844e+19 0.00000000e+00
2.54334576e+19 0.00000000e+00
2.41759408e+19 0.00000000e+00
2.29805999e+19 0.00000000e+00
2.18443607e+19 0.00000000e+00
2.07643011e+19 0.00000000e+00
1.97376433e+19 0.00000000e+00
1.87617469e+19 0.00000000e+00
1.78341022e+19 0.00000000e+00
1.69523234e+19 0.00000000e+00
1.61141428e+19 0.00000000e+00
1.53174046e+19 0.00000000e+00
1.45600600e+19 0.00000000e+00
1.38401610e+19 0.00000000e+00
1.31558562e+19 0.00000000e+00
1.25053859e+19 0.00000000e+00
1.18870770e+19 0.00000000e+00
1.12993394e+19 0.00000000e+00
1.07406615e+19 0.00000000e+00
1.02096066e+19 0.00000000e+00
9.70480888e+18 0.00000000e+00
9.22497005e+18 0.00000000e+00
8.76885609e+18 0.00000000e+00
8.33529397e+18 0.00000000e+00
7.92316862e+18 0.00000000e+00
7.53142017e+18 0.00000000e+00
7.15904109e+18 0.00000000e+00
6.80507370e+18 0.00000000e+00
6.46860766e+18 0.00000000e+00
6.14877765e+18 0.00000000e+00
5.84476113e+18 0.00000000e+00
5.55577622e+18 0.00000000e+00
5.28107971e+18 0.00000000e+00
5.01996513e+18 0.00000000e+00
4.77176095e+18 0.00000000e+00
4.53582883e+18 0.00000000e+00
4.31156199e+18 0.00000000e+00
4.09838367e+18 0.00000000e+00
3.89574562e+18 0.00000000e+00
3.70312668e+18 0.00000000e+00
3.52003147e+18 0.00000000e+00
3.34598912e+18 0.00000000e+00
3.18055202e+18 0.00000000e+00
3.02329468e+18 0.00000000e+00
2.87381269e+18 0.00000000e+00
2.73172160e+18 0.00000000e+00
2.59665597e+18 0.00000000e+00
2.46826845e+18 0.00000000e+00
2.34622885e+18 0.00000000e+00
2.23022330e+18 0.00000000e+00
2.11995346e+18 0.00000000e+00
2.01513573e+18 0.00000000e+00
1.91550056e+18 0.00000000e+00
1.82079168e+18 0.00000000e+00
1.73076553e+18 0.00000000e+00
1.64519059e+18 0.00000000e+00
1.56384676e+18 0.00000000e+00
1.48652484e+18 0.00000000e+00
1.41302599e+18 0.00000000e+00
1.34316117e+18 0.00000000e+00
1.27675070e+18 0.00000000e+00
1.21362380e+18 0.00000000e+00
1.15361810e+18 0.00000000e+00
1.09657929e+18 0.00000000e+00
1.04236067e+18 0.00000000e+00
9.90822810e+17 0.00000000e+00
9.41833153e+17 0.00000000e+00
8.95265713e+17 0.00000000e+00
8.51000725e+17 0.00000000e+00
8.08924349e+17 0.00000000e+00
7.68928372e+17 0.00000000e+00
7.30909933e+17 0.00000000e+00
6.94771255e+17 0.00000000e+00
6.60419396e+17 0.00000000e+00
6.27766011e+17 0.00000000e+00
5.96727120e+17 0.00000000e+00
5.67222897e+17 0.00000000e+00
5.39177464e+17 0.00000000e+00
5.12518693e+17 0.00000000e+00
4.87178022e+17 0.00000000e+00
4.63090280e+17 0.00000000e+00
4.40193519e+17 0.00000000e+00
4.18428851e+17 1.55639484e-58
3.97740302e+17 7.54850189e-57
3.78074666e+17 3.05479477e-55
3.59381366e+17 1.02599141e-53
3.41612327e+17 2.59175687e-52
3.24721849e+17 6.23625278e-51
3.08666494e+17 1.12275513e-49
2.93404971e+17 2.01497819e-48
2.78898029e+17 2.95465491e-47
2.65108360e+17 3.50939262e-46
2.52000499e+17 4.16828256e-45
2.39540736e+17 4.01024701e-44
2.27697026e+17 3.50864975e-43
2.16438909e+17 2.94670911e-42
2.05737431e+17 1.87042118e-41
1.95565072e+17 1.32389155e-40
1.85895668e+17 7.78145641e-40
1.76704353e+17 4.03543013e-39
1.67967487e+17 1.82092384e-38
1.59662602e+17 8.98252972e-38
1.51768339e+17 3.53849131e-37
1.44264395e+17 1.53012062e-36
1.37131472e+17 5.20067810e-36
1.30351224e+17 1.77190262e-35
1.23906216e+17 6.02246322e-35
1.17779870e+17 2.05188981e-34
1.11956432e+17 5.49491124e-34
1.06420924e+17 1.61530819e-33
1.01159111e+17 3.79195082e-33
9.61574600e+16 9.73139113e-33
9.14031075e+16 2.17300221e-32
8.68838264e+16 5.56269035e-32
8.25879939e+16 1.09869741e-31
7.85045620e+16 2.45337163e-31
7.46230289e+16 4.83358143e-31
7.09334120e+16 1.00368597e-30
6.74262224e+16 1.78118793e-30
6.40924402e+16 3.33400864e-30
6.09234915e+16 5.32060723e-30
5.79112265e+16 8.70487136e-30
5.50478981e+16 1.58808750e-29
5.23261424e+16 2.49485933e-29
4.97389596e+16 3.57806229e-29
4.72796959e+16 5.71008227e-29
4.49420266e+16 9.34207978e-29
4.27199397e+16 1.42870907e-28
4.06077203e+16 1.89525108e-28
3.85999362e+16 2.61045799e-28
3.66914238e+16 3.74386330e-28
3.48772747e+16 5.97468235e-28
3.31528234e+16 7.56879097e-28
3.15136348e+16 9.53044954e-28
2.99554933e+16 1.17934554e-27
2.84743917e+16 1.69529227e-27
2.70665207e+16 2.04057838e-27
2.57282597e+16 2.59678879e-27
2.44561668e+16 3.01733968e-27
2.32469706e+16 3.63155205e-27
2.20975611e+16 4.49125583e-27
2.10049824e+16 5.65524769e-27
1.99664245e+16 7.16701923e-27
1.89792164e+16 6.99470768e-27
1.80408193e+16 8.81443191e-27
1.71488197e+16 1.09192734e-26
1.63009236e+16 1.06729489e-26
1.54949504e+16 1.28928432e-26
1.47288272e+16 1.50488255e-26
1.40005838e+16 1.67526084e-26
1.33083472e+16 1.88192810e-26
1.26503372e+16 1.99844132e-26
1.20248614e+16 2.24150512e-26
1.14303113e+16 2.61186821e-26
1.08651577e+16 2.57606275e-26
1.03279473e+16 3.10856392e-26
9.81729841e+15 3.11986818e-26
9.33189772e+15 3.84152489e-26
8.87049689e+15 3.83183424e-26
8.43190929e+15 3.82293953e-26
8.01500696e+15 4.89103581e-26
7.61871770e+15 4.94149663e-26
7.24202233e+15 4.83865796e-26
6.88395207e+15 4.94544122e-26
6.54358602e+15 6.26541401e-26
6.22004883e+15 6.47425429e-26
5.91250841e+15 6.37898944e-26
5.62017385e+15 6.64421672e-26
5.34229330e+15 6.96510915e-26
5.07815211e+15 8.14148346e-26
4.82707097e+15 8.41202335e-26
4.58840413e+15 8.66896837e-26
4.36153779e+15 1.14475494e-25
4.14588850e+15 1.11615795e-25
3.94090164e+15 1.08891754e-25
3.74605003e+15 1.06491151e-25
3.56083255e+15 1.03873220e-25
3.38477286e+15 1.26369320e-25
3.21741815e+15 1.27764507e-25
3.05833803e+15 1.39515210e-25
2.90712338e+15 1.40118073e-25
2.76338529e+15 1.55234813e-25
2.62675410e+15 1.73841098e-25
2.49687843e+15 1.76920303e-25
2.37342425e+15 1.78278950e-25
2.25607407e+15 1.83250325e-25
2.14452608e+15 2.04689269e-25
2.03849340e+15 2.14572179e-25
1.93770334e+15 2.13629548e-25
1.84189668e+15 2.53769123e-25
1.75082703e+15 2.47424207e-25
1.66426018e+15 2.71194532e-25
1.58197348e+15 2.85682084e-25
1.50375532e+15 2.93331832e-25
1.42940453e+15 2.99950025e-25
1.35872990e+15 3.02952841e-25
1.29154967e+15 3.48111724e-25
1.22769105e+15 3.39978238e-25
1.16698982e+15 3.40246927e-25
1.10928986e+15 4.37087854e-25
1.05444279e+15 4.14990204e-25
1.00230755e+15 4.31991816e-25
9.52750047e+14 4.81779259e-25
9.05642838e+14 4.91189727e-25
8.60864770e+14 5.16126057e-25
8.18300682e+14 5.38348875e-25
7.77841107e+14 5.63655376e-25
7.39381992e+14 6.26496701e-25
7.02824426e+14 6.20260278e-25
6.68074392e+14 6.50197020e-25
6.35042517e+14 6.65180973e-25
6.03643851e+14 7.20736177e-25
5.73797641e+14 8.12104757e-25
5.45427131e+14 8.67417419e-25
5.18459354e+14 8.28377468e-25
4.92824957e+14 8.88002072e-25
4.68458012e+14 9.35228424e-25
4.45295851e+14 9.52181058e-25
4.23278907e+14 1.04588915e-24
4.02350555e+14 1.14217688e-24
3.82456972e+14 1.14238905e-24
3.63546996e+14 1.19277300e-24
3.45571994e+14 1.24991215e-24
3.28485737e+14 1.29096635e-24
3.12244282e+14 1.40316166e-24
2.96805861e+14 1.45569792e-24
2.82130768e+14 1.63010014e-24
2.68181261e+14 1.64652929e-24
2.54921465e+14 1.74522123e-24
2.42317279e+14 1.79432288e-24
2.30336287e+14 1.92118755e-24
2.18947676e+14 1.99249108e-24
2.08122157e+14 2.11479914e-24
1.97831888e+14 2.24371438e-24
1.88050406e+14 2.32110503e-24
1.78752553e+14 2.49715726e-24
1.69914417e+14 2.60501624e-24
1.61513269e+14 2.73074776e-24
1.53527503e+14 2.88904726e-24
1.45936580e+14 3.04641485e-24
1.38720978e+14 3.18841017e-24
1.31862140e+14 3.35703251e-24
1.25342427e+14 3.53828647e-24
1.19145070e+14 3.71906483e-24
1.13254132e+14 3.88811794e-24
1.07654461e+14 4.06790052e-24
1.02331658e+14 4.31765727e-24
9.72720319e+13 4.58339116e-24
9.24625712e+13 4.78844103e-24
8.78909065e+13 5.04789741e-24
8.35452806e+13 5.31895316e-24
7.94145172e+13 5.52420120e-24
7.54879928e+13 5.84382462e-24
7.17556092e+13 6.15440425e-24
6.82077673e+13 6.46675969e-24
6.48353429e+13 6.81142257e-24
6.16296626e+13 7.14803917e-24
5.85824820e+13 7.59847910e-24
5.56859644e+13 7.92534690e-24
5.29326606e+13 8.39902524e-24
5.03154895e+13 8.75352625e-24
4.78277202e+13 9.26038347e-24
4.54629547e+13 9.72662010e-24
4.32151113e+13 1.02116084e-23
4.10784089e+13 1.08298477e-23
3.90473524e+13 1.13434636e-23
3.71167182e+13 1.19126641e-23
3.52815412e+13 1.25254691e-23
3.35371015e+13 1.31372831e-23
3.18789129e+13 1.39053253e-23
3.03027108e+13 1.45820599e-23
2.88044415e+13 1.53601131e-23
2.73802518e+13 1.61644241e-23
2.60264788e+13 1.70026203e-23
2.47396410e+13 1.78368019e-23
2.35164288e+13 1.88528990e-23
2.23536965e+13 1.98087129e-23
2.12484535e+13 2.08538492e-23
2.01978576e+13 2.18822834e-23
1.91992067e+13 2.29932791e-23
1.82499324e+13 2.42925040e-23
1.73475936e+13 2.55329939e-23
1.64898694e+13 2.68661732e-23
1.56745541e+13 2.81914997e-23
1.48995507e+13 2.96470035e-23
1.41628662e+13 3.12079867e-23
1.34626058e+13 3.28570216e-23
1.27969687e+13 3.46030496e-23
1.21642429e+13 3.63710158e-23
1.15628013e+13 3.82220518e-23
1.09910970e+13 4.02980759e-23
1.04476597e+13 4.23747862e-23
9.93109181e+12 4.45544617e-23
9.44006479e+12 4.68374176e-23
8.97331581e+12 4.92736703e-23
8.52964450e+12 5.18527460e-23
8.10790981e+12 5.45500092e-23
7.70702711e+12 5.74023946e-23
7.32596543e+12 6.03485048e-23
6.96374473e+12 6.34944168e-23
6.61943346e+12 6.68215953e-23
6.29214611e+12 7.02730498e-23
5.98104096e+12 7.39831486e-23
5.68531791e+12 7.78314541e-23
5.40421642e+12 8.18519784e-23
5.13701354e+12 8.60514580e-23
4.88302209e+12 9.06142009e-23
4.64158883e+12 9.52945375e-23
4.41209286e+12 1.00208944e-22
4.19394396e+12 1.05404889e-22
3.98658107e+12 1.10891561e-22
3.78947092e+12 1.16718893e-22
3.60210656e+12 1.22816716e-22
3.42400614e+12 1.29174376e-22
3.25471161e+12 1.35814389e-22
3.09378757e+12 1.42913100e-22
2.94082017e+12 1.50380832e-22
2.79541600e+12 1.58134240e-22
2.65720111e+12 1.66400260e-22
2.52582003e+12 1.75110515e-22
2.40093488e+12 1.84191498e-22
2.28222447e+12 1.93752863e-22
2.16938352e+12 2.03804540e-22
2.06212180e+12 2.14432399e-22
1.96016347e+12 2.25625325e-22
1.86324631e+12 2.37301307e-22
1.77112106e+12 2.49712258e-22
1.68355080e+12 2.62654403e-22
1.60031031e+12 2.76345740e-22
1.52118552e+12 2.90696347e-22
1.44597292e+12 3.05839002e-22
1.37447909e+12 3.21757124e-22
1.30652016e+12 3.38439696e-22
1.24192135e+12 3.56065796e-22
1.18051653e+12 3.74585826e-22
1.12214777e+12 3.94080603e-22
1.06666496e+12 4.14628179e-22
1.01392541e+12 4.36140327e-22
9.63793480e+11 4.58862784e-22
9.16140246e+11 4.82679383e-22
8.70843150e+11 5.07773830e-22
8.27785697e+11 5.34225007e-22
7.86857151e+11 5.61970279e-22
7.47952252e+11 5.91234625e-22
7.10970943e+11 6.21965710e-22
6.75818117e+11 6.54354162e-22
6.42403366e+11 6.88391544e-22
6.10640754e+11 7.24168322e-22
5.80448594e+11 7.61831606e-22
5.51749238e+11 8.01501661e-22
5.24468875e+11 8.43249978e-22
4.98537346e+11 8.87101988e-22
4.73887961e+11 9.33228716e-22
4.50457325e+11 9.81778654e-22
4.28185180e+11 1.03281228e-21
4.07014245e+11 1.08651507e-21
3.86890074e+11 1.14303255e-21
3.67760910e+11 1.20246243e-21
3.49577557e+11 1.26505969e-21
3.32293252e+11 1.33081202e-21
3.15863541e+11 1.40004361e-21
3.00246171e+11 1.47289697e-21
2.85400977e+11 1.54947630e-21
2.71289780e+11 1.63007724e-21
2.57876289e+11 1.71488717e-21
2.45126006e+11 1.80402878e-21
2.33006141e+11 1.89792824e-21
2.21485523e+11 1.99665119e-21
2.10534524e+11 2.10052814e-21
2.00124980e+11 2.20979133e-21
1.90230119e+11 2.32471686e-21
1.80824493e+11 2.44562159e-21
1.71883914e+11 2.57283681e-21
1.63385388e+11 2.70672317e-21
1.55307057e+11 2.84751715e-21
1.47628147e+11 2.99558401e-21
1.40328908e+11 3.15136747e-21
1.33390569e+11 3.31531709e-21
1.26795285e+11 3.48780335e-21
1.20526094e+11 3.66921388e-21
1.14566873e+11 3.86005444e-21
1.08902296e+11 4.06077912e-21
1.03517796e+11 4.27204244e-21
9.83995230e+10 4.49425113e-21
9.35343152e+10 4.72799658e-21
8.89096599e+10 4.97398376e-21
8.45136633e+10 5.23264125e-21
8.03350198e+10 5.50481938e-21
7.63629826e+10 5.79118058e-21
7.25873365e+10 6.09242268e-21
6.89983712e+10 6.40935075e-21
6.55868566e+10 6.74272324e-21
6.23440189e+10 7.09345417e-21
5.92615181e+10 7.46237551e-21
5.63314267e+10 7.85053073e-21
5.35462090e+10 8.25884332e-21
5.08987019e+10 8.68852208e-21
4.83820966e+10 9.14045017e-21
4.59899209e+10 9.61586972e-21
4.37160225e+10 1.01160498e-20
4.15545533e+10 1.06421840e-20
3.94999546e+10 1.11957363e-20
3.75469422e+10 1.17780920e-20
3.56904935e+10 1.23908017e-20
3.39258338e+10 1.30353580e-20
3.22484250e+10 1.37133232e-20
3.06539530e+10 1.44266190e-20
2.91383170e+10 1.51770157e-20
2.76976194e+10 1.59663882e-20
2.63281547e+10 1.67969254e-20
2.50264010e+10 1.76705938e-20
2.37890104e+10 1.85897746e-20
2.26128007e+10 1.95567184e-20
2.14947467e+10 2.05739715e-20
2.04319732e+10 2.16441257e-20
1.94217468e+10 2.27699680e-20
1.84614695e+10 2.39543370e-20
1.75486715e+10 2.52003587e-20
1.66810054e+10 2.65111314e-20
1.58562396e+10 2.78900915e-20
1.50722531e+10 2.93408391e-20
1.43270295e+10 3.08669780e-20
1.36186524e+10 3.24725980e-20
1.29452998e+10 3.41616562e-20
1.23052400e+10 3.59385725e-20
1.16968270e+10 3.78079687e-20
1.11184960e+10 3.97745437e-20
1.05687597e+10 4.18433807e-20
1.00462042e+10 4.40198796e-20
9.54948564e+09 4.63094370e-20
9.07732653e+09 4.87184002e-20
8.62851257e+09 5.12525145e-20
8.20188950e+09 5.39183685e-20
7.79636013e+09 5.67229835e-20
7.41088152e+09 5.96734146e-20
7.04446228e+09 6.27774291e-20
6.69616005e+09 6.60426993e-20
6.36507908e+09 6.94779033e-20
6.05036788e+09 7.30918901e-20
5.75121707e+09 7.68937705e-20
5.46685730e+09 8.08934050e-20
5.19655724e+09 8.51010902e-20
4.93962174e+09 8.95276625e-20
4.69539001e+09 9.41844256e-20
4.46323393e+09 9.90835692e-20
4.24255643e+09 1.04237340e-19
4.03278998e+09 1.09659237e-19
3.83339510e+09 1.15363182e-19
3.64385898e+09 1.21363821e-19
3.46369418e+09 1.27676588e-19
3.29243733e+09 1.34317810e-19
3.12964801e+09 1.41304418e-19
2.97490755e+09 1.48654331e-19
2.82781798e+09 1.56386586e-19
2.68800102e+09 1.64521112e-19
2.55509709e+09 1.73078601e-19
2.42876438e+09 1.82081513e-19
2.30867799e+09 1.91552407e-19
2.19452909e+09 2.01516030e-19
2.08602409e+09 2.11997965e-19
1.98288395e+09 2.23025044e-19
1.88484341e+09 2.34625703e-19
1.79165033e+09 2.46829805e-19
1.70306503e+09 2.59668777e-19
1.61885969e+09 2.73175493e-19
1.53881775e+09 2.87384659e-19
1.46273336e+09 3.02332995e-19
1.39041083e+09 3.18059081e-19
1.32166418e+09 3.34603007e-19
1.25631660e+09 3.52007478e-19
1.19420003e+09 3.70317078e-19
1.13515471e+09 3.89579303e-19
1.07902879e+09 4.09843350e-19
1.02567793e+09 4.31161436e-19
9.74964918e+08 4.53588449e-19
9.26759330e+08 4.77181878e-19
8.80937190e+08 5.02002542e-19
8.37380654e+08 5.28114347e-19
7.95977700e+08 5.55584250e-19
7.56621850e+08 5.84483209e-19
7.19211887e+08 6.14885167e-19
6.83651600e+08 6.46868562e-19
6.49849535e+08 6.80515661e-19
6.17718760e+08 7.15912751e-19
5.87176639e+08 7.53151195e-19
5.58144625e+08 7.92326468e-19
5.30548053e+08 8.33539495e-19
5.04315949e+08 8.76896202e-19
4.79380850e+08 9.22508246e-19
4.55678627e+08 9.70492631e-19
4.33148322e+08 1.02097311e-18
4.11731993e+08 1.07407914e-18
3.91374560e+08 1.12994767e-18
3.72023668e+08 1.18872212e-18
3.53629550e+08 1.25055366e-18
3.36144900e+08 1.31560158e-18
3.19524751e+08 1.38403291e-18
3.03726358e+08 1.45602366e-18
2.88709092e+08 1.53175897e-18
2.74434330e+08 1.61143386e-18
2.60865362e+08 1.69525286e-18
2.47967289e+08 1.78343186e-18
2.35706941e+08 1.87619746e-18
2.24052787e+08 1.97378823e-18
2.12974854e+08 2.07645537e-18
2.02444651e+08 2.18446251e-18
1.92435098e+08 2.29808787e-18
1.82920450e+08 2.41762342e-18
1.73876240e+08 2.54337664e-18
1.65279206e+08 2.67567085e-18
1.57107239e+08 2.81484659e-18
1.49339322e+08 2.96126141e-18
1.41955477e+08 3.11529205e-18
1.34936714e+08 3.27733469e-18
1.28264983e+08 3.44780589e-18
1.21923125e+08 3.62714423e-18
1.15894830e+08 3.81581095e-18
1.10164595e+08 4.01429113e-18
1.04717682e+08 4.22309541e-18
9.95400829e+07 4.44276067e-18
9.46184819e+07 4.67385185e-18
8.99402217e+07 4.91696327e-18
8.54932707e+07 5.17272021e-18
8.12661920e+07 5.44178037e-18
7.72481145e+07 5.72483571e-18
7.34287045e+07 6.02261428e-18
6.97981391e+07 6.33588175e-18
6.63470812e+07 6.66544414e-18
6.30666554e+07 7.01214875e-18
5.99484250e+07 7.37688713e-18
5.69843706e+07 7.76059758e-18
5.41668691e+07 8.16426679e-18
5.14886745e+07 8.58893287e-18
4.89428990e+07 9.03568806e-18
4.65229952e+07 9.50568133e-18
4.42227398e+07 1.00001214e-17
4.20362168e+07 1.05202798e-17
3.99578030e+07 1.10674945e-17
3.79821531e+07 1.16431727e-17
3.61041860e+07 1.22487949e-17
3.43190720e+07 1.28859186e-17
3.26222201e+07 1.35561825e-17
3.10092664e+07 1.42613103e-17
2.94760626e+07 1.50031155e-17
2.80186656e+07 1.57835058e-17
2.66333273e+07 1.66044883e-17
2.53164848e+07 1.74681744e-17
2.40647515e+07 1.83767853e-17
2.28749082e+07 1.93326578e-17
2.17438948e+07 2.03382503e-17
2.06688025e+07 2.13961488e-17
1.96468665e+07 2.25090740e-17
1.86754584e+07 2.36798886e-17
1.77520801e+07 2.49116032e-17
1.68743568e+07 2.62073856e-17
1.60400311e+07 2.75705685e-17
1.52469573e+07 2.90046577e-17
1.44930957e+07 3.05133414e-17
1.37765077e+07 3.21004994e-17
1.30953502e+07 3.37702140e-17
1.24478715e+07 3.55267791e-17
1.18324063e+07 3.73747123e-17
1.12473718e+07 3.93187662e-17
1.06912634e+07 4.13639405e-17
1.01626509e+07 4.35154950e-17
9.66017480e+06 4.57789630e-17
9.18254284e+06 4.81601658e-17
8.72852662e+06 5.06652275e-17
8.29695852e+06 5.33005905e-17
7.88672862e+06 5.60730325e-17
7.49678187e+06 5.89896837e-17
7.12611543e+06 6.20580451e-17
6.77377600e+06 6.52860080e-17
6.43885743e+06 6.86818743e-17
6.12049837e+06 7.22543771e-17
5.81788007e+06 7.60127047e-17
5.53022426e+06 7.99665224e-17
5.25679112e+06 8.41259989e-17
4.99687745e+06 8.85018313e-17
4.74981480e+06 9.31052739e-17
4.51496777e+06 9.79481654e-17
4.29173238e+06 1.03042961e-16
4.07953450e+06 1.08402764e-16
3.87782841e+06 1.14041358e-16
3.68609536e+06 1.19973245e-16
3.50384225e+06 1.26213680e-16
3.33060034e+06 1.32778713e-16
3.16592411e+06 1.39685228e-16
3.00939003e+06 1.46950987e-16
2.86059554e+06 1.54594675e-16
2.71915794e+06 1.62635952e-16
2.58471351e+06 1.71095499e-16
2.45691646e+06 1.79995070e-16
2.33543814e+06 1.89357554e-16
2.21996612e+06 1.99207031e-16
2.11020343e+06 2.09568830e-16
2.00586778e+06 2.20469601e-16
1.90669084e+06 2.31937379e-16
1.81241755e+06 2.44001655e-16
1.72280545e+06 2.56693458e-16
1.63762407e+06 2.70045428e-16
1.55665436e+06 2.84091904e-16
1.47968806e+06 2.98869011e-16
1.40652724e+06 3.14414753e-16
1.33698374e+06 3.30769111e-16
1.27087871e+06 3.47974145e-16
1.20804213e+06 3.66074103e-16
1.14831241e+06 3.85115535e-16
1.09153594e+06 4.05147413e-16
1.03756668e+06 4.26221253e-16
9.86265846e+05 4.48391256e-16
9.37501502e+05 4.71714436e-16
8.91148232e+05 4.96250779e-16
8.47086827e+05 5.22063386e-16
8.05203967e+05 5.49218643e-16
7.65391939e+05 5.77786388e-16
7.27548353e+05 6.07840093e-16
6.91575883e+05 6.39457050e-16
6.57382014e+05 6.72718573e-16
6.24878807e+05 7.07710203e-16
5.93982669e+05 7.44521933e-16
5.64614142e+05 7.83248437e-16
5.36697695e+05 8.23989312e-16
5.10161531e+05 8.66849336e-16
4.84937407e+05 9.11938739e-16
4.60960449e+05 9.59373481e-16
4.38168993e+05 1.00927556e-15
4.16504425e+05 1.06177331e-15
3.95911027e+05 1.11700174e-15
3.76335836e+05 1.17510291e-15
3.57728510e+05 1.23622622e-15
3.40041193e+05 1.30052889e-15
3.23228398e+05 1.36817629e-15
3.07246884e+05 1.43934239e-15
2.92055551e+05 1.51421022e-15
2.77615329e+05 1.59297233e-15
2.63889081e+05 1.67583129e-15
2.50841506e+05 1.76300019e-15
2.38439047e+05 1.85470321e-15
2.26649808e+05 1.95117621e-15
2.15443469e+05 2.05266730e-15
2.04791210e+05 2.15943749e-15
1.94665634e+05 2.27176138e-15
1.85040702e+05 2.38992785e-15
1.75891659e+05 2.51424081e-15
1.67194976e+05 2.64501998e-15
1.58928287e+05 2.78260169e-15
1.51070330e+05 2.92733979e-15
1.43600898e+05 3.07960652e-15
1.36500781e+05 3.23979350e-15
1.29751717e+05 3.40831269e-15
1.23336350e+05 3.58559752e-15
1.17238180e+05 3.77210393e-15
1.11441525e+05 3.96831160e-15
1.05931476e+05 4.17472514e-15
1.00693863e+05 4.39187543e-15
9.57152154e+04 4.62032095e-15
9.09827289e+04 4.86064923e-15
8.64842328e+04 5.11347839e-15
8.22081576e+04 5.37945865e-15
7.81435061e+04 5.65927411e-15
7.42798248e+04 5.95364442e-15
7.06071771e+04 6.26332667e-15
6.71161177e+04 6.58911733e-15
6.37976681e+04 6.93185432e-15
6.06432940e+04 7.29241913e-15
5.76448828e+04 7.67173911e-15
5.47947234e+04 8.07078984e-15
5.20854855e+04 8.49059766e-15
4.95102016e+04 8.93224229e-15
4.70622485e+04 9.39685963e-15
4.47353305e+04 9.88564466e-15
4.25234633e+04 1.03998545e-14
4.04209584e+04 1.09408117e-14
3.84224085e+04 1.15099077e-14
3.65226736e+04 1.21086060e-14
3.47168682e+04 1.27384466e-14
3.30003479e+04 1.34010495e-14
3.13686982e+04 1.40981188e-14
2.98177229e+04 1.48314475e-14
2.83434331e+04 1.56029218e-14
2.69420371e+04 1.64145258e-14
2.56099310e+04 1.72683472e-14
2.43436887e+04 1.81665821e-14
2.31400538e+04 1.91115407e-14
2.19959307e+04 2.01056537e-14
2.09083769e+04 2.11514780e-14
1.98745955e+04 2.22517038e-14
1.88919278e+04 2.34091609e-14
1.79578465e+04 2.46268265e-14
1.70699493e+04 2.59078329e-14
1.62259529e+04 2.72554749e-14
1.54236865e+04 2.86732192e-14
1.46610868e+04 3.01647126e-14
1.39361927e+04 3.17337916e-14
1.32471399e+04 3.33844925e-14
1.25921561e+04 3.51210614e-14
1.19695570e+04 3.69479655e-14
1.13777413e+04 3.88699044e-14
1.08151870e+04 4.08918222e-14
1.02804473e+04 4.30189202e-14
9.77214697e+03 4.52566704e-14
9.28897872e+03 4.76108297e-14
8.82969996e+03 5.00874543e-14
8.39312950e+03 5.26929156e-14
7.97814457e+03 5.54339168e-14
7.58367791e+03 5.83175097e-14
7.20871503e+03 6.13511132e-14
6.85229160e+03 6.45425321e-14
6.51349095e+03 6.78999777e-14
6.19144176e+03 7.14320884e-14
5.88531578e+03 7.51479525e-14
5.59432571e+03 7.90571309e-14
5.31772318e+03 8.31696826e-14
5.05479682e+03 8.74961900e-14
4.80487044e+03 9.20477863e-14
4.56730127e+03 9.68361844e-14
4.34147833e+03 1.01873707e-13
4.12682085e+03 1.07173318e-13
3.92277676e+03 1.12748656e-13
3.72882131e+03 1.18614071e-13
3.54445567e+03 1.24784660e-13
3.36920571e+03 1.31276304e-13
3.20262069e+03 1.38105713e-13
3.04427221e+03 1.45290467e-13
2.89375302e+03 1.52849061e-13
2.75067601e+03 1.60800954e-13
2.61467321e+03 1.69166617e-13
2.48539486e+03 1.77967591e-13
2.36250847e+03 1.87226534e-13
2.24569800e+03 1.96967290e-13
2.13466303e+03 2.07214940e-13
2.02911802e+03 2.17995877e-13
1.92879151e+03 2.29337865e-13
1.83342548e+03 2.41270118e-13
1.74277468e+03 2.53823373e-13
1.65660596e+03 2.67029967e-13
1.57469771e+03 2.80923925e-13
1.49683929e+03 2.95541045e-13
1.42283046e+03 3.10918993e-13
1.35248087e+03 3.27097398e-13
1.28560961e+03 3.44117959e-13
1.22204469e+03 3.62024547e-13
1.16162263e+03 3.80863326e-13
1.10418805e+03 4.00682866e-13
1.04959323e+03 4.21534276e-13
9.97697764e+02 4.43471329e-13
9.48368187e+02 4.66550611e-13
9.01477631e+02 4.90831660e-13
8.56905505e+02 5.16377126e-13
8.14537177e+02 5.43252934e-13
7.74263683e+02 5.71528452e-13
7.35981448e+02 6.01276677e-13
6.99592017e+02 6.32574424e-13
6.65001803e+02 6.65502527e-13
6.32121848e+02 7.00146047e-13
6.00867589e+02 7.36594500e-13
5.71158648e+02 7.74942092e-13
5.42918618e+02 8.15287960e-13
5.16074871e+02 8.57736439e-13
4.90558371e+02 9.02397334e-13
4.66303493e+02 9.49386209e-13
4.43247859e+02 9.98824693e-13
4.21332174e+02 1.05084080e-12
4.00500076e+02 1.10556927e-12
3.80697987e+02 1.16315193e-12
3.61874981e+02 1.22373805e-12
3.43982649e+02 1.28748477e-12
3.26974974e+02 1.35455751e-12
3.10808217e+02 1.42513038e-12
2.95440800e+02 1.49938671e-12
2.80833200e+02 1.57751947e-12
2.66947849e+02 1.65973185e-12
2.53749038e+02 1.74623776e-12
2.41202821e+02 1.83726246e-12
2.29276931e+02 1.93304310e-12
2.17940698e+02 2.03382946e-12
2.07164968e+02 2.13988453e-12
1.96922026e+02 2.25148531e-12
1.87185529e+02 2.36892354e-12
1.77930439e+02 2.49250651e-12
1.69132952e+02 2.62255790e-12
1.60770442e+02 2.75941871e-12
1.52821404e+02 2.90344819e-12
1.45265393e+02 3.05502487e-12
1.38082977e+02 3.21454762e-12
1.31255684e+02 3.38243680e-12
1.24765955e+02 3.55913545e-12
1.18597101e+02 3.74511059e-12
1.12733256e+02 3.94085454e-12
1.07159340e+02 4.14688642e-12
1.01861017e+02 4.36375363e-12
9.68246612e+01 4.59203353e-12
9.20373200e+01 4.83233514e-12
8.74866812e+01 5.08530100e-12
8.31610415e+01 5.35160916e-12
7.90492762e+01 5.63197526e-12
7.51408106e+01 5.92715483e-12
7.14255929e+01 6.23794561e-12
6.78940681e+01 6.56519020e-12
6.45371540e+01 6.90977878e-12
6.13462172e+01 7.27265207e-12
5.83130511e+01 7.65480452e-12
5.54298552e+01 8.05728768e-12
5.26892142e+01 8.48121392e-12
5.00840799e+01 8.92776032e-12
4.76077523e+01 9.39817301e-12
4.52538628e+01 9.89377171e-12
4.30163576e+01 1.04159548e-11
4.08894823e+01 1.09662045e-11
3.88677669e+01 1.15460932e-11
3.69460121e+01 1.21572892e-11
3.51192753e+01 1.28015641e-11
3.33828586e+01 1.34808003e-11
3.17322963e+01 1.41969991e-11
3.01633435e+01 1.49522896e-11
2.86719650e+01 1.57198476e-11
2.72543253e+01 1.65555837e-11
2.59067786e+01 1.74369198e-11
2.46258592e+01 1.83664867e-11
2.34082728e+01 1.93470845e-11
2.22508880e+01 2.03816952e-11
2.11507282e+01 2.14734979e-11
2.01049642e+01 2.26258835e-11
1.91109062e+01 2.38424722e-11
1.81659979e+01 2.51271323e-11
1.72678090e+01 2.64840008e-11
1.64140297e+01 2.79175063e-11
1.56024641e+01 2.94323939e-11
1.48310251e+01 3.10343244e-11
1.40977287e+01 3.27261267e-11
1.34006890e+01 3.45155725e-11
1.27381132e+01 3.64094307e-11
1.21082975e+01 3.84149591e-11
1.15096220e+01 4.05382256e-11
1.09405471e+01 4.27878280e-11
1.03996091e+01 4.51721740e-11
9.88541702e+00 4.77003728e-11
9.39664831e+00 5.03825170e-11
8.93204600e+00 5.32294468e-11
8.49041520e+00 5.62529941e-11
8.07062014e+00 5.94660017e-11
7.67158118e+00 6.28824580e-11
7.29227206e+00 6.65176184e-11
6.93171728e+00 7.03881237e-11
6.58898955e+00 7.45121590e-11
6.26320745e+00 7.89096114e-11
5.95353313e+00 8.36022556e-11
5.65917016e+00 8.86139545e-11
5.37936150e+00 9.39708848e-11
5.11338754e+00 9.97017859e-11
4.86056423e+00 1.05838236e-10
4.62024137e+00 1.12414960e-10
4.39180089e+00 1.19470163e-10
4.17465529e+00 1.27045909e-10
3.96824610e+00 1.35188533e-10
3.77204249e+00 1.43949091e-10
3.58553986e+00 1.53383865e-10
3.40825855e+00 1.63554908e-10
3.23974263e+00 1.74530648e-10
3.07955871e+00 1.86386545e-10
2.92729484e+00 1.99205810e-10
2.78255940e+00 2.13080183e-10
2.64498018e+00 2.28110790e-10
2.51420335e+00 2.44409051e-10
2.38989257e+00 2.62097682e-10
2.27172813e+00 2.81311754e-10
2.15940615e+00 3.01953953e-10
2.05263775e+00 3.24636182e-10
1.95114835e+00 3.49331534e-10
1.85467692e+00 3.76236760e-10
1.76297538e+00 4.05567487e-10
1.67580786e+00 4.38054763e-10
1.59295021e+00 4.73020336e-10
1.51418933e+00 5.11193657e-10
1.43932264e+00 5.52875549e-10
1.36815763e+00 5.98398182e-10
1.30051125e+00 6.48121623e-10
1.23620954e+00 7.02435221e-10
1.17508713e+00 7.61758828e-10
1.11698682e+00 8.26543835e-10
1.06175918e+00 8.97273916e-10
1.00926219e+00 9.74465432e-10
9.59360829e-01 1.05866737e-09
9.11926760e-01 1.15046078e-09
8.66837993e-01 1.25045746e-09
8.23978568e-01 1.35930553e-09
7.83238260e-01 1.47765797e-09
7.44512291e-01 1.60620930e-09
7.07701066e-01 1.74566441e-09
6.72709914e-01 1.89673833e-09
6.39448843e-01 2.06014830e-09
6.07832313e-01 2.23660425e-09
5.77779012e-01 2.42679766e-09
5.49211648e-01 2.63138866e-09
5.22056753e-01 2.85099136e-09
4.96244488e-01 3.08615721e-09
4.71708469e-01 3.33735644e-09
4.48385595e-01 3.60495719e-09
4.26215883e-01 3.88920219e-09
4.05142317e-01 4.19018230e-09
3.85110700e-01 4.50780629e-09
3.66069515e-01 4.84176580e-09
3.47969790e-01 5.19149447e-09
3.30764978e-01 5.55612023e-09
3.14410830e-01 5.93440993e-09
2.98865287e-01 6.32470675e-09
2.84088369e-01 6.72486177e-09
2.70042072e-01 7.13216331e-09
2.56690272e-01 7.54327000e-09
2.43998630e-01 7.95415629e-09
2.31934506e-01 8.36008150e-09
2.20466874e-01 8.75559550e-09
2.09566240e-01 9.13459406e-09
1.99204571e-01 9.49043521e-09
1.89355218e-01 9.81612323e-09
1.79992851e-01 1.01045596e-08
1.71093391e-01 1.03488507e-08
1.62633950e-01 1.05426522e-08
1.54592774e-01 1.06805209e-08
1.46949180e-01 1.07582399e-08
1.39683512e-01 1.07730820e-08
1.32777083e-01 1.07239826e-08
1.26212131e-01 1.06116036e-08
1.19971774e-01 1.04387756e-08
1.14039960e-01 1.02101810e-08
1.08401436e-01 9.92992855e-09
1.03041699e-01 9.59747493e-09
9.79469667e-02 9.23044784e-09
9.31041349e-02 8.83170087e-09
8.85007491e-02 8.40853967e-09
8.41249705e-02 7.96807796e-09
7.99655453e-02 7.51722540e-09
7.60117762e-02 7.06220442e-09
7.22534949e-02 6.60868261e-09
6.86810359e-02 5.98356648e-09
6.52852114e-02 5.57582788e-09
6.20572881e-02 5.30328557e-09
5.89889643e-02 4.89831641e-09
5.60723488e-02 4.51256221e-09
5.32999408e-02 4.14753528e-09
5.06646101e-02 3.80418294e-09
4.81595791e-02 3.48295558e-09
4.57784054e-02 3.18387796e-09
4.35149650e-02 2.90662099e-09
4.13634368e-02 2.65057124e-09
3.93182876e-02 2.41489599e-09
3.73742574e-02 2.19860225e-09
3.55263468e-02 2.00058873e-09
3.37698031e-02 1.81969037e-09
3.21001090e-02 1.65471522e-09
3.05129702e-02 1.50447417e-09
2.90043049e-02 1.36780400e-09
2.75702333e-02 1.24358455e-09
2.62070670e-02 1.13075084e-09
2.49113003e-02 1.02830088e-09
2.36796007e-02 9.35688021e-10
2.25088005e-02 8.51208081e-10
2.13958887e-02 7.74506488e-10
2.03380031e-02 7.04858144e-10
1.93324229e-02 6.41512173e-10
1.83765620e-02 5.84116161e-10
1.74679622e-02 5.31957910e-10
1.66042866e-02 4.84541152e-10
1.57833141e-02 4.41417567e-10
1.50029332e-02 4.02182596e-10
1.42611371e-02 3.66471433e-10
1.35560179e-02 3.33955241e-10
1.28857621e-02 3.04337623e-10
1.22486461e-02 2.77351375e-10
1.16430313e-02 2.52755512e-10
1.10673602e-02 2.30348755e-10
1.05201522e-02 2.09899871e-10
1.00000000e-02 1.91249445e-10
