1.00000000e+20 0.00000000e+00
9.50556592e+19 0.00000000e+00
9.03557835e+19 0.00000000e+00
8.58882856e+19 0.00000000e+00
8.16416760e+19 0.00000000e+00
7.76050334e+19 0.00000000e+00
7.37679760e+19 0.00000000e+00
7.01206359e+19 0.00000000e+00
6.66536327e+19 0.00000000e+00
6.33580499e+19 0.00000000e+00
6.02254120e+19 0.00000000e+00
5.72476624e+19 0.00000000e+00
5.44171429e+19 0.00000000e+00
5.17265739e+19 0.00000000e+00
4.91690358e+19 0.00000000e+00
4.67379511e+19 0.00000000e+00
4.44270675e+19 0.00000000e+00
4.22304419e+19 0.00000000e+00
4.01424249e+19 0.00000000e+00
3.81576466e+19 0.00000000e+00
3.62710025e+19 0.00000000e+00
3.44776405e+19 0.00000000e+00
3.27729485e+19 0.00000000e+00
3.11525422e+19 0.00000000e+00
2.96122544e+19 0.00000000e+00
2.81481236e+19 0.00000000e+00
2.67563844e+19 0.00000000e+00
2.54334576e+19 0.00000000e+00
2.41759408e+19 0.00000000e+00
2.29805999e+19 0.00000000e+00
2.18443607e+19 0.00000000e+00
2.07643011e+19 0.00000000e+00
1.97376433e+19 0.00000000e+00
1.87617469e+19 0.00000000e+00
1.78341022e+19 0.00000000e+00
1.69523234e+19 0.00000000e+00
1.61141428e+19 0.00000000e+00
1.53174046e+19 0.00000000e+00
1.45600600e+19 0.00000000e+00
1.38401610e+19 0.00000000e+00
1.31558562e+19 0.00000000e+00
1.25053859e+19 0.00000000e+00
1.18870770e+19 0.00000000e+00
1.12993394e+19 0.00000000e+00
1.07406615e+19 0.00000000e+00
1.02096066e+19 0.00000000e+00
9.70480888e+18 0.00000000e+00
9.22497005e+18 0.00000000e+00
8.76885609e+18 0.00000000e+00
8.33529397e+18 0.00000000e+00
7.92316862e+18 0.00000000e+00
7.53142017e+18 0.00000000e+00
7.15904109e+18 0.00000000e+00
6.80507370e+18 0.00000000e+00
6.46860766e+18 0.00000000e+00
6.14877765e+18 0.00000000e+00
5.84476113e+18 0.00000000e+00
5.55577622e+18 0.00000000e+00
5.28107971e+18 0.00000000e+00
5.01996513e+18 0.00000000e+00
4.77176095e+18 0.00000000e+00
4.53582883e+18 0.00000000e+00
4.31156199e+18 0.00000000e+00
4.09838367e+18 0.00000000e+00
3.89574562e+18 0.00000000e+00
3.70312668e+18 0.00000000e+00
3.52003147e+18 0.00000000e+00
3.34598912e+18 0.00000000e+00
3.18055202e+18 0.00000000e+00
3.02329468e+18 0.00000000e+00
2.87381269e+18 0.00000000e+00
2.73172160e+18 0.00000000e+00
2.59665597e+18 0.00000000e+00
2.46826845e+18 0.00000000e+00
2.34622885e+18 0.00000000e+00
2.23022330e+18 0.00000000e+00
2.11995346e+18 0.00000000e+00
2.01513573e+18 0.00000000e+00
1.91550056e+18 0.00000000e+00
1.82079168e+18 0.00000000e+00
1.73076553e+18 0.00000000e+00
1.64519059e+18 0.00000000e+00
1.56384676e+18 0.00000000e+00
1.48652484e+18 0.00000000e+00
1.41302599e+18 0.00000000e+00
1.34316117e+18 0.00000000e+00
1.27675070e+18 0.00000000e+00
1.21362380e+18 0.00000000e+00
1.15361810e+18 0.00000000e+00
1.09657929e+18 0.00000000e+00
1.04236067e+18 0.00000000e+00
9.90822810e+17 0.00000000e+00
9.41833153e+17 0.00000000e+00
8.95265713e+17 0.00000000e+00
8.51000725e+17 0.00000000e+00
8.08924349e+17 0.00000000e+00
7.68928372e+17 0.00000000e+00
7.30909933e+17 0.00000000e+00
6.94771255e+17 0.00000000e+00
6.60419396e+17 0.00000000e+00
6.27766011e+17 0.00000000e+00
5.96727120e+17 0.00000000e+00
5.67222897e+17 0.00000000e+00
5.39177464e+17 0.00000000e+00
5.12518693e+17 0.00000000e+00
4.87178022e+17 0.00000000e+00
4.63090280e+17 0.00000000e+00
4.40193519e+17 0.00000000e+00
4.18428851e+17 1.53490592e-57
3.97740302e+17 7.44428079e-56
3.78074666e+17 3.01261765e-54
3.59381366e+17 1.01182569e-52
3.41612327e+17 2.55597285e-51
3.24721849e+17 6.15014972e-50
3.08666494e+17 1.10725341e-48
2.93404971e+17 1.98715767e-47
2.78898029e+17 2.91386040e-46
2.65108360e+17 3.46093893e-45
2.52000499e+17 4.11073168e-44
2.39540736e+17 3.95487810e-43
2.27697026e+17 3.46020631e-42
2.16438909e+17 2.90602431e-41
2.05737431e+17 1.84459654e-40
1.95565072e+17 1.30561277e-39
1.85895668e+17 7.67401894e-39
1.76704353e+17 3.97971351e-38
1.67967487e+17 1.79578260e-37
1.59662602e+17 8.85850920e-37
1.51768339e+17 3.48963586e-36
1.44264395e+17 1.50899446e-35
1.37131472e+17 5.12887308e-35
1.30351224e+17 1.74743822e-34
1.23906216e+17 5.93931193e-34
1.17779870e+17 2.02355965e-33
1.11956432e+17 5.41904377e-33
1.06420924e+17 1.59300585e-32
1.01159111e+17 3.73959589e-32
9.61574600e+16 9.59703119e-32
9.14031075e+16 2.14299987e-31
8.68838264e+16 5.48588707e-31
8.25879939e+16 1.08352785e-30
7.85045620e+16 2.41949828e-30
7.46230289e+16 4.76684485e-30
7.09334120e+16 9.89828222e-30
6.74262224e+16 1.75659532e-29
6.40924402e+16 3.28797645e-29
6.09234915e+16 5.24714636e-29
5.79112265e+16 8.58468443e-29
5.50478981e+16 1.56616100e-28
5.23261424e+16 2.46041316e-28
4.97389596e+16 3.52866049e-28
4.72796959e+16 5.63124397e-28
4.49420266e+16 9.21309501e-28
4.27199397e+16 1.40898309e-27
4.06077203e+16 1.86908361e-27
3.85999362e+16 2.57441576e-27
3.66914238e+16 3.69217231e-27
3.48772747e+16 5.89219075e-27
3.31528234e+16 7.46428974e-27
3.15136348e+16 9.39886397e-27
2.99554933e+16 1.16306248e-26
2.84743917e+16 1.67188561e-26
2.70665207e+16 2.01240441e-26
2.57282597e+16 2.56093529e-26
2.44561668e+16 2.97567970e-26
2.32469706e+16 3.58141172e-26
2.20975611e+16 4.42924570e-26
2.10049824e+16 5.57716648e-26
1.99664245e+16 7.06806521e-26
1.89792164e+16 6.89813274e-26
1.80408193e+16 8.69273229e-26
1.71488197e+16 1.07685125e-25
1.63009236e+16 1.05255890e-25
1.54949504e+16 1.27148335e-25
1.47288272e+16 1.48410485e-25
1.40005838e+16 1.65213075e-25
1.33083472e+16 1.85594459e-25
1.26503372e+16 1.97084912e-25
1.20248614e+16 2.21055697e-25
1.14303113e+16 2.57580652e-25
1.08651577e+16 2.54049541e-25
1.03279473e+16 3.06564441e-25
9.81729841e+15 3.07679260e-25
9.33189772e+15 3.78848550e-25
8.87049689e+15 3.77892864e-25
8.43190929e+15 3.77015674e-25
8.01500696e+15 4.82350596e-25
7.61871770e+15 4.87327007e-25
7.24202233e+15 4.77185128e-25
6.88395207e+15 4.87716020e-25
6.54358602e+15 6.17890831e-25
6.22004883e+15 6.38486516e-25
5.91250841e+15 6.29091561e-25
5.62017385e+15 6.55248093e-25
5.34229330e+15 6.86894284e-25
5.07815211e+15 8.02907511e-25
4.82707097e+15 8.29587969e-25
4.58840413e+15 8.54927710e-25
4.36153779e+15 1.12894946e-24
4.14588850e+15 1.10074731e-24
3.94090164e+15 1.07388300e-24
3.74605003e+15 1.05020842e-24
3.56083255e+15 1.02439056e-24
3.38477286e+15 1.24624555e-24
3.21741815e+15 1.26000480e-24
3.05833803e+15 1.37588942e-24
2.90712338e+15 1.38183481e-24
2.76338529e+15 1.53091507e-24
2.62675410e+15 1.71440897e-24
2.49687843e+15 1.74477587e-24
2.37342425e+15 1.75817476e-24
2.25607407e+15 1.80720212e-24
2.14452608e+15 2.01863151e-24
2.03849340e+15 2.11609610e-24
1.93770334e+15 2.10679993e-24
1.84189668e+15 2.50265366e-24
1.75082703e+15 2.44008054e-24
1.66426018e+15 2.67450184e-24
1.58197348e+15 2.81737709e-24
1.50375532e+15 2.89281838e-24
1.42940453e+15 2.95808654e-24
1.35872990e+15 2.98770011e-24
1.29154967e+15 3.43305391e-24
1.22769105e+15 3.35284203e-24
1.16698982e+15 3.35549182e-24
1.10928986e+15 4.31053040e-24
1.05444279e+15 4.09260489e-24
1.00230755e+15 4.26027362e-24
9.52750047e+14 4.75127396e-24
9.05642838e+14 4.84407934e-24
8.60864770e+14 5.08999972e-24
8.18300682e+14 5.30915963e-24
7.77841107e+14 5.55873061e-24
7.39381992e+14 6.17846744e-24
7.02824426e+14 6.11696426e-24
6.68074392e+14 6.41219835e-24
6.35042517e+14 6.55996907e-24
6.03643851e+14 7.10785067e-24
5.73797641e+14 8.00892135e-24
5.45427131e+14 8.55441101e-24
5.18459354e+14 8.16940169e-24
4.92824957e+14 8.75741544e-24
4.68458012e+14 9.22315848e-24
4.45295851e+14 9.39034418e-24
4.23278907e+14 1.03144870e-23
4.02350555e+14 1.12640700e-23
3.82456972e+14 1.12661623e-23
3.63546996e+14 1.17630455e-23
3.45571994e+14 1.23265477e-23
3.28485737e+14 1.27314215e-23
3.12244282e+14 1.38378839e-23
2.96805861e+14 1.43559929e-23
2.82130768e+14 1.60759356e-23
2.68181261e+14 1.62379588e-23
2.54921465e+14 1.72112519e-23
2.42317279e+14 1.76954890e-23
2.30336287e+14 1.89466197e-23
2.18947676e+14 1.96498102e-23
2.08122157e+14 2.08560039e-23
1.97831888e+14 2.21273571e-23
1.88050406e+14 2.28905784e-23
1.78752553e+14 2.46267934e-23
1.69914417e+14 2.56904912e-23
1.61513269e+14 2.69304469e-23
1.53527503e+14 2.84915857e-23
1.45936580e+14 3.00435340e-23
1.38720978e+14 3.14438821e-23
1.31862140e+14 3.31068241e-23
1.25342427e+14 3.48943381e-23
1.19145070e+14 3.66771619e-23
1.13254132e+14 3.83443520e-23
1.07654461e+14 4.01173555e-23
1.02331658e+14 4.25804394e-23
9.72720319e+13 4.52010888e-23
9.24625712e+13 4.72232766e-23
8.78909065e+13 4.97820175e-23
8.35452806e+13 5.24551507e-23
7.94145172e+13 5.44792927e-23
7.54879928e+13 5.76313970e-23
7.17556092e+13 6.06943120e-23
6.82077673e+13 6.37747399e-23
6.48353429e+13 6.71737816e-23
6.16296626e+13 7.04934714e-23
5.85824820e+13 7.49356791e-23
5.56859644e+13 7.81592268e-23
5.29326606e+13 8.28306101e-23
5.03154895e+13 8.63266747e-23
4.78277202e+13 9.13252657e-23
4.54629547e+13 9.59232594e-23
4.32151113e+13 1.00706181e-22
4.10784089e+13 1.06803214e-22
3.90473524e+13 1.11868459e-22
3.71167182e+13 1.17481875e-22
3.52815412e+13 1.23525316e-22
3.35371015e+13 1.29558984e-22
3.18789129e+13 1.37133363e-22
3.03027108e+13 1.43807273e-22
2.88044415e+13 1.51480380e-22
2.73802518e+13 1.59412440e-22
2.60264788e+13 1.67678673e-22
2.47396410e+13 1.75905315e-22
2.35164288e+13 1.85925995e-22
2.23536965e+13 1.95352166e-22
2.12484535e+13 2.05659228e-22
2.01978576e+13 2.15801576e-22
1.91992067e+13 2.26758140e-22
1.82499324e+13 2.39571006e-22
1.73475936e+13 2.51804632e-22
1.64898694e+13 2.64952355e-22
1.56745541e+13 2.78022634e-22
1.48995507e+13 2.92376712e-22
1.41628662e+13 3.07771021e-22
1.34626058e+13 3.24033690e-22
1.27969687e+13 3.41252899e-22
1.21642429e+13 3.58688460e-22
1.15628013e+13 3.76943250e-22
1.09910970e+13 3.97416857e-22
1.04476597e+13 4.17897231e-22
9.93109181e+12 4.39393041e-22
9.44006479e+12 4.61907396e-22
8.97331581e+12 4.85933553e-22
8.52964450e+12 5.11368219e-22
8.10790981e+12 5.37968443e-22
7.70702711e+12 5.66098473e-22
7.32596543e+12 5.95152810e-22
6.96374473e+12 6.26177577e-22
6.61943346e+12 6.58989984e-22
6.29214611e+12 6.93027991e-22
5.98104096e+12 7.29616730e-22
5.68531791e+12 7.67568454e-22
5.40421642e+12 8.07218589e-22
5.13701354e+12 8.48633569e-22
4.88302209e+12 8.93631025e-22
4.64158883e+12 9.39788184e-22
4.41209286e+12 9.88253721e-22
4.19394396e+12 1.03949578e-21
3.98658107e+12 1.09360496e-21
3.78947092e+12 1.15107371e-21
3.60210656e+12 1.21121002e-21
3.42400614e+12 1.27390883e-21
3.25471161e+12 1.33939217e-21
3.09378757e+12 1.40939917e-21
2.94082017e+12 1.48304544e-21
2.79541600e+12 1.55950902e-21
2.65720111e+12 1.64102793e-21
2.52582003e+12 1.72692787e-21
2.40093488e+12 1.81648391e-21
2.28222447e+12 1.91077742e-21
2.16938352e+12 2.00990638e-21
2.06212180e+12 2.11471759e-21
1.96016347e+12 2.22510146e-21
1.86324631e+12 2.34024919e-21
1.77112106e+12 2.46264514e-21
1.68355080e+12 2.59027969e-21
1.60031031e+12 2.72530270e-21
1.52118552e+12 2.86682741e-21
1.44597292e+12 3.01616323e-21
1.37447909e+12 3.17314666e-21
1.30652016e+12 3.33766904e-21
1.24192135e+12 3.51149642e-21
1.18051653e+12 3.69413968e-21
1.12214777e+12 3.88639584e-21
1.06666496e+12 4.08903462e-21
1.01392541e+12 4.30118595e-21
9.63793480e+11 4.52527325e-21
9.16140246e+11 4.76015093e-21
8.70843150e+11 5.00763063e-21
8.27785697e+11 5.26849033e-21
7.86857151e+11 5.54211229e-21
7.47952252e+11 5.83071527e-21
7.10970943e+11 6.13378311e-21
6.75818117e+11 6.45319580e-21
6.42403366e+11 6.78887012e-21
6.10640754e+11 7.14169825e-21
5.80448594e+11 7.51313097e-21
5.51749238e+11 7.90435433e-21
5.24468875e+11 8.31607337e-21
4.98537346e+11 8.74853888e-21
4.73887961e+11 9.20343750e-21
4.50457325e+11 9.68223365e-21
4.28185180e+11 1.01855238e-20
4.07014245e+11 1.07151370e-20
3.86890074e+11 1.12725085e-20
3.67760910e+11 1.18586019e-20
3.49577557e+11 1.24759318e-20
3.32293252e+11 1.31243767e-20
3.15863541e+11 1.38071339e-20
3.00246171e+11 1.45256088e-20
2.85400977e+11 1.52808289e-20
2.71289780e+11 1.60757098e-20
2.57876289e+11 1.69120995e-20
2.45126006e+11 1.77912079e-20
2.33006141e+11 1.87172380e-20
2.21485523e+11 1.96908369e-20
2.10534524e+11 2.07152643e-20
2.00124980e+11 2.17928103e-20
1.90230119e+11 2.29261980e-20
1.80824493e+11 2.41185521e-20
1.71883914e+11 2.53731399e-20
1.63385388e+11 2.66935180e-20
1.55307057e+11 2.80820185e-20
1.47628147e+11 2.95422437e-20
1.40328908e+11 3.10785696e-20
1.33390569e+11 3.26954294e-20
1.26795285e+11 3.43964771e-20
1.20526094e+11 3.61855353e-20
1.14566873e+11 3.80675918e-20
1.08902296e+11 4.00471247e-20
1.03517796e+11 4.21305891e-20
9.83995230e+10 4.43219960e-20
9.35343152e+10 4.66271776e-20
8.89096599e+10 4.90530862e-20
8.45136633e+10 5.16039486e-20
8.03350198e+10 5.42881506e-20
7.63629826e+10 5.71122251e-20
7.25873365e+10 6.00830541e-20
6.89983712e+10 6.32085769e-20
6.55868566e+10 6.64962734e-20
6.23440189e+10 6.99551578e-20
5.92615181e+10 7.35934348e-20
5.63314267e+10 7.74213948e-20
5.35462090e+10 8.14481456e-20
5.08987019e+10 8.56856080e-20
4.83820966e+10 9.01424918e-20
4.59899209e+10 9.48310467e-20
4.37160225e+10 9.97637880e-20
4.15545533e+10 1.04952487e-19
3.94999546e+10 1.10411582e-19
3.75469422e+10 1.16154734e-19
3.56904935e+10 1.22197235e-19
3.39258338e+10 1.28553805e-19
3.22484250e+10 1.35239851e-19
3.06539530e+10 1.42274326e-19
2.91383170e+10 1.49674687e-19
2.76976194e+10 1.57459424e-19
2.63281547e+10 1.65650125e-19
2.50264010e+10 1.74266182e-19
2.37890104e+10 1.83331080e-19
2.26128007e+10 1.92867014e-19
2.14947467e+10 2.02899094e-19
2.04319732e+10 2.13452881e-19
1.94217468e+10 2.24555860e-19
1.84614695e+10 2.36236026e-19
1.75486715e+10 2.48524207e-19
1.66810054e+10 2.61450957e-19
1.58562396e+10 2.75050166e-19
1.50722531e+10 2.89357340e-19
1.43270295e+10 3.04408017e-19
1.36186524e+10 3.20242531e-19
1.29452998e+10 3.36899907e-19
1.23052400e+10 3.54423734e-19
1.16968270e+10 3.72859590e-19
1.11184960e+10 3.92253818e-19
1.05687597e+10 4.12656547e-19
1.00462042e+10 4.34121029e-19
9.54948564e+09 4.56700487e-19
9.07732653e+09 4.80457517e-19
8.62851257e+09 5.05448778e-19
8.20188950e+09 5.31739247e-19
7.79636013e+09 5.59398167e-19
7.41088152e+09 5.88495116e-19
7.04446228e+09 6.19106694e-19
6.69616005e+09 6.51308564e-19
6.36507908e+09 6.85186311e-19
6.05036788e+09 7.20827200e-19
5.75121707e+09 7.58321083e-19
5.46685730e+09 7.97765204e-19
5.19655724e+09 8.39261106e-19
4.93962174e+09 8.82915658e-19
4.69539001e+09 9.28840336e-19
4.46323393e+09 9.77155354e-19
4.24255643e+09 1.02798149e-18
4.03278998e+09 1.08145186e-18
3.83339510e+09 1.13770377e-18
3.64385898e+09 1.19688167e-18
3.46369418e+09 1.25913774e-18
3.29243733e+09 1.32463302e-18
3.12964801e+09 1.39353447e-18
2.97490755e+09 1.46601880e-18
2.82781798e+09 1.54227377e-18
2.68800102e+09 1.62249591e-18
2.55509709e+09 1.70688928e-18
2.42876438e+09 1.79567538e-18
2.30867799e+09 1.88907668e-18
2.19452909e+09 1.98733725e-18
2.08602409e+09 2.09070937e-18
1.98288395e+09 2.19945767e-18
1.88484341e+09 2.31386256e-18
1.79165033e+09 2.43421858e-18
1.70306503e+09 2.56083564e-18
1.61885969e+09 2.69403795e-18
1.53881775e+09 2.83416777e-18
1.46273336e+09 2.98158723e-18
1.39041083e+09 3.13667681e-18
1.32166418e+09 3.29983187e-18
1.25631660e+09 3.47147357e-18
1.19420003e+09 3.65204159e-18
1.13515471e+09 3.84200433e-18
1.07902879e+09 4.04184696e-18
1.02567793e+09 4.25208447e-18
9.74964918e+08 4.47325813e-18
9.26759330e+08 4.70593491e-18
8.80937190e+08 4.95071459e-18
8.37380654e+08 5.20822741e-18
7.95977700e+08 5.47913372e-18
7.56621850e+08 5.76413326e-18
7.19211887e+08 6.06395528e-18
6.83651600e+08 6.37937333e-18
6.49849535e+08 6.71119871e-18
6.17718760e+08 7.06028238e-18
5.87176639e+08 7.42752535e-18
5.58144625e+08 7.81386920e-18
5.30548053e+08 8.22030925e-18
5.04315949e+08 8.64789011e-18
4.79380850e+08 9.09771296e-18
4.55678627e+08 9.57093167e-18
4.33148322e+08 1.00687666e-17
4.11731993e+08 1.05924947e-17
3.91374560e+08 1.11434663e-17
3.72023668e+08 1.17230959e-17
3.53629550e+08 1.23328743e-17
3.36144900e+08 1.29743724e-17
3.19524751e+08 1.36492375e-17
3.03726358e+08 1.43592053e-17
2.88709092e+08 1.51061018e-17
2.74434330e+08 1.58918501e-17
2.60865362e+08 1.67184672e-17
2.47967289e+08 1.75880825e-17
2.35706941e+08 1.85029305e-17
2.24052787e+08 1.94653640e-17
2.12974854e+08 2.04778603e-17
2.02444651e+08 2.15430192e-17
1.92435098e+08 2.26635847e-17
1.82920450e+08 2.38424361e-17
1.73876240e+08 2.50826057e-17
1.65279206e+08 2.63872822e-17
1.57107239e+08 2.77598237e-17
1.49339322e+08 2.92037567e-17
1.41955477e+08 3.07227962e-17
1.34936714e+08 3.23208496e-17
1.28264983e+08 3.40020249e-17
1.21923125e+08 3.57706473e-17
1.15894830e+08 3.76312655e-17
1.10164595e+08 3.95886634e-17
1.04717682e+08 4.16478769e-17
9.95400829e+07 4.38142005e-17
9.46184819e+07 4.60932059e-17
8.99402217e+07 4.84907540e-17
8.54932707e+07 5.10130114e-17
8.12661920e+07 5.36664642e-17
7.72481145e+07 5.64579365e-17
7.34287045e+07 5.93946084e-17
6.97981391e+07 6.24840306e-17
6.63470812e+07 6.57341523e-17
6.30666554e+07 6.91533294e-17
5.99484250e+07 7.27503542e-17
5.69843706e+07 7.65344803e-17
5.41668691e+07 8.05154383e-17
5.14886745e+07 8.47034660e-17
4.89428990e+07 8.91093351e-17
4.65229952e+07 9.37443764e-17
4.42227398e+07 9.86205108e-17
4.20362168e+07 1.03750277e-16
3.99578030e+07 1.09146871e-16
3.79821531e+07 1.14824169e-16
3.61041860e+07 1.20796774e-16
3.43190720e+07 1.27080044e-16
3.26222201e+07 1.33690140e-16
3.10092664e+07 1.40644063e-16
2.94760626e+07 1.47959694e-16
2.80186656e+07 1.55655850e-16
2.66333273e+07 1.63752323e-16
2.53164848e+07 1.72269936e-16
2.40647515e+07 1.81230595e-16
2.28749082e+07 1.90657344e-16
2.17438948e+07 2.00574427e-16
2.06688025e+07 2.11007349e-16
1.96468665e+07 2.21982942e-16
1.86754584e+07 2.33529435e-16
1.77520801e+07 2.45676519e-16
1.68743568e+07 2.58455436e-16
1.60400311e+07 2.71899053e-16
1.52469573e+07 2.86041942e-16
1.44930957e+07 3.00920477e-16
1.37765077e+07 3.16572920e-16
1.30953502e+07 3.33039531e-16
1.24478715e+07 3.50362655e-16
1.18324063e+07 3.68586845e-16
1.12473718e+07 3.87758972e-16
1.06912634e+07 4.07928340e-16
1.01626509e+07 4.29146823e-16
9.66017480e+06 4.51468989e-16
9.18254284e+06 4.74952248e-16
8.72852662e+06 4.99656994e-16
8.29695852e+06 5.25646762e-16
7.88672862e+06 5.52988395e-16
7.49678187e+06 5.81752209e-16
7.12611543e+06 6.12012179e-16
6.77377600e+06 6.43846127e-16
6.43885743e+06 6.77335926e-16
6.12049837e+06 7.12567704e-16
5.81788007e+06 7.49632073e-16
5.53022426e+06 7.88624351e-16
5.25679112e+06 8.29644823e-16
4.99687745e+06 8.72798981e-16
4.74981480e+06 9.18197817e-16
4.51496777e+06 9.65958080e-16
4.29173238e+06 1.01620260e-15
4.07953450e+06 1.06906061e-15
3.87782841e+06 1.12466804e-15
3.68609536e+06 1.18316790e-15
3.50384225e+06 1.24471064e-15
3.33060034e+06 1.30945455e-15
3.16592411e+06 1.37756612e-15
3.00939003e+06 1.44922054e-15
2.86059554e+06 1.52460207e-15
2.71915794e+06 1.60390459e-15
2.58471351e+06 1.68733205e-15
2.45691646e+06 1.77509902e-15
2.33543814e+06 1.86743120e-15
2.21996612e+06 1.96456606e-15
2.11020343e+06 2.06675341e-15
2.00586778e+06 2.17425607e-15
1.90669084e+06 2.28735050e-15
1.81241755e+06 2.40632756e-15
1.72280545e+06 2.53149325e-15
1.63762407e+06 2.66316946e-15
1.55665436e+06 2.80169485e-15
1.47968806e+06 2.94742566e-15
1.40652724e+06 3.10073670e-15
1.33698374e+06 3.26202225e-15
1.27087871e+06 3.43169712e-15
1.20804213e+06 3.61019766e-15
1.14831241e+06 3.79798296e-15
1.09153594e+06 3.99553596e-15
1.03756668e+06 4.20336473e-15
9.86265846e+05 4.42200376e-15
9.37501502e+05 4.65201537e-15
8.91148232e+05 4.89399110e-15
8.47086827e+05 5.14855325e-15
8.05203967e+05 5.41635653e-15
7.65391939e+05 5.69808968e-15
7.27548353e+05 5.99447725e-15
6.91575883e+05 6.30628151e-15
6.57382014e+05 6.63430436e-15
6.24878807e+05 6.97938941e-15
5.93982669e+05 7.34242417e-15
5.64614142e+05 7.72434229e-15
5.36697695e+05 8.12612600e-15
5.10161531e+05 8.54880861e-15
4.84937407e+05 8.99347720e-15
4.60960449e+05 9.46127537e-15
4.38168993e+05 9.95340622e-15
4.16504425e+05 1.04711354e-14
3.95911027e+05 1.10157945e-14
3.76335836e+05 1.15887842e-14
3.57728510e+05 1.21915781e-14
3.40041193e+05 1.28257266e-14
3.23228398e+05 1.34928606e-14
3.07246884e+05 1.41946958e-14
2.92055551e+05 1.49330372e-14
2.77615329e+05 1.57097837e-14
2.63889081e+05 1.65269331e-14
2.50841506e+05 1.73865867e-14
2.38439047e+05 1.82909557e-14
2.26649808e+05 1.92423658e-14
2.15443469e+05 2.02432639e-14
2.04791210e+05 2.12962242e-14
1.94665634e+05 2.24039547e-14
1.85040702e+05 2.35693043e-14
1.75891659e+05 2.47952702e-14
1.67194976e+05 2.60850054e-14
1.58928287e+05 2.74418267e-14
1.51070330e+05 2.88692239e-14
1.43600898e+05 3.03708680e-14
1.36500781e+05 3.19506209e-14
1.29751717e+05 3.36125457e-14
1.23336350e+05 3.53609165e-14
1.17238180e+05 3.72002299e-14
1.11441525e+05 3.91352164e-14
1.05931476e+05 4.11708526e-14
1.00693863e+05 4.33123738e-14
9.57152154e+04 4.55652878e-14
9.09827289e+04 4.79353889e-14
8.64842328e+04 5.04287726e-14
8.22081576e+04 5.30518518e-14
7.81435061e+04 5.58113726e-14
7.42798248e+04 5.87144323e-14
7.06071771e+04 6.17684974e-14
6.71161177e+04 6.49814226e-14
6.37976681e+04 6.83614712e-14
6.06432940e+04 7.19173366e-14
5.76448828e+04 7.56581642e-14
5.47947234e+04 7.95935750e-14
5.20854855e+04 8.37336909e-14
4.95102016e+04 8.80891600e-14
4.70622485e+04 9.26711842e-14
4.47353305e+04 9.74915486e-14
4.25234633e+04 1.02562651e-13
4.04209584e+04 1.07897534e-13
3.84224085e+04 1.13509919e-13
3.65226736e+04 1.19414241e-13
3.47168682e+04 1.25625686e-13
3.30003479e+04 1.32160230e-13
3.13686982e+04 1.39034679e-13
2.98177229e+04 1.46266717e-13
2.83434331e+04 1.53874943e-13
2.69420371e+04 1.61878926e-13
2.56099310e+04 1.70299254e-13
2.43436887e+04 1.79157584e-13
2.31400538e+04 1.88476702e-13
2.19959307e+04 1.98280576e-13
2.09083769e+04 2.08594423e-13
1.98745955e+04 2.19444774e-13
1.88919278e+04 2.30859536e-13
1.79578465e+04 2.42868072e-13
1.70699493e+04 2.55501268e-13
1.62259529e+04 2.68791622e-13
1.54236865e+04 2.82773319e-13
1.46610868e+04 2.97482324e-13
1.39361927e+04 3.12956473e-13
1.32471399e+04 3.29235572e-13
1.25921561e+04 3.46361495e-13
1.19695570e+04 3.64378298e-13
1.13777413e+04 3.83332328e-13
1.08151870e+04 4.03272342e-13
1.02804473e+04 4.24249636e-13
9.77214697e+03 4.46318175e-13
9.28897872e+03 4.69534732e-13
8.82969996e+03 4.93959034e-13
8.39312950e+03 5.19653915e-13
7.97814457e+03 5.46685480e-13
7.58367791e+03 5.75123275e-13
7.20871503e+03 6.05040464e-13
6.85229160e+03 6.36514018e-13
6.51349095e+03 6.69624916e-13
6.19144176e+03 7.04458350e-13
5.88531578e+03 7.41103946e-13
5.59432571e+03 7.79655995e-13
5.31772318e+03 8.20213698e-13
5.05479682e+03 8.62881416e-13
4.80487044e+03 9.07768947e-13
4.56730127e+03 9.54991799e-13
4.34147833e+03 1.00467150e-12
4.12682085e+03 1.05693590e-12
3.92277676e+03 1.11191950e-12
3.72882131e+03 1.16976383e-12
3.54445567e+03 1.23061774e-12
3.36920571e+03 1.29463789e-12
3.20262069e+03 1.36198905e-12
3.04427221e+03 1.43284460e-12
2.89375302e+03 1.50738694e-12
2.75067601e+03 1.58580796e-12
2.61467321e+03 1.66830956e-12
2.48539486e+03 1.75510416e-12
2.36250847e+03 1.84641522e-12
2.24569800e+03 1.94247788e-12
2.13466303e+03 2.04353951e-12
2.02911802e+03 2.14986036e-12
1.92879151e+03 2.26171427e-12
1.83342548e+03 2.37938934e-12
1.74277468e+03 2.50318867e-12
1.65660596e+03 2.63343120e-12
1.57469771e+03 2.77045245e-12
1.49683929e+03 2.91460549e-12
1.42283046e+03 3.06626175e-12
1.35248087e+03 3.22581208e-12
1.28560961e+03 3.39366767e-12
1.22204469e+03 3.57026122e-12
1.16162263e+03 3.75604796e-12
1.10418805e+03 3.95150691e-12
1.04959323e+03 4.15714207e-12
9.97697764e+02 4.37348379e-12
9.48368187e+02 4.60109008e-12
9.01477631e+02 4.84054812e-12
8.56905505e+02 5.09247575e-12
8.14537177e+02 5.35752312e-12
7.74263683e+02 5.63637433e-12
7.35981448e+02 5.92974929e-12
6.99592017e+02 6.23840553e-12
6.65001803e+02 6.56314021e-12
6.32121848e+02 6.90479222e-12
6.00867589e+02 7.26424437e-12
5.71158648e+02 7.64242568e-12
5.42918618e+02 8.04031386e-12
5.16074871e+02 8.45893785e-12
4.90558371e+02 8.89938052e-12
4.66303493e+02 9.36278158e-12
4.43247859e+02 9.85034051e-12
4.21332174e+02 1.03633198e-11
4.00500076e+02 1.09030482e-11
3.80697987e+02 1.14709244e-11
3.61874981e+02 1.20684206e-11
3.43982649e+02 1.26970864e-11
3.26974974e+02 1.33585531e-11
3.10808217e+02 1.40545380e-11
2.95440800e+02 1.47868488e-11
2.80833200e+02 1.55573887e-11
2.66947849e+02 1.63681615e-11
2.53749038e+02 1.72212769e-11
2.41202821e+02 1.81189562e-11
2.29276931e+02 1.90635383e-11
2.17940698e+02 2.00574864e-11
2.07164968e+02 2.11033942e-11
1.96922026e+02 2.22039935e-11
1.87185529e+02 2.33621613e-11
1.77930439e+02 2.45809280e-11
1.69132952e+02 2.58634859e-11
1.60770442e+02 2.72131978e-11
1.52821404e+02 2.86336066e-11
1.45265393e+02 3.01284454e-11
1.38082977e+02 3.17016479e-11
1.31255684e+02 3.33573594e-11
1.24765955e+02 3.50999494e-11
1.18597101e+02 3.69340234e-11
1.12733256e+02 3.88644368e-11
1.07159340e+02 4.08963090e-11
1.01861017e+02 4.30350386e-11
9.68246612e+01 4.52863193e-11
9.20373200e+01 4.76561572e-11
8.74866812e+01 5.01508891e-11
8.31610415e+01 5.27772019e-11
7.90492762e+01 5.55421532e-11
7.51408106e+01 5.84531938e-11
7.14255929e+01 6.15181911e-11
6.78940681e+01 6.47454548e-11
6.45371540e+01 6.81437637e-11
6.13462172e+01 7.17223952e-11
5.83130511e+01 7.54911564e-11
5.54298552e+01 7.94604177e-11
5.26892142e+01 8.36411491e-11
5.00840799e+01 8.80449591e-11
4.76077523e+01 9.26841367e-11
4.52538628e+01 9.75716970e-11
4.30163576e+01 1.02721430e-10
4.08894823e+01 1.08147956e-10
3.88677669e+01 1.13866778e-10
3.69460121e+01 1.19894351e-10
3.51192753e+01 1.26248146e-10
3.33828586e+01 1.32946727e-10
3.17322963e+01 1.40009830e-10
3.01633435e+01 1.47458453e-10
2.86719650e+01 1.55028058e-10
2.72543253e+01 1.63270029e-10
2.59067786e+01 1.71961706e-10
2.46258592e+01 1.81129031e-10
2.34082728e+01 1.90799618e-10
2.22508880e+01 2.01002878e-10
2.11507282e+01 2.11770162e-10
2.01049642e+01 2.23134909e-10
1.91109062e+01 2.35132824e-10
1.81659979e+01 2.47802053e-10
1.72678090e+01 2.61183397e-10
1.64140297e+01 2.75320529e-10
1.56024641e+01 2.90260247e-10
1.48310251e+01 3.06058375e-10
1.40977287e+01 3.22742814e-10
1.34006890e+01 3.40390206e-10
1.27381132e+01 3.59067305e-10
1.21082975e+01 3.78845688e-10
1.15096220e+01 3.99785197e-10
1.09405471e+01 4.21970621e-10
1.03996091e+01 4.45484877e-10
9.88541702e+00 4.70417800e-10
9.39664831e+00 4.96868923e-10
8.93204600e+00 5.24945148e-10
8.49041520e+00 5.54763164e-10
8.07062014e+00 5.86449625e-10
7.67158118e+00 6.20142481e-10
7.29227206e+00 6.55992183e-10
6.93171728e+00 6.94162841e-10
6.58898955e+00 7.34833794e-10
6.26320745e+00 7.78201168e-10
5.95353313e+00 8.24479703e-10
5.65917016e+00 8.73904733e-10
5.37936150e+00 9.26734411e-10
5.11338754e+00 9.83252164e-10
4.86056423e+00 1.04376942e-09
4.62024137e+00 1.10862861e-09
4.39180089e+00 1.17820654e-09
4.17465529e+00 1.25291803e-09
3.96824610e+00 1.33322003e-09
3.77204249e+00 1.41961605e-09
3.58553986e+00 1.51266114e-09
3.40825855e+00 1.61296727e-09
3.23974263e+00 1.72120927e-09
3.07955871e+00 1.83813131e-09
2.92729484e+00 1.96455401e-09
2.78255940e+00 2.10138213e-09
2.64498018e+00 2.24961294e-09
2.51420335e+00 2.41034528e-09
2.38989257e+00 2.58478934e-09
2.27172813e+00 2.77427719e-09
2.15940615e+00 2.97784915e-09
2.05263775e+00 3.20153973e-09
1.95114835e+00 3.44508359e-09
1.85467692e+00 3.71042108e-09
1.76297538e+00 3.99967870e-09
1.67580786e+00 4.32006599e-09
1.59295021e+00 4.66489406e-09
1.51418933e+00 5.04135673e-09
1.43932264e+00 5.45242069e-09
1.36815763e+00 5.90136177e-09
1.30051125e+00 6.39173093e-09
1.23620954e+00 6.92736790e-09
1.17508713e+00 7.51241324e-09
1.11698682e+00 8.15131853e-09
1.06175918e+00 8.84885373e-09
1.00926219e+00 9.61011115e-09
9.59360829e-01 1.04405049e-08
9.11926760e-01 1.13457652e-08
8.66837993e-01 1.23319256e-08
8.23978568e-01 1.34053778e-08
7.83238260e-01 1.45725614e-08
7.44512291e-01 1.58403258e-08
7.07701066e-01 1.72156225e-08
6.72709914e-01 1.87055032e-08
6.39448843e-01 2.03170411e-08
6.07832313e-01 2.20572375e-08
5.77779012e-01 2.39329118e-08
5.49211648e-01 2.59505742e-08
5.22056753e-01 2.81162809e-08
4.96244488e-01 3.04354704e-08
4.71708469e-01 3.29127799e-08
4.48385595e-01 3.55518402e-08
4.26215883e-01 3.83550449e-08
4.05142317e-01 4.13232901e-08
3.85110700e-01 4.44556760e-08
3.66069515e-01 4.77491617e-08
3.47969790e-01 5.11981619e-08
3.30764978e-01 5.47940761e-08
3.14410830e-01 5.85247431e-08
2.98865287e-01 6.23738235e-08
2.84088369e-01 6.63201249e-08
2.70042072e-01 7.03369047e-08
2.56690272e-01 7.43912106e-08
2.43998630e-01 7.84433430e-08
2.31934506e-01 8.24465495e-08
2.20466874e-01 8.63470814e-08
2.09566240e-01 9.00847392e-08
1.99204571e-01 9.35940201e-08
1.89355218e-01 9.68059331e-08
1.79992851e-01 9.96504728e-08
1.71093391e-01 1.02059655e-07
1.62633950e-01 1.03970912e-07
1.54592774e-01 1.05330564e-07
1.46949180e-01 1.06097023e-07
1.39683512e-01 1.06243395e-07
1.32777083e-01 1.05759180e-07
1.26212131e-01 1.04650906e-07
1.19971774e-01 1.02946488e-07
1.14039960e-01 1.00692104e-07
1.08401436e-01 9.79282734e-08
1.03041699e-01 9.46496386e-08
9.79469667e-02 9.10300426e-08
9.31041349e-02 8.70976274e-08
8.85007491e-02 8.29244407e-08
8.41249705e-02 7.85806375e-08
7.99655453e-02 7.41343606e-08
7.60117762e-02 6.96469749e-08
7.22534949e-02 6.51743740e-08
6.86810359e-02 5.90095216e-08
6.52852114e-02 5.49884316e-08
6.20572881e-02 5.23006380e-08
5.89889643e-02 4.83068600e-08
5.60723488e-02 4.45025786e-08
5.32999408e-02 4.09027081e-08
5.06646101e-02 3.75165909e-08
4.81595791e-02 3.43486687e-08
4.57784054e-02 3.13991858e-08
4.35149650e-02 2.86648966e-08
4.13634368e-02 2.61397515e-08
3.93182876e-02 2.38155384e-08
3.73742574e-02 2.16824644e-08
3.55263468e-02 1.97296687e-08
3.37698031e-02 1.79456615e-08
3.21001090e-02 1.63186879e-08
3.05129702e-02 1.48370209e-08
2.90043049e-02 1.34891891e-08
2.75702333e-02 1.22641454e-08
2.62070670e-02 1.11513871e-08
2.49113003e-02 1.01410327e-08
2.36796007e-02 9.22769100e-09
2.25088005e-02 8.39455563e-09
2.13958887e-02 7.63812979e-09
2.03380031e-02 6.95126260e-09
1.93324229e-02 6.32654898e-09
1.83765620e-02 5.76051346e-09
1.74679622e-02 5.24613237e-09
1.66042866e-02 4.77851156e-09
1.57833141e-02 4.35322972e-09
1.50029332e-02 3.96629713e-09
1.42611371e-02 3.61411610e-09
1.35560179e-02 3.29344365e-09
1.28857621e-02 3.00135673e-09
1.22486461e-02 2.73522021e-09
1.16430313e-02 2.49265749e-09
1.10673602e-02 2.27168360e-09
1.05201522e-02 2.07001811e-09
1.00000000e-02 1.88608889e-09
