1.00000000e+20 0.00000000e+00
9.50556592e+19 0.00000000e+00
9.03557835e+19 0.00000000e+00
8.58882856e+19 0.00000000e+00
8.16416760e+19 0.00000000e+00
7.76050334e+19 0.00000000e+00
7.37679760e+19 0.00000000e+00
7.01206359e+19 0.00000000e+00
6.66536327e+19 0.00000000e+00
6.33580499e+19 0.00000000e+00
6.02254120e+19 0.00000000e+00
5.72476624e+19 0.00000000e+00
5.44171429e+19 0.00000000e+00
5.17265739e+19 0.00000000e+00
4.91690358e+19 0.00000000e+00
4.67379511e+19 0.00000000e+00
4.44270675e+19 0.00000000e+00
4.22304419e+19 0.00000000e+00
4.01424249e+19 0.00000000e+00
3.81576466e+19 0.00000000e+00
3.62710025e+19 0.00000000e+00
3.44776405e+19 0.00000000e+00
3.27729485e+19 0.00000000e+00
3.11525422e+19 0.00000000e+00
2.96122544e+19 0.00000000e+00
2.81481236e+19 0.00000000e+00
2.67563844e+19 0.00000000e+00
2.54334576e+19 0.00000000e+00
2.41759408e+19 0.00000000e+00
2.29805999e+19 0.00000000e+00
2.18443607e+19 0.00000000e+00
2.07643011e+19 0.00000000e+00
1.97376433e+19 0.00000000e+00
1.87617469e+19 0.00000000e+00
1.78341022e+19 0.00000000e+00
1.69523234e+19 0.00000000e+00
1.61141428e+19 0.00000000e+00
1.53174046e+19 0.00000000e+00
1.45600600e+19 0.00000000e+00
1.38401610e+19 0.00000000e+00
1.31558562e+19 0.00000000e+00
1.25053859e+19 0.00000000e+00
1.18870770e+19 0.00000000e+00
1.12993394e+19 0.00000000e+00
1.07406615e+19 0.00000000e+00
1.02096066e+19 0.00000000e+00
9.70480888e+18 0.00000000e+00
9.22497005e+18 0.00000000e+00
8.76885609e+18 0.00000000e+00
8.33529397e+18 0.00000000e+00
7.92316862e+18 0.00000000e+00
7.53142017e+18 0.00000000e+00
7.15904109e+18 0.00000000e+00
6.80507370e+18 0.00000000e+00
6.46860766e+18 0.00000000e+00
6.14877765e+18 0.00000000e+00
5.84476113e+18 0.00000000e+00
5.55577622e+18 0.00000000e+00
5.28107971e+18 0.00000000e+00
5.01996513e+18 0.00000000e+00
4.77176095e+18 0.00000000e+00
4.53582883e+18 0.00000000e+00
4.31156199e+18 0.00000000e+00
4.09838367e+18 0.00000000e+00
3.89574562e+18 0.00000000e+00
3.70312668e+18 0.00000000e+00
3.52003147e+18 0.00000000e+00
3.34598912e+18 0.00000000e+00
3.18055202e+18 0.00000000e+00
3.02329468e+18 0.00000000e+00
2.87381269e+18 0.00000000e+00
2.73172160e+18 0.00000000e+00
2.59665597e+18 0.00000000e+00
2.46826845e+18 0.00000000e+00
2.34622885e+18 0.00000000e+00
2.23022330e+18 0.00000000e+00
2.11995346e+18 0.00000000e+00
2.01513573e+18 0.00000000e+00
1.91550056e+18 0.00000000e+00
1.82079168e+18 0.00000000e+00
1.73076553e+18 0.00000000e+00
1.64519059e+18 0.00000000e+00
1.56384676e+18 0.00000000e+00
1.48652484e+18 0.00000000e+00
1.41302599e+18 0.00000000e+00
1.34316117e+18 0.00000000e+00
1.27675070e+18 0.00000000e+00
1.21362380e+18 0.00000000e+00
1.15361810e+18 0.00000000e+00
1.09657929e+18 0.00000000e+00
1.04236067e+18 0.00000000e+00
9.90822810e+17 0.00000000e+00
9.41833153e+17 0.00000000e+00
8.95265713e+17 0.00000000e+00
8.51000725e+17 0.00000000e+00
8.08924349e+17 0.00000000e+00
7.68928372e+17 0.00000000e+00
7.30909933e+17 0.00000000e+00
6.94771255e+17 0.00000000e+00
6.60419396e+17 0.00000000e+00
6.27766011e+17 0.00000000e+00
5.96727120e+17 8.50008883e-46
5.67222897e+17 5.22837989e-44
5.39177464e+17 1.95291268e-42
5.12518693e+17 7.12372781e-41
4.87178022e+17 2.00146049e-39
4.63090280e+17 5.14930135e-38
4.40193519e+17 9.59366568e-37
4.18428851e+17 1.55040013e-35
3.97740302e+17 2.28336277e-34
3.78074666e+17 3.08997389e-33
3.59381366e+17 3.67011779e-32
3.41612327e+17 3.43753153e-31
3.24721849e+17 3.21327390e-30
3.08666494e+17 2.58867494e-29
2.93404971e+17 1.87578019e-28
2.78898029e+17 1.32838577e-27
2.65108360e+17 7.42403930e-27
2.52000499e+17 4.22904289e-26
2.39540736e+17 1.82710533e-25
2.27697026e+17 9.17436113e-25
2.16438909e+17 3.54862949e-24
2.05737431e+17 1.60527751e-23
1.95565072e+17 5.30723099e-23
1.85895668e+17 2.29496214e-22
1.76704353e+17 6.14585307e-22
1.67967487e+17 2.15267510e-21
1.59662602e+17 5.51065478e-21
1.51768339e+17 1.64980480e-20
1.44264395e+17 4.91132157e-20
1.37131472e+17 1.01982860e-19
1.30351224e+17 2.81446493e-19
1.23906216e+17 5.54499989e-19
1.17779870e+17 1.42302908e-18
1.11956432e+17 2.66684277e-18
1.06420924e+17 4.84998999e-18
1.01159111e+17 1.02424976e-17
9.61574600e+16 2.13127729e-17
9.14031075e+16 3.49776940e-17
8.68838264e+16 6.89123205e-17
8.25879939e+16 1.12745192e-16
7.85045620e+16 1.72424151e-16
7.46230289e+16 3.23133313e-16
7.09334120e+16 4.63429361e-16
6.74262224e+16 7.39567855e-16
6.40924402e+16 1.20998278e-15
6.09234915e+16 1.49725534e-15
5.79112265e+16 2.45472181e-15
5.50478981e+16 3.38105274e-15
5.23261424e+16 4.84901839e-15
4.97389596e+16 5.99493838e-15
4.72796959e+16 9.80295557e-15
4.49420266e+16 1.23435436e-14
4.27199397e+16 1.52741865e-14
4.06077203e+16 1.84047489e-14
3.85999362e+16 2.44149324e-14
3.66914238e+16 2.95159748e-14
3.48772747e+16 3.90674366e-14
3.31528234e+16 4.70230185e-14
3.15136348e+16 5.81382487e-14
2.99554933e+16 7.31725216e-14
2.84743917e+16 9.27039068e-14
2.70665207e+16 9.03830677e-14
2.57282597e+16 1.13831915e-13
2.44561668e+16 1.40886438e-13
2.32469706e+16 1.37398921e-13
2.20975611e+16 1.65597725e-13
2.10049824e+16 1.92655430e-13
1.99664245e+16 2.14355552e-13
1.89792164e+16 2.32995831e-13
1.80408193e+16 2.53090862e-13
1.71488197e+16 2.81230560e-13
1.63009236e+16 3.27200741e-13
1.54949504e+16 3.19554902e-13
1.47288272e+16 3.84765052e-13
1.40005838e+16 3.75922426e-13
1.33083472e+16 4.65488845e-13
1.26503372e+16 4.55256500e-13
1.20248614e+16 4.45614028e-13
1.14303113e+16 5.59992887e-13
1.08651577e+16 5.48206584e-13
1.03279473e+16 5.37578603e-13
9.81729841e+15 5.28222550e-13
9.33189772e+15 6.69178898e-13
8.87049689e+15 6.52703458e-13
8.43190929e+15 6.42776921e-13
8.01500696e+15 6.34487631e-13
7.61871770e+15 6.26700048e-13
7.24202233e+15 7.77847600e-13
6.88395207e+15 7.66459409e-13
6.54358602e+15 7.54498098e-13
6.22004883e+15 7.44497345e-13
5.91250841e+15 7.32089646e-13
5.62017385e+15 8.98455996e-13
5.34229330e+15 8.89504546e-13
5.07815211e+15 8.69826736e-13
4.82707097e+15 8.69693575e-13
4.58840413e+15 8.49704685e-13
4.36153779e+15 8.54392591e-13
4.14588850e+15 8.37965839e-13
3.94090164e+15 8.22433822e-13
3.74605003e+15 9.95761626e-13
3.56083255e+15 9.73556378e-13
3.38477286e+15 9.55638478e-13
3.21741815e+15 9.41346328e-13
3.05833803e+15 9.59027210e-13
2.90712338e+15 9.43858934e-13
2.76338529e+15 9.26291467e-13
2.62675410e+15 9.17072651e-13
2.49687843e+15 9.43038676e-13
2.37342425e+15 1.05166778e-12
2.25607407e+15 1.04241253e-12
2.14452608e+15 1.03143208e-12
2.03849340e+15 1.01181809e-12
1.93770334e+15 9.92096240e-13
1.84189668e+15 1.03515717e-12
1.75082703e+15 1.01883243e-12
1.66426018e+15 1.18418458e-12
1.58197348e+15 1.15572807e-12
1.50375532e+15 1.12901462e-12
1.42940453e+15 1.10076461e-12
1.35872990e+15 1.10388644e-12
1.29154967e+15 1.07721899e-12
1.22769105e+15 1.05208164e-12
1.16698982e+15 1.10206182e-12
1.10928986e+15 1.05242659e-12
1.05444279e+15 1.06477610e-12
1.00230755e+15 1.05640466e-12
9.52750047e+14 1.03792046e-12
9.05642838e+14 1.01821057e-12
8.60864770e+14 1.16972890e-12
8.18300682e+14 1.14166500e-12
7.77841107e+14 1.13011747e-12
7.39381992e+14 1.10403818e-12
7.02824426e+14 1.10686839e-12
6.68074392e+14 1.00363676e-12
6.35042517e+14 1.07098979e-12
6.03643851e+14 1.02076946e-12
5.73797641e+14 1.01693452e-12
5.45427131e+14 1.02901857e-12
5.18459354e+14 1.01279899e-12
4.92824957e+14 1.01845878e-12
4.68458012e+14 1.04208865e-12
4.45295851e+14 1.05838830e-12
4.23278907e+14 1.07077189e-12
4.02350555e+14 1.05819476e-12
3.82456972e+14 1.04531682e-12
3.63546996e+14 1.04173353e-12
3.45571994e+14 1.02224630e-12
3.28485737e+14 1.04687564e-12
3.12244282e+14 1.04118521e-12
2.96805861e+14 1.04270365e-12
2.82130768e+14 1.03333813e-12
2.68181261e+14 1.05871156e-12
2.54921465e+14 1.04756079e-12
2.42317279e+14 1.04982423e-12
2.30336287e+14 1.04060224e-12
2.18947676e+14 1.03481446e-12
2.08122157e+14 1.03335397e-12
1.97831888e+14 1.02475131e-12
1.88050406e+14 1.04467140e-12
1.78752553e+14 1.03308934e-12
1.69914417e+14 1.03465414e-12
1.61513269e+14 1.03404135e-12
1.53527503e+14 1.03152421e-12
1.45936580e+14 1.02917738e-12
1.38720978e+14 1.03845684e-12
1.31862140e+14 1.03664067e-12
1.25342427e+14 1.03317347e-12
1.19145070e+14 1.04150609e-12
1.13254132e+14 1.03516054e-12
1.07654461e+14 1.03380706e-12
1.02331658e+14 1.03983121e-12
9.72720319e+13 1.03192660e-12
9.24625712e+13 1.03706602e-12
8.78909065e+13 1.03698707e-12
8.35452806e+13 1.03346427e-12
7.94145172e+13 1.03637134e-12
7.54879928e+13 1.03290877e-12
7.17556092e+13 1.03098776e-12
6.82077673e+13 1.03622560e-12
6.48353429e+13 1.03146485e-12
6.16296626e+13 1.03288301e-12
5.85824820e+13 1.03490791e-12
5.56859644e+13 1.03362250e-12
5.29326606e+13 1.03445562e-12
5.03154895e+13 1.03412460e-12
4.78277202e+13 1.03304277e-12
4.54629547e+13 1.03240942e-12
4.32151113e+13 1.03415512e-12
4.10784089e+13 1.03385602e-12
3.90473524e+13 1.03362967e-12
3.71167182e+13 1.03290473e-12
3.52815412e+13 1.03282608e-12
3.35371015e+13 1.03202715e-12
3.18789129e+13 1.03153425e-12
3.03027108e+13 1.03113796e-12
2.88044415e+13 1.03111490e-12
2.73802518e+13 1.03118729e-12
2.60264788e+13 1.03199826e-12
2.47396410e+13 1.03300761e-12
2.35164288e+13 1.03167799e-12
2.23536965e+13 1.03226806e-12
2.12484535e+13 1.03146343e-12
2.01978576e+13 1.03160128e-12
1.91992067e+13 1.03113911e-12
1.82499324e+13 1.03073133e-12
1.73475936e+13 1.03152888e-12
1.64898694e+13 1.03126886e-12
1.56745541e+13 1.03126470e-12
1.48995507e+13 1.03079495e-12
1.41628662e+13 1.03092033e-12
1.34626058e+13 1.03128794e-12
1.27969687e+13 1.03083219e-12
1.21642429e+13 1.03141302e-12
1.15628013e+13 1.03092209e-12
1.09910970e+13 1.03100822e-12
1.04476597e+13 1.03049673e-12
9.93109181e+12 1.03092535e-12
9.44006479e+12 1.03094858e-12
8.97331581e+12 1.03096077e-12
8.52964450e+12 1.03089054e-12
8.10790981e+12 1.03077806e-12
7.70702711e+12 1.03047704e-12
7.32596543e+12 1.03078291e-12
6.96374473e+12 1.03066733e-12
6.61943346e+12 1.03035032e-12
6.29214611e+12 1.03018102e-12
5.98104096e+12 1.03044984e-12
5.68531791e+12 1.03062978e-12
5.40421642e+12 1.03095166e-12
5.13701354e+12 1.03067863e-12
4.88302209e+12 1.03031954e-12
4.64158883e+12 1.03067716e-12
4.41209286e+12 1.03050911e-12
4.19394396e+12 1.03064932e-12
3.98658107e+12 1.03065474e-12
3.78947092e+12 1.03053020e-12
3.60210656e+12 1.03047630e-12
3.42400614e+12 1.03058905e-12
3.25471161e+12 1.03045067e-12
3.09378757e+12 1.03043680e-12
2.94082017e+12 1.03053177e-12
2.79541600e+12 1.03053536e-12
2.65720111e+12 1.03036184e-12
2.52582003e+12 1.03049850e-12
2.40093488e+12 1.03055624e-12
2.28222447e+12 1.03058798e-12
2.16938352e+12 1.03040081e-12
2.06212180e+12 1.03049895e-12
1.96016347e+12 1.03044083e-12
1.86324631e+12 1.03037382e-12
1.77112106e+12 1.03038334e-12
1.68355080e+12 1.03041696e-12
1.60031031e+12 1.03047669e-12
1.52118552e+12 1.03038130e-12
1.44597292e+12 1.03038489e-12
1.37447909e+12 1.03047690e-12
1.30652016e+12 1.03037607e-12
1.24192135e+12 1.03037234e-12
1.18051653e+12 1.03034631e-12
1.12214777e+12 1.03037329e-12
1.06666496e+12 1.03032074e-12
1.01392541e+12 1.03039968e-12
9.63793480e+11 1.03035919e-12
9.16140246e+11 1.03037684e-12
8.70843150e+11 1.03035771e-12
8.27785697e+11 1.03035673e-12
7.86857151e+11 1.03037773e-12
7.47952252e+11 1.03034152e-12
7.10970943e+11 1.03031885e-12
6.75818117e+11 1.03033497e-12
6.42403366e+11 1.03032564e-12
6.10640754e+11 1.03033769e-12
5.80448594e+11 1.03032826e-12
5.51749238e+11 1.03034657e-12
5.24468875e+11 1.03034248e-12
4.98537346e+11 1.03035868e-12
4.73887961e+11 1.03033423e-12
4.50457325e+11 1.03031634e-12
4.28185180e+11 1.03032522e-12
4.07014245e+11 1.03033288e-12
3.86890074e+11 1.03033127e-12
3.67760910e+11 1.03032411e-12
3.49577557e+11 1.03032795e-12
3.32293252e+11 1.03031552e-12
3.15863541e+11 1.03032913e-12
3.00246171e+11 1.03030249e-12
2.85400977e+11 1.03030789e-12
2.71289780e+11 1.03030404e-12
2.57876289e+11 1.03031282e-12
2.45126006e+11 1.03031264e-12
2.33006141e+11 1.03032489e-12
2.21485523e+11 1.03032126e-12
2.10534524e+11 1.03031003e-12
2.00124980e+11 1.03032569e-12
1.90230119e+11 1.03031845e-12
1.80824493e+11 1.03030411e-12
1.71883914e+11 1.03030868e-12
1.63385388e+11 1.03030275e-12
1.55307057e+11 1.03030064e-12
1.47628147e+11 1.03031189e-12
1.40328908e+11 1.03030857e-12
1.33390569e+11 1.03030985e-12
1.26795285e+11 1.03030571e-12
1.20526094e+11 1.03030865e-12
1.14566873e+11 1.03030636e-12
1.08902296e+11 1.03030870e-12
1.03517796e+11 1.03030837e-12
9.83995230e+10 1.03030574e-12
9.35343152e+10 1.03030455e-12
8.89096599e+10 1.03031033e-12
8.45136633e+10 1.03030761e-12
8.03350198e+10 1.03030667e-12
7.63629826e+10 1.03030441e-12
7.25873365e+10 1.03030460e-12
6.89983712e+10 1.03030687e-12
6.55868566e+10 1.03030192e-12
6.23440189e+10 1.03030392e-12
5.92615181e+10 1.03030381e-12
5.63314267e+10 1.03030682e-12
5.35462090e+10 1.03030318e-12
5.08987019e+10 1.03030272e-12
4.83820966e+10 1.03030255e-12
4.59899209e+10 1.03030290e-12
4.37160225e+10 1.03030354e-12
4.15545533e+10 1.03030451e-12
3.94999546e+10 1.03030375e-12
3.75469422e+10 1.03030152e-12
3.56904935e+10 1.03030366e-12
3.39258338e+10 1.03030315e-12
3.22484250e+10 1.03030278e-12
3.06539530e+10 1.03030199e-12
2.91383170e+10 1.03030267e-12
2.76976194e+10 1.03030243e-12
2.63281547e+10 1.03030018e-12
2.50264010e+10 1.03030242e-12
2.37890104e+10 1.03030309e-12
2.26128007e+10 1.03030179e-12
2.14947467e+10 1.03030102e-12
2.04319732e+10 1.03030107e-12
1.94217468e+10 1.03030121e-12
1.84614695e+10 1.03030225e-12
1.75486715e+10 1.03030082e-12
1.66810054e+10 1.03030118e-12
1.58562396e+10 1.03030259e-12
1.50722531e+10 1.03030134e-12
1.43270295e+10 1.03030202e-12
1.36186524e+10 1.03030061e-12
1.29452998e+10 1.03030118e-12
1.23052400e+10 1.03030162e-12
1.16968270e+10 1.03030118e-12
1.11184960e+10 1.03030149e-12
1.05687597e+10 1.03030080e-12
1.00462042e+10 1.03030176e-12
9.54948564e+09 1.03030075e-12
9.07732653e+09 1.03030038e-12
8.62851257e+09 1.03030118e-12
8.20188950e+09 1.03030125e-12
7.79636013e+09 1.03030028e-12
7.41088152e+09 1.03030047e-12
7.04446228e+09 1.03030183e-12
6.69616005e+09 1.03029995e-12
6.36507908e+09 1.03030182e-12
6.05036788e+09 1.03030183e-12
5.75121707e+09 1.03030115e-12
5.46685730e+09 1.03030036e-12
5.19655724e+09 1.03030048e-12
4.93962174e+09 1.03030086e-12
4.69539001e+09 1.03029981e-12
4.46323393e+09 1.03030069e-12
4.24255643e+09 1.03030094e-12
4.03278998e+09 1.03030047e-12
3.83339510e+09 1.03030086e-12
3.64385898e+09 1.03030074e-12
3.46369418e+09 1.03030057e-12
3.29243733e+09 1.03030052e-12
3.12964801e+09 1.03030073e-12
2.97490755e+09 1.03030012e-12
2.82781798e+09 1.03030105e-12
2.68800102e+09 1.03030063e-12
2.55509709e+09 1.03030057e-12
2.42876438e+09 1.03030030e-12
2.30867799e+09 1.03030090e-12
2.19452909e+09 1.03030042e-12
2.08602409e+09 1.03030056e-12
1.98288395e+09 1.03030057e-12
1.88484341e+09 1.03030064e-12
1.79165033e+09 1.03030072e-12
1.70306503e+09 1.03030085e-12
1.61885969e+09 1.03030043e-12
1.53881775e+09 1.03030081e-12
1.46273336e+09 1.03030066e-12
1.39041083e+09 1.03030050e-12
1.32166418e+09 1.03030082e-12
1.25631660e+09 1.03030042e-12
1.19420003e+09 1.03030046e-12
1.13515471e+09 1.03030064e-12
1.07902879e+09 1.03030035e-12
1.02567793e+09 1.03030065e-12
9.74964918e+08 1.03030065e-12
9.26759330e+08 1.03030054e-12
8.80937190e+08 1.03030052e-12
8.37380654e+08 1.03030047e-12
7.95977700e+08 1.03030054e-12
7.56621850e+08 1.03030048e-12
7.19211887e+08 1.03030057e-12
6.83651600e+08 1.03030047e-12
6.49849535e+08 1.03030059e-12
6.17718760e+08 1.03030055e-12
5.87176639e+08 1.03030055e-12
5.58144625e+08 1.03030058e-12
5.30548053e+08 1.03030058e-12
5.04315949e+08 1.03030058e-12
4.79380850e+08 1.03030056e-12
4.55678627e+08 1.03030056e-12
4.33148322e+08 1.03030060e-12
4.11731993e+08 1.03030058e-12
3.91374560e+08 1.03030061e-12
3.72023668e+08 1.03030055e-12
3.53629550e+08 1.03030057e-12
3.36144900e+08 1.03030051e-12
3.19524751e+08 1.03030048e-12
3.03726358e+08 1.03030053e-12
2.88709092e+08 1.03030051e-12
2.74434330e+08 1.03030061e-12
2.60865362e+08 1.03030054e-12
2.47967289e+08 1.03030054e-12
2.35706941e+08 1.03030059e-12
2.24052787e+08 1.03030053e-12
2.12974854e+08 1.03030056e-12
2.02444651e+08 1.03030054e-12
1.92435098e+08 1.03030057e-12
1.82920450e+08 1.03030053e-12
1.73876240e+08 1.03030056e-12
1.65279206e+08 1.03030054e-12
1.57107239e+08 1.03030061e-12
1.49339322e+08 1.03030057e-12
1.41955477e+08 1.03030061e-12
1.34936714e+08 1.03030059e-12
1.28264983e+08 1.03030058e-12
1.21923125e+08 1.03030061e-12
1.15894830e+08 1.03030059e-12
1.10164595e+08 1.03030061e-12
1.04717682e+08 1.03030060e-12
9.95400829e+07 1.03030063e-12
9.46184819e+07 1.03030064e-12
8.99402217e+07 1.03030062e-12
8.54932707e+07 1.03030065e-12
8.12661920e+07 1.03030063e-12
7.72481145e+07 1.03030065e-12
7.34287045e+07 1.03030065e-12
6.97981391e+07 1.03030066e-12
6.63470812e+07 1.03030068e-12
6.30666554e+07 1.03030069e-12
5.99484250e+07 1.03030070e-12
5.69843706e+07 1.03030071e-12
5.41668691e+07 1.03030072e-12
5.14886745e+07 1.03030074e-12
4.89428990e+07 1.03030075e-12
4.65229952e+07 1.03030075e-12
4.42227398e+07 1.03030078e-12
4.20362168e+07 1.03030078e-12
3.99578030e+07 1.03030080e-12
3.79821531e+07 1.03030082e-12
3.61041860e+07 1.03030083e-12
3.43190720e+07 1.03030085e-12
3.26222201e+07 1.03030088e-12
3.10092664e+07 1.03030089e-12
2.94760626e+07 1.03030091e-12
2.80186656e+07 1.03030093e-12
2.66333273e+07 1.03030096e-12
2.53164848e+07 1.03030098e-12
2.40647515e+07 1.03030101e-12
2.28749082e+07 1.03030104e-12
2.17438948e+07 1.03030107e-12
2.06688025e+07 1.03030109e-12
1.96468665e+07 1.03030112e-12
1.86754584e+07 1.03030116e-12
1.77520801e+07 1.03030119e-12
1.68743568e+07 1.03030123e-12
1.60400311e+07 1.03030127e-12
1.52469573e+07 1.03030131e-12
1.44930957e+07 1.03030135e-12
1.37765077e+07 1.03030139e-12
1.30953502e+07 1.03030144e-12
1.24478715e+07 1.03030149e-12
1.18324063e+07 1.03030155e-12
1.12473718e+07 1.03030160e-12
1.06912634e+07 1.03030166e-12
1.01626509e+07 1.03030172e-12
9.66017480e+06 1.03030178e-12
9.18254284e+06 1.03030185e-12
8.72852662e+06 1.03030192e-12
8.29695852e+06 1.03030200e-12
7.88672862e+06 1.03030208e-12
7.49678187e+06 1.03030216e-12
7.12611543e+06 1.03030225e-12
6.77377600e+06 1.03030234e-12
6.43885743e+06 1.03030243e-12
6.12049837e+06 1.03030254e-12
5.81788007e+06 1.03030264e-12
5.53022426e+06 1.03030275e-12
5.25679112e+06 1.03030287e-12
4.99687745e+06 1.03030300e-12
4.74981480e+06 1.03030313e-12
4.51496777e+06 1.03030326e-12
4.29173238e+06 1.03030341e-12
4.07953450e+06 1.03030356e-12
3.87782841e+06 1.03030372e-12
3.68609536e+06 1.03030389e-12
3.50384225e+06 1.03030406e-12
3.33060034e+06 1.03030425e-12
3.16592411e+06 1.03030445e-12
3.00939003e+06 1.03030465e-12
2.86059554e+06 1.03030487e-12
2.71915794e+06 1.03030510e-12
2.58471351e+06 1.03030534e-12
2.45691646e+06 1.03030559e-12
2.33543814e+06 1.03030585e-12
2.21996612e+06 1.03030613e-12
2.11020343e+06 1.03030643e-12
2.00586778e+06 1.03030674e-12
1.90669084e+06 1.03030706e-12
1.81241755e+06 1.03030740e-12
1.72280545e+06 1.03030776e-12
1.63762407e+06 1.03030814e-12
1.55665436e+06 1.03030854e-12
1.47968806e+06 1.03030896e-12
1.40652724e+06 1.03030940e-12
1.33698374e+06 1.03030986e-12
1.27087871e+06 1.03031035e-12
1.20804213e+06 1.03031086e-12
1.14831241e+06 1.03031140e-12
1.09153594e+06 1.03031197e-12
1.03756668e+06 1.03031257e-12
9.86265846e+05 1.03031320e-12
9.37501502e+05 1.03031386e-12
8.91148232e+05 1.03031456e-12
8.47086827e+05 1.03031529e-12
8.05203967e+05 1.03031606e-12
7.65391939e+05 1.03031687e-12
7.27548353e+05 1.03031772e-12
6.91575883e+05 1.03031862e-12
6.57382014e+05 1.03031956e-12
6.24878807e+05 1.03032055e-12
5.93982669e+05 1.03032159e-12
5.64614142e+05 1.03032269e-12
5.36697695e+05 1.03032385e-12
5.10161531e+05 1.03032506e-12
4.84937407e+05 1.03032634e-12
4.60960449e+05 1.03032769e-12
4.38168993e+05 1.03032910e-12
4.16504425e+05 1.03033059e-12
3.95911027e+05 1.03033215e-12
3.76335836e+05 1.03033380e-12
3.57728510e+05 1.03033553e-12
3.40041193e+05 1.03033736e-12
3.23228398e+05 1.03033928e-12
3.07246884e+05 1.03034129e-12
2.92055551e+05 1.03034342e-12
2.77615329e+05 1.03034565e-12
2.63889081e+05 1.03034800e-12
2.50841506e+05 1.03035047e-12
2.38439047e+05 1.03035307e-12
2.26649808e+05 1.03035580e-12
2.15443469e+05 1.03035868e-12
2.04791210e+05 1.03036171e-12
1.94665634e+05 1.03036489e-12
1.85040702e+05 1.03036824e-12
1.75891659e+05 1.03037177e-12
1.67194976e+05 1.03037548e-12
1.58928287e+05 1.03037938e-12
1.51070330e+05 1.03038348e-12
1.43600898e+05 1.03038780e-12
1.36500781e+05 1.03039234e-12
1.29751717e+05 1.03039712e-12
1.23336350e+05 1.03040214e-12
1.17238180e+05 1.03040743e-12
1.11441525e+05 1.03041299e-12
1.05931476e+05 1.03041884e-12
1.00693863e+05 1.03042500e-12
9.57152154e+04 1.03043148e-12
9.09827289e+04 1.03043829e-12
8.64842328e+04 1.03044546e-12
8.22081576e+04 1.03045300e-12
7.81435061e+04 1.03046093e-12
7.42798248e+04 1.03046928e-12
7.06071771e+04 1.03047806e-12
6.71161177e+04 1.03048730e-12
6.37976681e+04 1.03049701e-12
6.06432940e+04 1.03050724e-12
5.76448828e+04 1.03051799e-12
5.47947234e+04 1.03052931e-12
5.20854855e+04 1.03054121e-12
4.95102016e+04 1.03055373e-12
4.70622485e+04 1.03056690e-12
4.47353305e+04 1.03058076e-12
4.25234633e+04 1.03059534e-12
4.04209584e+04 1.03061068e-12
3.84224085e+04 1.03062681e-12
3.65226736e+04 1.03064379e-12
3.47168682e+04 1.03066165e-12
3.30003479e+04 1.03068043e-12
3.13686982e+04 1.03070020e-12
2.98177229e+04 1.03072099e-12
2.83434331e+04 1.03074286e-12
2.69420371e+04 1.03076588e-12
2.56099310e+04 1.03079008e-12
2.43436887e+04 1.03081555e-12
2.31400538e+04 1.03084235e-12
2.19959307e+04 1.03087053e-12
2.09083769e+04 1.03090019e-12
1.98745955e+04 1.03093138e-12
1.88919278e+04 1.03096420e-12
1.79578465e+04 1.03099873e-12
1.70699493e+04 1.03103505e-12
1.62259529e+04 1.03107327e-12
1.54236865e+04 1.03111347e-12
1.46610868e+04 1.03115576e-12
1.39361927e+04 1.03120025e-12
1.32471399e+04 1.03124706e-12
1.25921561e+04 1.03129631e-12
1.19695570e+04 1.03134811e-12
1.13777413e+04 1.03140261e-12
1.08151870e+04 1.03145995e-12
1.02804473e+04 1.03152027e-12
9.77214697e+03 1.03158373e-12
9.28897872e+03 1.03165049e-12
8.82969996e+03 1.03172073e-12
8.39312950e+03 1.03179462e-12
7.97814457e+03 1.03187236e-12
7.58367791e+03 1.03195414e-12
7.20871503e+03 1.03204017e-12
6.85229160e+03 1.03213069e-12
6.51349095e+03 1.03222592e-12
6.19144176e+03 1.03232610e-12
5.88531578e+03 1.03243149e-12
5.59432571e+03 1.03254238e-12
5.31772318e+03 1.03265903e-12
5.05479682e+03 1.03278175e-12
4.80487044e+03 1.03291087e-12
4.56730127e+03 1.03304670e-12
4.34147833e+03 1.03318961e-12
4.12682085e+03 1.03333996e-12
3.92277676e+03 1.03349813e-12
3.72882131e+03 1.03366454e-12
3.54445567e+03 1.03383961e-12
3.36920571e+03 1.03402380e-12
3.20262069e+03 1.03421758e-12
3.04427221e+03 1.03442146e-12
2.89375302e+03 1.03463595e-12
2.75067601e+03 1.03486161e-12
2.61467321e+03 1.03509903e-12
2.48539486e+03 1.03534882e-12
2.36250847e+03 1.03561161e-12
2.24569800e+03 1.03588810e-12
2.13466303e+03 1.03617900e-12
2.02911802e+03 1.03648505e-12
1.92879151e+03 1.03680705e-12
1.83342548e+03 1.03714584e-12
1.74277468e+03 1.03750228e-12
1.65660596e+03 1.03787731e-12
1.57469771e+03 1.03827188e-12
1.49683929e+03 1.03868704e-12
1.42283046e+03 1.03912384e-12
1.35248087e+03 1.03958342e-12
1.28560961e+03 1.04006697e-12
1.22204469e+03 1.04057576e-12
1.16162263e+03 1.04111109e-12
1.10418805e+03 1.04167435e-12
1.04959323e+03 1.04226702e-12
9.97697764e+02 1.04289063e-12
9.48368187e+02 1.04354679e-12
9.01477631e+02 1.04423723e-12
8.56905505e+02 1.04496373e-12
8.14537177e+02 1.04572820e-12
7.74263683e+02 1.04653261e-12
7.35981448e+02 1.04737907e-12
6.99592017e+02 1.04826979e-12
6.65001803e+02 1.04920709e-12
6.32121848e+02 1.05019343e-12
6.00867589e+02 1.05123138e-12
5.71158648e+02 1.05232367e-12
5.42918618e+02 1.05347316e-12
5.16074871e+02 1.05468286e-12
4.90558371e+02 1.05595594e-12
4.66303493e+02 1.05729577e-12
4.43247859e+02 1.05870586e-12
4.21332174e+02 1.06018993e-12
4.00500076e+02 1.06175190e-12
3.80697987e+02 1.06339589e-12
3.61874981e+02 1.06512626e-12
3.43982649e+02 1.06694759e-12
3.26974974e+02 1.06886471e-12
3.10808217e+02 1.07088272e-12
2.95440800e+02 1.07300699e-12
2.80833200e+02 1.07524320e-12
2.66947849e+02 1.07759731e-12
2.53749038e+02 1.08007563e-12
2.41202821e+02 1.08268481e-12
2.29276931e+02 1.08543187e-12
2.17940698e+02 1.08832422e-12
2.07164968e+02 1.09136966e-12
1.96922026e+02 1.09457645e-12
1.87185529e+02 1.09795329e-12
1.77930439e+02 1.10150940e-12
1.69132952e+02 1.10525447e-12
1.60770442e+02 1.10919877e-12
1.52821404e+02 1.11335314e-12
1.45265393e+02 1.11772904e-12
1.38082977e+02 1.12233859e-12
1.31255684e+02 1.12719459e-12
1.24765955e+02 1.13231058e-12
1.18597101e+02 1.13770089e-12
1.12733256e+02 1.14338069e-12
1.07159340e+02 1.14936602e-12
1.01861017e+02 1.15567388e-12
9.68246612e+01 1.16232226e-12
9.20373200e+01 1.16933023e-12
8.74866812e+01 1.17671800e-12
8.31610415e+01 1.18450699e-12
7.90492762e+01 1.19271993e-12
7.51408106e+01 1.20138094e-12
7.14255929e+01 1.21051560e-12
6.78940681e+01 1.22015110e-12
6.45371540e+01 1.23031632e-12
6.13462172e+01 1.24104197e-12
5.83130511e+01 1.25236067e-12
5.54298552e+01 1.26441403e-12
5.26892142e+01 1.27702496e-12
5.00840799e+01 1.29034004e-12
4.76077523e+01 1.30440126e-12
4.52538628e+01 1.31925337e-12
4.30163576e+01 1.33494417e-12
4.08894823e+01 1.35152465e-12
3.88677669e+01 1.36904932e-12
3.69460121e+01 1.38757648e-12
3.51192753e+01 1.40716848e-12
3.33828586e+01 1.42789211e-12
3.17322963e+01 1.44981895e-12
3.01633435e+01 1.47302574e-12
2.86719650e+01 1.49482854e-12
2.72543253e+01 1.52051251e-12
2.59067786e+01 1.54769997e-12
2.46258592e+01 1.57648772e-12
2.34082728e+01 1.60725772e-12
2.22508880e+01 1.63956336e-12
2.11507282e+01 1.67380485e-12
2.01049642e+01 1.71011142e-12
1.91109062e+01 1.74862226e-12
1.81659979e+01 1.78948740e-12
1.72678090e+01 1.83286870e-12
1.64140297e+01 1.87894097e-12
1.56024641e+01 1.92862697e-12
1.48310251e+01 1.98064686e-12
1.40977287e+01 2.03585068e-12
1.34006890e+01 2.09463670e-12
1.27381132e+01 2.15724900e-12
1.21082975e+01 2.22398110e-12
1.15096220e+01 2.29508369e-12
1.09405471e+01 2.37091856e-12
1.03996091e+01 2.45184171e-12
9.88541702e+00 2.54008996e-12
9.39664831e+00 2.63236427e-12
8.93204600e+00 2.73101513e-12
8.49041520e+00 2.83655699e-12
8.07062014e+00 2.94955013e-12
7.67158118e+00 3.07060831e-12
7.29227206e+00 3.20040366e-12
6.93171728e+00 3.33967279e-12
6.58898955e+00 3.48922390e-12
6.26320745e+00 3.64994396e-12
5.95353313e+00 3.82280744e-12
5.65917016e+00 4.00888567e-12
5.37936150e+00 4.20935722e-12
5.11338754e+00 4.42551960e-12
4.86056423e+00 4.65755368e-12
4.62024137e+00 4.90958079e-12
4.39180089e+00 5.18204144e-12
4.17465529e+00 5.47685292e-12
3.96824610e+00 5.79613209e-12
3.77204249e+00 6.14221720e-12
3.58553986e+00 6.51769224e-12
3.40825855e+00 6.92541392e-12
3.23974263e+00 7.36854164e-12
3.07955871e+00 7.85057070e-12
2.92729484e+00 8.37536924e-12
2.78255940e+00 8.94721910e-12
2.64498018e+00 9.57086123e-12
2.51420335e+00 1.02515459e-11
2.38989257e+00 1.09950886e-11
2.27172813e+00 1.18008930e-11
2.15940615e+00 1.26883658e-11
2.05263775e+00 1.36600538e-11
1.95114835e+00 1.47247244e-11
1.85467692e+00 1.58920958e-11
1.76297538e+00 1.71906405e-11
1.67580786e+00 1.85992525e-11
1.59295021e+00 2.01465848e-11
1.51418933e+00 2.18472790e-11
1.43932264e+00 2.37175588e-11
1.36815763e+00 2.57753996e-11
1.30051125e+00 2.80407169e-11
1.23620954e+00 3.05355734e-11
1.17508713e+00 3.32844097e-11
1.11698682e+00 3.63142977e-11
1.06175918e+00 3.96552219e-11
1.00926219e+00 4.33403902e-11
9.59360829e-01 4.74065773e-11
9.11926760e-01 5.18945050e-11
8.66837993e-01 5.68492805e-11
8.23978568e-01 6.23208512e-11
7.83238260e-01 6.83644523e-11
7.44512291e-01 7.50412672e-11
7.07701066e-01 8.24190227e-11
6.72709914e-01 9.05726838e-11
6.39448843e-01 9.95852229e-11
6.07832313e-01 1.09548470e-10
5.77779012e-01 1.20564053e-10
5.49211648e-01 1.32744437e-10
5.22056753e-01 1.46214076e-10
4.96244488e-01 1.61110682e-10
4.71708469e-01 1.77586631e-10
4.48385595e-01 1.95810520e-10
4.26215883e-01 2.15968878e-10
4.05142317e-01 2.38268072e-10
3.85110700e-01 2.62936399e-10
3.66069515e-01 2.90226406e-10
3.47969790e-01 3.20417449e-10
3.30764978e-01 3.53818523e-10
3.14410830e-01 3.90771384e-10
2.98865287e-01 4.31653991e-10
2.84088369e-01 4.76884317e-10
2.70042072e-01 5.26924541e-10
2.56690272e-01 5.82285678e-10
2.43998630e-01 6.43532682e-10
2.31934506e-01 7.11290066e-10
2.20466874e-01 7.86248101e-10
2.09566240e-01 8.69169630e-10
1.99204571e-01 9.60897574e-10
1.89355218e-01 1.06236318e-09
1.79992851e-01 1.17459507e-09
1.71093391e-01 1.29872923e-09
1.62633950e-01 1.43601988e-09
1.54592774e-01 1.58785147e-09
1.46949180e-01 1.75575175e-09
1.39683512e-01 1.94140609e-09
1.32777083e-01 2.14667313e-09
1.26212131e-01 2.37360176e-09
1.19971774e-01 2.62444974e-09
1.14039960e-01 2.90170373e-09
1.08401436e-01 3.20810121e-09
1.03041699e-01 3.54665401e-09
9.79469667e-02 3.92067372e-09
9.31041349e-02 4.33379907e-09
8.85007491e-02 4.79002514e-09
8.41249705e-02 5.29373460e-09
7.99655453e-02 5.84973076e-09
7.60117762e-02 6.46327258e-09
7.22534949e-02 7.14011129e-09
6.86810359e-02 7.88652854e-09
6.52852114e-02 8.70937581e-09
6.20572881e-02 9.61611450e-09
5.89889643e-02 1.06148564e-08
5.60723488e-02 1.17144039e-08
5.32999408e-02 1.29242885e-08
5.06646101e-02 1.42548070e-08
4.81595791e-02 1.57170545e-08
4.57784054e-02 1.73229500e-08
4.35149650e-02 1.90852546e-08
4.13634368e-02 2.10175760e-08
3.93182876e-02 2.31343561e-08
3.73742574e-02 2.54508311e-08
3.55263468e-02 2.79829561e-08
3.37698031e-02 3.07472772e-08
3.21001090e-02 3.37607327e-08
3.05129702e-02 3.70403594e-08
2.90043049e-02 4.06028734e-08
2.75702333e-02 4.44640973e-08
2.62070670e-02 4.86381995e-08
2.49113003e-02 5.31367224e-08
2.36796007e-02 5.79673855e-08
2.25088005e-02 6.31326718e-08
2.13958887e-02 6.86282359e-08
2.03380031e-02 7.44412095e-08
1.93324229e-02 8.05485273e-08
1.83765620e-02 8.69154354e-08
1.74679622e-02 9.34943819e-08
1.66042866e-02 1.00224500e-07
1.57833141e-02 1.07031884e-07
1.50029332e-02 1.13830789e-07
1.42611371e-02 1.20525829e-07
1.35560179e-02 1.27015074e-07
1.28857621e-02 1.33193890e-07
1.22486461e-02 1.38959194e-07
1.16430313e-02 1.44213761e-07
1.10673602e-02 1.48870214e-07
1.05201522e-02 1.52854354e-07
1.00000000e-02 1.56107589e-07
