1.00000000e+20 0.00000000e+00
9.03466021e+19 0.00000000e+00
8.16250851e+19 0.00000000e+00
7.37454909e+19 0.00000000e+00
6.66265452e+19 0.00000000e+00
6.01948197e+19 0.00000000e+00
5.43839743e+19 0.00000000e+00
4.91340729e+19 0.00000000e+00
4.43909653e+19 0.00000000e+00
4.01057288e+19 0.00000000e+00
3.62341632e+19 0.00000000e+00
3.27363353e+19 0.00000000e+00
2.95761666e+19 0.00000000e+00
2.67210616e+19 0.00000000e+00
2.41415712e+19 0.00000000e+00
2.18110892e+19 0.00000000e+00
1.97055780e+19 0.00000000e+00
1.78033202e+19 0.00000000e+00
1.60846948e+19 0.00000000e+00
1.45319752e+19 0.00000000e+00
1.31291459e+19 0.00000000e+00
1.18617372e+19 0.00000000e+00
1.07166765e+19 0.00000000e+00
9.68215306e+18 0.00000000e+00
8.74749630e+18 0.00000000e+00
7.90306568e+18 0.00000000e+00
7.14015130e+18 0.00000000e+00
6.45088409e+18 0.00000000e+00
5.82815458e+18 0.00000000e+00
5.26553963e+18 0.00000000e+00
4.75723614e+18 0.00000000e+00
4.29800121e+18 0.00000000e+00
3.88309805e+18 0.00000000e+00
3.50824714e+18 0.00000000e+00
3.16958209e+18 0.00000000e+00
2.86360972e+18 0.00000000e+00
2.58717408e+18 0.00000000e+00
2.33742387e+18 0.00000000e+00
2.11178304e+18 0.00000000e+00
1.90792422e+18 0.00000000e+00
1.72374471e+18 0.00000000e+00
1.55734477e+18 0.00000000e+00
1.40700809e+18 0.00000000e+00
1.27118400e+18 0.00000000e+00
1.14847155e+18 0.00000000e+00
1.03760502e+18 0.00000000e+00
9.37440879e+17 0.00000000e+00
8.46945981e+17 0.00000000e+00
7.65186915e+17 0.00000000e+00
6.91320378e+17 0.00000000e+00
6.24584471e+17 0.00000000e+00
5.64290847e+17 0.00000000e+00
5.09817606e+17 1.30203047e-49
4.60602884e+17 3.32675252e-46
4.16139055e+17 3.49347898e-43
3.75967497e+17 1.71803435e-40
3.39673858e+17 4.07546909e-38
3.06883789e+17 6.22316601e-36
2.77259076e+17 5.96074063e-34
2.50494154e+17 3.19451812e-32
2.26312957e+17 1.43403631e-30
2.04466067e+17 4.04261021e-29
1.84728144e+17 7.85121507e-28
1.66895601e+17 1.17414610e-26
1.50784505e+17 1.35960971e-25
1.36228676e+17 1.21902672e-24
1.23077980e+17 8.41632410e-24
1.11196773e+17 5.22468518e-23
1.00462506e+17 2.54667883e-22
9.07644607e+16 1.07266126e-21
8.20026062e+16 4.13254534e-21
7.40865683e+16 1.52396326e-20
6.69346971e+16 3.81288452e-20
6.04732245e+16 1.02474790e-19
5.46355035e+16 2.67541163e-19
4.93613210e+16 5.42739746e-19
4.45962763e+16 1.07206485e-18
4.02912203e+16 2.16721316e-18
3.64017485e+16 3.37660154e-18
3.28877429e+16 5.39702291e-18
2.97129582e+16 8.63540699e-18
2.68446481e+16 1.28499181e-17
2.42532274e+16 1.57681148e-17
2.19119669e+16 2.51524681e-17
1.97967175e+16 3.03515048e-17
1.78856616e+16 4.25485315e-17
1.61590875e+16 5.14211723e-17
1.45991865e+16 6.20252921e-17
1.31898690e+16 7.03726198e-17
1.19165984e+16 8.26927733e-17
1.07662418e+16 9.99318615e-17
9.72693362e+15 1.22782823e-16
8.78795401e+15 1.17362276e-16
7.93961785e+15 1.45622956e-16
7.17317494e+15 1.39292058e-16
6.48071983e+15 1.34422442e-16
5.85511016e+15 1.64769229e-16
5.28989308e+15 1.58841908e-16
4.77923865e+15 1.91925421e-16
4.31787973e+15 1.84797487e-16
3.90105762e+15 1.79027929e-16
3.52447300e+15 1.74680418e-16
3.18424160e+15 2.07203835e-16
2.87685409e+15 1.99293914e-16
2.59913992e+15 1.96936962e-16
2.34823460e+15 1.90659447e-16
2.12155017e+15 1.90899552e-16
1.91674849e+15 2.13866935e-16
1.73171713e+15 2.07673363e-16
1.56454759e+15 2.09960769e-16
1.41351558e+15 2.02797659e-16
1.27706330e+15 2.02286657e-16
1.15378330e+15 2.36370076e-16
1.04240401e+15 2.25332731e-16
9.41776601e+14 2.20291147e-16
8.50863158e+14 2.14594385e-16
7.68725952e+14 2.06811403e-16
6.94517777e+14 2.22975744e-16
6.27473213e+14 2.16388925e-16
5.66900727e+14 2.08506657e-16
5.12175544e+14 2.06338387e-16
4.62733201e+14 2.06936557e-16
4.18063724e+14 2.06923174e-16
3.77706369e+14 2.15516489e-16
3.41244871e+14 2.16383465e-16
3.08303146e+14 2.18375497e-16
2.78541416e+14 2.12826316e-16
2.51652705e+14 2.11557057e-16
2.27359668e+14 2.14869897e-16
2.05411735e+14 2.14411169e-16
1.85582523e+14 2.11143580e-16
1.67667503e+14 2.12427642e-16
1.51481892e+14 2.09047081e-16
1.36858742e+14 2.11013898e-16
1.23647224e+14 2.09433317e-16
1.11711065e+14 2.10166006e-16
1.00927151e+14 2.11405419e-16
9.11842520e+13 2.11614269e-16
8.23818733e+13 2.09568834e-16
7.44292233e+13 2.11637772e-16
6.72442742e+13 2.10943007e-16
6.07529169e+13 2.10311477e-16
5.48881961e+13 2.10117166e-16
4.95896201e+13 2.10170461e-16
4.48025368e+13 2.10708332e-16
4.04775697e+13 2.10226445e-16
3.65701088e+13 2.10049524e-16
3.30398507e+13 2.09367482e-16
2.98503825e+13 2.09835631e-16
2.69688063e+13 2.10313368e-16
2.43654001e+13 2.09958328e-16
2.20133111e+13 2.09935395e-16
1.98882786e+13 2.09831300e-16
1.79683839e+13 2.10113589e-16
1.62338243e+13 2.10077478e-16
1.46667087e+13 2.09749888e-16
1.32508729e+13 2.09980346e-16
1.19717134e+13 2.09943968e-16
1.08160363e+13 2.09745130e-16
9.77192128e+12 2.09887631e-16
8.82859884e+12 2.09822465e-16
7.97633907e+12 2.09858510e-16
7.20635132e+12 2.09971556e-16
6.51069356e+12 2.09908767e-16
5.88219040e+12 2.09855083e-16
5.31435916e+12 2.09830269e-16
4.80134292e+12 2.09863949e-16
4.33785019e+12 2.09849482e-16
3.91910025e+12 2.09825899e-16
3.54077391e+12 2.09843958e-16
3.19896892e+12 2.09854196e-16
2.89015972e+12 2.09837924e-16
2.61116110e+12 2.09862902e-16
2.35909533e+12 2.09824434e-16
2.13136247e+12 2.09802790e-16
1.92561357e+12 2.09839602e-16
1.73972643e+12 2.09832742e-16
1.57178372e+12 2.09841992e-16
1.42005318e+12 2.09835972e-16
1.28296980e+12 2.09829638e-16
1.15911962e+12 2.09832682e-16
1.04722519e+12 2.09814812e-16
9.46132376e+11 2.09817784e-16
8.54798453e+11 2.09812396e-16
7.72281357e+11 2.09824103e-16
6.97729965e+11 2.09815113e-16
6.30375315e+11 2.09823398e-16
5.69522678e+11 2.09833886e-16
5.14544388e+11 2.09816988e-16
4.64873371e+11 2.09818167e-16
4.19997295e+11 2.09826123e-16
3.79453285e+11 2.09819842e-16
3.42823149e+11 2.09819286e-16
3.09729067e+11 2.09815598e-16
2.79829688e+11 2.09821314e-16
2.52816614e+11 2.09813379e-16
2.28411221e+11 2.09818722e-16
2.06361777e+11 2.09817682e-16
1.86440853e+11 2.09818252e-16
1.68442976e+11 2.09818264e-16
1.52182505e+11 2.09819935e-16
1.37491723e+11 2.09817991e-16
1.24219100e+11 2.09820185e-16
1.12227736e+11 2.09817284e-16
1.01393946e+11 2.09818273e-16
9.16059848e+10 2.09817678e-16
8.27628946e+10 2.09818591e-16
7.47734631e+10 2.09817549e-16
6.75552832e+10 2.09817480e-16
6.10339029e+10 2.09818291e-16
5.51420574e+10 2.09818290e-16
4.98189752e+10 2.09818390e-16
4.50097513e+10 2.09818584e-16
4.06647809e+10 2.09819034e-16
3.67392478e+10 2.09819537e-16
3.31926620e+10 2.09819870e-16
2.99884423e+10 2.09819607e-16
2.70935387e+10 2.09819895e-16
2.44780916e+10 2.09820321e-16
2.21151240e+10 2.09820651e-16
1.99802631e+10 2.09820884e-16
1.80514888e+10 2.09821401e-16
1.63089068e+10 2.09821951e-16
1.47345431e+10 2.09822195e-16
1.33121590e+10 2.09823156e-16
1.20270833e+10 2.09823497e-16
1.08660611e+10 2.09824220e-16
9.81711702e+09 2.09825180e-16
8.86943166e+09 2.09826047e-16
8.01323013e+09 2.09826865e-16
7.23968114e+09 2.09827875e-16
6.54080591e+09 2.09828916e-16
5.90939590e+09 2.09830141e-16
5.33893840e+09 2.09831302e-16
4.82354943e+09 2.09833004e-16
4.35791301e+09 2.09834938e-16
3.93722633e+09 2.09836526e-16
3.55715021e+09 2.09838684e-16
3.21376434e+09 2.09840913e-16
2.90352688e+09 2.09843446e-16
2.62323788e+09 2.09846411e-16
2.37000629e+09 2.09849422e-16
2.14122015e+09 2.09852951e-16
1.93451965e+09 2.09856729e-16
1.74777277e+09 2.09860973e-16
1.57905331e+09 2.09865669e-16
1.42662102e+09 2.09870845e-16
1.28890361e+09 2.09876632e-16
1.16448062e+09 2.09883000e-16
1.05206867e+09 2.09889994e-16
9.50508296e+08 2.09897827e-16
8.58751948e+08 2.09906434e-16
7.75853206e+08 2.09915969e-16
7.00957009e+08 2.09926533e-16
6.33290840e+08 2.09938255e-16
5.72156756e+08 2.09951177e-16
5.16924187e+08 2.09965535e-16
4.67023439e+08 2.09981378e-16
4.21939808e+08 2.09998925e-16
3.81208280e+08 2.10018366e-16
3.44408728e+08 2.10039875e-16
3.11161583e+08 2.10063673e-16
2.81123917e+08 2.10090038e-16
2.53985907e+08 2.10119202e-16
2.29467637e+08 2.10151481e-16
2.07316213e+08 2.10187210e-16
1.87303154e+08 2.10226766e-16
1.69222035e+08 2.10270541e-16
1.52886359e+08 2.10318993e-16
1.38127630e+08 2.10372621e-16
1.24793621e+08 2.10431981e-16
1.12746796e+08 2.10497683e-16
1.01862899e+08 2.10570407e-16
9.20296681e+07 2.10650905e-16
8.31456781e+07 2.10739996e-16
7.51192949e+07 2.10838609e-16
6.78677305e+07 2.10947759e-16
6.13161884e+07 2.11068572e-16
5.53970928e+07 2.11202294e-16
5.00493910e+07 2.11350305e-16
4.52179242e+07 2.11514129e-16
4.08528580e+07 2.11695458e-16
3.69091691e+07 2.11896159e-16
3.33461802e+07 2.12118309e-16
3.01271407e+07 2.12364193e-16
2.72188479e+07 2.12636350e-16
2.45913043e+07 2.12937587e-16
2.22174078e+07 2.13271010e-16
2.00726730e+07 2.13640058e-16
1.81349780e+07 2.14048541e-16
1.63843365e+07 2.14500667e-16
1.48026913e+07 2.15001103e-16
1.33737286e+07 2.15555009e-16
1.20827094e+07 2.16168100e-16
1.09163173e+07 2.16846700e-16
9.86252179e+06 2.17597806e-16
8.91045332e+06 2.18429166e-16
8.05029181e+06 2.19349356e-16
7.27316511e+06 2.20367867e-16
6.57105755e+06 2.21495205e-16
5.93672722e+06 2.22742997e-16
5.36363132e+06 2.24124114e-16
4.84585864e+06 2.25652800e-16
4.37806863e+06 2.27344825e-16
3.95543624e+06 2.29217640e-16
3.57360225e+06 2.31290563e-16
3.22862820e+06 2.33584974e-16
2.91695588e+06 2.36124539e-16
2.63537052e+06 2.38935454e-16
2.38096772e+06 2.42046710e-16
2.15112343e+06 2.45490400e-16
1.94346693e+06 2.49302042e-16
1.75585633e+06 2.53520953e-16
1.58635653e+06 2.58190649e-16
1.43321923e+06 2.63359294e-16
1.29486487e+06 2.69080202e-16
1.16986641e+06 2.75435555e-16
1.05693455e+06 2.82444313e-16
9.54904456e+05 2.90201947e-16
8.62723729e+05 2.98788473e-16
7.79441575e+05 3.08292456e-16
7.04198979e+05 3.18811927e-16
6.36219849e+05 3.30455389e-16
5.74803016e+05 3.43342937e-16
5.19314994e+05 3.57607502e-16
4.69183451e+05 3.73461864e-16
4.23891306e+05 3.90937527e-16
3.82971391e+05 4.10280440e-16
3.46001639e+05 4.31690118e-16
3.12600724e+05 4.55573458e-16
2.82424133e+05 4.81802373e-16
2.55160607e+05 5.10833814e-16
2.30528939e+05 5.42967227e-16
2.08275063e+05 5.78534056e-16
1.88169442e+05 6.17901157e-16
1.70004698e+05 6.61474586e-16
1.53593468e+05 7.09703786e-16
1.38766479e+05 7.63086223e-16
1.25370799e+05 8.22172515e-16
1.13268257e+05 8.87572118e-16
1.02334021e+05 9.59959606e-16
9.24553110e+04 1.04008163e-15
8.35302320e+04 1.12876463e-15
7.54667263e+04 1.22692333e-15
6.81816229e+04 1.33557022e-15
6.15997796e+04 1.45582597e-15
5.56533078e+04 1.58893099e-15
5.02808725e+04 1.73625822e-15
4.54270599e+04 1.89932732e-15
4.10418050e+04 2.08037679e-15
3.70798763e+04 2.28015683e-15
3.35004083e+04 2.50128339e-15
3.02664806e+04 2.74603741e-15
2.73447368e+04 3.01694351e-15
2.47050406e+04 3.31679614e-15
2.23201647e+04 3.64868831e-15
2.01655104e+04 4.01604358e-15
1.82188534e+04 4.42265132e-15
1.64601150e+04 4.87270586e-15
1.48711546e+04 5.37084974e-15
1.34355829e+04 5.92222159e-15
1.21385926e+04 6.53250923e-15
1.09668060e+04 7.20800828e-15
9.90813657e+03 7.95568719e-15
8.95166472e+03 8.78325911e-15
8.08752491e+03 9.69926154e-15
7.30680395e+03 1.07131444e-14
6.60144909e+03 1.18353678e-14
5.96418495e+03 1.30775095e-14
5.38843844e+03 1.44523850e-14
4.86827104e+03 1.59741798e-14
4.39831747e+03 1.76585953e-14
3.97373038e+03 1.95230118e-14
3.59013038e+03 2.15866675e-14
3.24356081e+03 2.38708573e-14
2.93044698e+03 2.63991532e-14
2.64755927e+03 2.91976472e-14
2.39197984e+03 3.22952219e-14
2.16107251e+03 3.57238485e-14
1.95245558e+03 3.95189177e-14
1.76397728e+03 4.37196058e-14
1.59369353e+03 4.83692802e-14
1.43984795e+03 5.35159482e-14
1.30085370e+03 5.92127547e-14
1.17527712e+03 6.55185322e-14
1.06182294e+03 7.24984115e-14
9.59320948e+02 8.02244966e-14
8.66713880e+02 8.87766140e-14
7.83046540e+02 9.82431412e-14
7.07455942e+02 1.08721926e-13
6.39162405e+02 1.20321305e-13
5.77461515e+02 1.33161231e-13
5.21716858e+02 1.47374526e-13
4.71353453e+02 1.63108267e-13
4.25851829e+02 1.80525324e-13
3.84742658e+02 1.99806068e-13
3.47601918e+02 2.21150264e-13
3.14046522e+02 2.44779171e-13
2.83730362e+02 2.70937879e-13
2.56340741e+02 2.99897900e-13
2.31595149e+02 3.31960046e-13
2.09238348e+02 3.67457640e-13
1.89039738e+02 4.06760077e-13
1.70790980e+02 4.50276797e-13
1.54303847e+02 4.98461708e-13
1.39408283e+02 5.51818130e-13
1.25950646e+02 6.10904308e-13
1.13792129e+02 6.76339584e-13
1.02807322e+02 7.48811311e-13
9.28829225e+01 8.29082611e-13
8.39165644e+01 9.18001101e-13
7.58157646e+01 1.01650873e-12
6.84969672e+01 1.12565288e-12
6.18846824e+01 1.24659900e-12
5.59107078e+01 1.38064486e-12
5.05134247e+01 1.52923699e-12
4.56371628e+01 1.69398934e-12
4.12316259e+01 1.87670485e-12
3.72513730e+01 2.07940041e-12
3.36553498e+01 2.30433580e-12
3.04064649e+01 2.55404750e-12
2.74712079e+01 2.82571014e-12
2.48193029e+01 3.13192662e-12
2.24233968e+01 3.47194663e-12
2.02587771e+01 3.84966073e-12
1.83031168e+01 4.26944742e-12
1.65362441e+01 4.73624365e-12
1.49399346e+01 5.25561639e-12
1.34977233e+01 5.83347328e-12
1.21947344e+01 6.47748619e-12
1.10175281e+01 7.19567053e-12
9.95396231e+00 7.99730717e-12
8.99306672e+00 8.89287062e-12
8.12493021e+00 9.89439226e-12
7.34059837e+00 1.10156094e-11
6.63198120e+00 1.22721996e-11
5.99176967e+00 1.36820157e-11
5.41336030e+00 1.52652980e-11
4.89078709e+00 1.70447857e-11
4.41865996e+00 1.90455672e-11
3.99210913e+00 2.12943599e-11
3.60673495e+00 2.38177077e-11
3.25856248e+00 2.66384031e-11
2.94400048e+00 2.97694301e-11
2.65980440e+00 3.32051093e-11
2.40304289e+00 3.69101148e-11
2.17106760e+00 4.08086293e-11
1.96148581e+00 4.47776416e-11
1.77213578e+00 4.86491369e-11
1.60106446e+00 5.22243412e-11
1.44650734e+00 5.51441735e-11
1.30687023e+00 5.74937746e-11
1.18071285e+00 5.90222587e-11
1.06673394e+00 5.96580393e-11
9.63757866e-01 5.93913203e-11
8.70722485e-01 5.82662752e-11
7.86668179e-01 5.63703154e-11
7.10727970e-01 5.38235054e-11
6.42118571e-01 5.07682196e-11
5.80132310e-01 4.73579333e-11
5.24129830e-01 4.37449059e-11
4.73533492e-01 4.05795199e-11
4.27821420e-01 3.68849398e-11
3.86522116e-01 3.33089919e-11
3.49209598e-01 2.99175350e-11
3.15499006e-01 2.67517454e-11
2.85042632e-01 2.38322842e-11
2.57526333e-01 2.11643132e-11
2.32666291e-01 1.87423371e-11
2.10206088e-01 1.65542806e-11
1.89914058e-01 1.45845836e-11
1.71580899e-01 1.28163465e-11
1.55017512e-01 1.12326826e-11
1.40053055e-01 9.81747312e-12
1.26533176e-01 8.55694283e-12
1.14318425e-01 7.43450298e-12
1.03282813e-01 6.43889516e-12
9.33125118e-02 5.55867468e-12
8.43046837e-02 4.78349052e-12
7.61664172e-02 4.10294027e-12
6.88137699e-02 3.50773944e-12
6.21709029e-02 2.98922704e-12
5.61692982e-02 2.53932823e-12
5.07470524e-02 2.15053367e-12
4.58482375e-02 1.81588819e-12
4.14223247e-02 1.52898355e-12
3.74236629e-02 1.28834743e-12
3.38110078e-02 1.07870996e-12
3.05470967e-02 9.00894882e-13
2.75982639e-02 7.50645306e-13
2.49340937e-02 6.24137693e-13
2.25271064e-02 5.17759451e-13
2.03524752e-02 4.29207873e-13
1.83877698e-02 3.55223814e-13
1.66127252e-02 2.93557101e-13
1.50090328e-02 2.42268882e-13
1.35601511e-02 1.99697336e-13
1.22511358e-02 1.64447023e-13
1.10684849e-02 1.35269637e-13
1.00000000e-02 1.11168450e-13
