1.00000000e+20 0.00000000e+00
9.50556592e+19 0.00000000e+00
9.03557835e+19 0.00000000e+00
8.58882856e+19 0.00000000e+00
8.16416760e+19 0.00000000e+00
7.76050334e+19 0.00000000e+00
7.37679760e+19 0.00000000e+00
7.01206359e+19 0.00000000e+00
6.66536327e+19 0.00000000e+00
6.33580499e+19 0.00000000e+00
6.02254120e+19 0.00000000e+00
5.72476624e+19 0.00000000e+00
5.44171429e+19 0.00000000e+00
5.17265739e+19 0.00000000e+00
4.91690358e+19 0.00000000e+00
4.67379511e+19 0.00000000e+00
4.44270675e+19 0.00000000e+00
4.22304419e+19 0.00000000e+00
4.01424249e+19 0.00000000e+00
3.81576466e+19 0.00000000e+00
3.62710025e+19 0.00000000e+00
3.44776405e+19 0.00000000e+00
3.27729485e+19 0.00000000e+00
3.11525422e+19 0.00000000e+00
2.96122544e+19 0.00000000e+00
2.81481236e+19 0.00000000e+00
2.67563844e+19 0.00000000e+00
2.54334576e+19 0.00000000e+00
2.41759408e+19 0.00000000e+00
2.29805999e+19 0.00000000e+00
2.18443607e+19 0.00000000e+00
2.07643011e+19 0.00000000e+00
1.97376433e+19 0.00000000e+00
1.87617469e+19 0.00000000e+00
1.78341022e+19 0.00000000e+00
1.69523234e+19 0.00000000e+00
1.61141428e+19 0.00000000e+00
1.53174046e+19 0.00000000e+00
1.45600600e+19 0.00000000e+00
1.38401610e+19 0.00000000e+00
1.31558562e+19 0.00000000e+00
1.25053859e+19 0.00000000e+00
1.18870770e+19 0.00000000e+00
1.12993394e+19 0.00000000e+00
1.07406615e+19 0.00000000e+00
1.02096066e+19 0.00000000e+00
9.70480888e+18 0.00000000e+00
9.22497005e+18 0.00000000e+00
8.76885609e+18 0.00000000e+00
8.33529397e+18 0.00000000e+00
7.92316862e+18 0.00000000e+00
7.53142017e+18 0.00000000e+00
7.15904109e+18 0.00000000e+00
6.80507370e+18 0.00000000e+00
6.46860766e+18 0.00000000e+00
6.14877765e+18 0.00000000e+00
5.84476113e+18 0.00000000e+00
5.55577622e+18 0.00000000e+00
5.28107971e+18 0.00000000e+00
5.01996513e+18 0.00000000e+00
4.77176095e+18 0.00000000e+00
4.53582883e+18 0.00000000e+00
4.31156199e+18 0.00000000e+00
4.09838367e+18 0.00000000e+00
3.89574562e+18 0.00000000e+00
3.70312668e+18 0.00000000e+00
3.52003147e+18 0.00000000e+00
3.34598912e+18 0.00000000e+00
3.18055202e+18 0.00000000e+00
3.02329468e+18 0.00000000e+00
2.87381269e+18 0.00000000e+00
2.73172160e+18 0.00000000e+00
2.59665597e+18 0.00000000e+00
2.46826845e+18 0.00000000e+00
2.34622885e+18 0.00000000e+00
2.23022330e+18 0.00000000e+00
2.11995346e+18 0.00000000e+00
2.01513573e+18 0.00000000e+00
1.91550056e+18 0.00000000e+00
1.82079168e+18 0.00000000e+00
1.73076553e+18 0.00000000e+00
1.64519059e+18 0.00000000e+00
1.56384676e+18 0.00000000e+00
1.48652484e+18 0.00000000e+00
1.41302599e+18 0.00000000e+00
1.34316117e+18 0.00000000e+00
1.27675070e+18 0.00000000e+00
1.21362380e+18 0.00000000e+00
1.15361810e+18 0.00000000e+00
1.09657929e+18 0.00000000e+00
1.04236067e+18 0.00000000e+00
9.90822810e+17 0.00000000e+00
9.41833153e+17 0.00000000e+00
8.95265713e+17 0.00000000e+00
8.51000725e+17 0.00000000e+00
8.08924349e+17 0.00000000e+00
7.68928372e+17 0.00000000e+00
7.30909933e+17 0.00000000e+00
6.94771255e+17 0.00000000e+00
6.60419396e+17 0.00000000e+00
6.27766011e+17 0.00000000e+00
5.96727120e+17 2.79373825e-58
5.67222897e+17 1.71842026e-56
5.39177464e+17 6.41867039e-55
5.12518693e+17 2.27495527e-53
4.87178022e+17 6.57823328e-52
4.63090280e+17 1.31044080e-50
4.40193519e+17 3.15316596e-49
4.18428851e+17 5.09572573e-48
3.97740302e+17 7.50476618e-47
3.78074666e+17 1.01558683e-45
3.59381366e+17 1.05873569e-44
3.41612327e+17 1.12981917e-43
3.24721849e+17 1.05611204e-42
3.08666494e+17 8.50824072e-42
2.93404971e+17 6.16515777e-41
2.78898029e+17 4.36602747e-40
2.65108360e+17 2.44007127e-39
2.52000499e+17 1.38996652e-38
2.39540736e+17 6.00517730e-38
2.27697026e+17 3.01535244e-37
2.16438909e+17 1.16633392e-36
2.05737431e+17 5.27609214e-36
1.95565072e+17 1.74433639e-35
1.85895668e+17 6.10979381e-35
1.76704353e+17 2.01996769e-34
1.67967487e+17 7.07523284e-34
1.59662602e+17 1.81119602e-33
1.51768339e+17 5.42244070e-33
1.44264395e+17 1.61421218e-32
1.37131472e+17 3.35188751e-32
1.30351224e+17 9.25034843e-32
1.23906216e+17 1.82248428e-31
1.17779870e+17 4.67709320e-31
1.11956432e+17 8.76515623e-31
1.06420924e+17 1.59405423e-30
1.01159111e+17 3.36641862e-30
9.61574600e+16 7.00490430e-30
9.14031075e+16 1.14961765e-29
8.68838264e+16 2.26495263e-29
8.25879939e+16 3.70561488e-29
7.85045620e+16 5.66709308e-29
7.46230289e+16 1.06204761e-28
7.09334120e+16 1.52316095e-28
6.74262224e+16 2.43074991e-28
6.40924402e+16 3.97687050e-28
6.09234915e+16 4.92105433e-28
5.79112265e+16 8.06797519e-28
5.50478981e+16 1.11125638e-27
5.23261424e+16 1.59373542e-27
4.97389596e+16 1.97036823e-27
4.72796959e+16 3.22195988e-27
4.49420266e+16 4.05698698e-27
4.27199397e+16 5.02022749e-27
4.06077203e+16 6.04915374e-27
3.85999362e+16 8.02458927e-27
3.66914238e+16 9.70132273e-27
3.48772747e+16 1.28410623e-26
3.31528234e+16 1.54558194e-26
3.15136348e+16 1.91101395e-26
2.99554933e+16 2.40537315e-26
2.84743917e+16 2.34597326e-26
2.70665207e+16 2.97141404e-26
2.57282597e+16 3.74311711e-26
2.44561668e+16 4.63222317e-26
2.32469706e+16 4.52025346e-26
2.20975611e+16 5.45108902e-26
2.10049824e+16 6.34150985e-26
1.99664245e+16 7.05960461e-26
1.89792164e+16 7.67937965e-26
1.80408193e+16 8.35052626e-26
1.71488197e+16 9.28150310e-26
1.63009236e+16 1.08159461e-25
1.54949504e+16 1.05840645e-25
1.47288272e+16 1.27493561e-25
1.40005838e+16 1.24887683e-25
1.33083472e+16 1.54876632e-25
1.26503372e+16 1.52049380e-25
1.20248614e+16 1.49556996e-25
1.14303113e+16 1.87829139e-25
1.08651577e+16 1.84970137e-25
1.03279473e+16 1.82551379e-25
9.81729841e+15 1.81503539e-25
9.33189772e+15 2.30008412e-25
8.87049689e+15 2.25299391e-25
8.43190929e+15 2.24841795e-25
8.01500696e+15 2.26266099e-25
7.61871770e+15 2.27507420e-25
7.24202233e+15 2.79557899e-25
6.88395207e+15 2.79998951e-25
6.54358602e+15 2.80719076e-25
6.22004883e+15 2.84307157e-25
5.91250841e+15 2.86626675e-25
5.62017385e+15 3.50435666e-25
5.34229330e+15 3.53213667e-25
5.07815211e+15 3.54380400e-25
4.82707097e+15 3.72675112e-25
4.58840413e+15 3.69013460e-25
4.36153779e+15 3.86149328e-25
4.14588850e+15 3.94981577e-25
3.94090164e+15 4.04645049e-25
3.74605003e+15 4.87423177e-25
3.56083255e+15 4.87225506e-25
3.38477286e+15 4.97384782e-25
3.21741815e+15 5.20549401e-25
3.05833803e+15 5.51020044e-25
2.90712338e+15 5.72948221e-25
2.76338529e+15 5.80540344e-25
2.62675410e+15 6.19323781e-25
2.49687843e+15 6.47380677e-25
2.37342425e+15 6.35273501e-25
2.25607407e+15 7.59550818e-25
2.14452608e+15 7.96155427e-25
2.03849340e+15 7.98218999e-25
1.93770334e+15 8.13656670e-25
1.84189668e+15 9.20569335e-25
1.75082703e+15 9.50628973e-25
1.66426018e+15 9.70863043e-25
1.58197348e+15 9.39866430e-25
1.50375532e+15 1.03044699e-24
1.42940453e+15 1.11695595e-24
1.35872990e+15 1.15981010e-24
1.29154967e+15 1.25383915e-24
1.22769105e+15 1.34056728e-24
1.16698982e+15 1.37663062e-24
1.10928986e+15 1.46131241e-24
1.05444279e+15 1.54139865e-24
1.00230755e+15 1.67260138e-24
9.52750047e+14 1.73489452e-24
9.05642838e+14 1.73599160e-24
8.60864770e+14 1.85358127e-24
8.18300682e+14 1.95460771e-24
7.77841107e+14 2.14012928e-24
7.39381992e+14 2.24411866e-24
7.02824426e+14 2.29302892e-24
6.68074392e+14 2.38828574e-24
6.35042517e+14 2.45680022e-24
6.03643851e+14 2.61908491e-24
5.73797641e+14 2.78338488e-24
5.45427131e+14 2.93077976e-24
5.18459354e+14 3.15688360e-24
4.92824957e+14 3.25079038e-24
4.68458012e+14 3.38250235e-24
4.45295851e+14 3.58096113e-24
4.23278907e+14 3.71219611e-24
4.02350555e+14 3.97837980e-24
3.82456972e+14 4.17977604e-24
3.63546996e+14 4.36373017e-24
3.45571994e+14 4.64864893e-24
3.28485737e+14 4.81940109e-24
3.12244282e+14 5.08558811e-24
2.96805861e+14 5.34265245e-24
2.82130768e+14 5.61321517e-24
2.68181261e+14 5.77212478e-24
2.54921465e+14 6.16941269e-24
2.42317279e+14 6.53538975e-24
2.30336287e+14 7.01125876e-24
2.18947676e+14 7.25388076e-24
2.08122157e+14 7.62636919e-24
1.97831888e+14 8.05423821e-24
1.88050406e+14 8.36465814e-24
1.78752553e+14 8.90463013e-24
1.69914417e+14 9.34302837e-24
1.61513269e+14 9.91985144e-24
1.53527503e+14 1.02480763e-23
1.45936580e+14 1.06717032e-23
1.38720978e+14 1.14497809e-23
1.31862140e+14 1.20030335e-23
1.25342427e+14 1.26176796e-23
1.19145070e+14 1.31432767e-23
1.13254132e+14 1.38984406e-23
1.07654461e+14 1.46670702e-23
1.02331658e+14 1.54387488e-23
9.72720319e+13 1.63443278e-23
9.24625712e+13 1.71295726e-23
8.78909065e+13 1.79249214e-23
8.35452806e+13 1.89268883e-23
7.94145172e+13 2.00083664e-23
7.54879928e+13 2.08725744e-23
7.17556092e+13 2.19884023e-23
6.82077673e+13 2.32076387e-23
6.48353429e+13 2.43624473e-23
6.16296626e+13 2.56413962e-23
5.85824820e+13 2.69027371e-23
5.56859644e+13 2.81671943e-23
5.29326606e+13 2.97772349e-23
5.03154895e+13 3.14386733e-23
4.78277202e+13 3.30844229e-23
4.54629547e+13 3.46931559e-23
4.32151113e+13 3.63692576e-23
4.10784089e+13 3.85338007e-23
3.90473524e+13 4.04492141e-23
3.71167182e+13 4.23510179e-23
3.52815412e+13 4.46199872e-23
3.35371015e+13 4.69817591e-23
3.18789129e+13 4.94361738e-23
3.03027108e+13 5.19881298e-23
2.88044415e+13 5.47432646e-23
2.73802518e+13 5.76842046e-23
2.60264788e+13 6.05194242e-23
2.47396410e+13 6.37509948e-23
2.35164288e+13 6.70427506e-23
2.23536965e+13 7.06441087e-23
2.12484535e+13 7.42873440e-23
2.01978576e+13 7.79745956e-23
1.91992067e+13 8.20451480e-23
1.82499324e+13 8.64113393e-23
1.73475936e+13 9.08442126e-23
1.64898694e+13 9.56165557e-23
1.56745541e+13 1.00398058e-22
1.48995507e+13 1.05780879e-22
1.41628662e+13 1.11297397e-22
1.34626058e+13 1.17142233e-22
1.27969687e+13 1.23259894e-22
1.21642429e+13 1.29593863e-22
1.15628013e+13 1.36293453e-22
1.09910970e+13 1.43355998e-22
1.04476597e+13 1.50973565e-22
9.93109181e+12 1.58744917e-22
9.44006479e+12 1.67013607e-22
8.97331581e+12 1.75786474e-22
8.52964450e+12 1.84898370e-22
8.10790981e+12 1.94215413e-22
7.70702711e+12 2.04559567e-22
7.32596543e+12 2.15046153e-22
6.96374473e+12 2.26454246e-22
6.61943346e+12 2.38181385e-22
6.29214611e+12 2.50508147e-22
5.98104096e+12 2.63510976e-22
5.68531791e+12 2.77267141e-22
5.40421642e+12 2.91603857e-22
5.13701354e+12 3.06815896e-22
4.88302209e+12 3.22701870e-22
4.64158883e+12 3.39571314e-22
4.41209286e+12 3.57371485e-22
4.19394396e+12 3.75859493e-22
3.98658107e+12 3.95308611e-22
3.78947092e+12 4.15850866e-22
3.60210656e+12 4.37767007e-22
3.42400614e+12 4.60181660e-22
3.25471161e+12 4.84305533e-22
3.09378757e+12 5.09490543e-22
2.94082017e+12 5.36035829e-22
2.79541600e+12 5.63905417e-22
2.65720111e+12 5.93207936e-22
2.52582003e+12 6.24065348e-22
2.40093488e+12 6.56479973e-22
2.28222447e+12 6.90713260e-22
2.16938352e+12 7.26571024e-22
2.06212180e+12 7.64286202e-22
1.96016347e+12 8.04045025e-22
1.86324631e+12 8.45822041e-22
1.77112106e+12 8.89787140e-22
1.68355080e+12 9.36109415e-22
1.60031031e+12 9.84851037e-22
1.52118552e+12 1.03615068e-21
1.44597292e+12 1.09007859e-21
1.37447909e+12 1.14666566e-21
1.30652016e+12 1.20628240e-21
1.24192135e+12 1.26913388e-21
1.18051653e+12 1.33518191e-21
1.12214777e+12 1.40468796e-21
1.06666496e+12 1.47754389e-21
1.01392541e+12 1.55434995e-21
9.63793480e+11 1.63522153e-21
9.16140246e+11 1.72027705e-21
8.70843150e+11 1.80979356e-21
8.27785697e+11 1.90404035e-21
7.86857151e+11 2.00299594e-21
7.47952252e+11 2.10712548e-21
7.10970943e+11 2.21677029e-21
6.75818117e+11 2.33198609e-21
6.42403366e+11 2.45352103e-21
6.10640754e+11 2.58108396e-21
5.80448594e+11 2.71525783e-21
5.51749238e+11 2.85643918e-21
5.24468875e+11 3.00502596e-21
4.98537346e+11 3.16139047e-21
4.73887961e+11 3.32582573e-21
4.50457325e+11 3.49873421e-21
4.28185180e+11 3.68073712e-21
4.07014245e+11 3.87240386e-21
3.86890074e+11 4.07358158e-21
3.67760910e+11 4.28557609e-21
3.49577557e+11 4.50835974e-21
3.32293252e+11 4.74282930e-21
3.15863541e+11 4.98969373e-21
3.00246171e+11 5.24911200e-21
2.85400977e+11 5.52212226e-21
2.71289780e+11 5.80942298e-21
2.57876289e+11 6.11168333e-21
2.45126006e+11 6.42948790e-21
2.33006141e+11 6.76406155e-21
2.21485523e+11 7.11592395e-21
2.10534524e+11 7.48592690e-21
2.00124980e+11 7.87520190e-21
1.90230119e+11 8.28500178e-21
1.80824493e+11 8.71596546e-21
1.71883914e+11 9.16933064e-21
1.63385388e+11 9.64615270e-21
1.55307057e+11 1.01479979e-20
1.47628147e+11 1.06758166e-20
1.40328908e+11 1.12311018e-20
1.33390569e+11 1.18152209e-20
1.26795285e+11 1.24299728e-20
1.20526094e+11 1.30764722e-20
1.14566873e+11 1.37567061e-20
1.08902296e+11 1.44721912e-20
1.03517796e+11 1.52249140e-20
9.83995230e+10 1.60167353e-20
9.35343152e+10 1.68499170e-20
8.89096599e+10 1.77263872e-20
8.45136633e+10 1.86484891e-20
8.03350198e+10 1.96185227e-20
7.63629826e+10 2.06389205e-20
7.25873365e+10 2.17122060e-20
6.89983712e+10 2.28418546e-20
6.55868566e+10 2.40299014e-20
6.23440189e+10 2.52798385e-20
5.92615181e+10 2.65946752e-20
5.63314267e+10 2.79781064e-20
5.35462090e+10 2.94332282e-20
5.08987019e+10 3.09642658e-20
4.83820966e+10 3.25749933e-20
4.59899209e+10 3.42694705e-20
4.37160225e+10 3.60519487e-20
4.15545533e+10 3.79270890e-20
3.94999546e+10 3.99000320e-20
3.75469422e+10 4.19753587e-20
3.56904935e+10 4.41587214e-20
3.39258338e+10 4.64554882e-20
3.22484250e+10 4.88719830e-20
3.06539530e+10 5.14141005e-20
2.91383170e+10 5.40883515e-20
2.76976194e+10 5.69017135e-20
2.63281547e+10 5.98615979e-20
2.50264010e+10 6.29753957e-20
2.37890104e+10 6.62509097e-20
2.26128007e+10 6.96971498e-20
2.14947467e+10 7.33223806e-20
2.04319732e+10 7.71362919e-20
1.94217468e+10 8.11483896e-20
1.84614695e+10 8.53695623e-20
1.75486715e+10 8.98098663e-20
1.66810054e+10 9.44813792e-20
1.58562396e+10 9.93958621e-20
1.50722531e+10 1.04565940e-19
1.43270295e+10 1.10004854e-19
1.36186524e+10 1.15726766e-19
1.29452998e+10 1.21746565e-19
1.23052400e+10 1.28079126e-19
1.16968270e+10 1.34741073e-19
1.11184960e+10 1.41749749e-19
1.05687597e+10 1.49122927e-19
1.00462042e+10 1.56879626e-19
9.54948564e+09 1.65040145e-19
9.07732653e+09 1.73624490e-19
8.62851257e+09 1.82655271e-19
8.20188950e+09 1.92156554e-19
7.79636013e+09 2.02151462e-19
7.41088152e+09 2.12666566e-19
7.04446228e+09 2.23728200e-19
6.69616005e+09 2.35365151e-19
6.36507908e+09 2.47608065e-19
6.05036788e+09 2.60487185e-19
5.75121707e+09 2.74036879e-19
5.46685730e+09 2.88290779e-19
5.19655724e+09 3.03286443e-19
4.93962174e+09 3.19061977e-19
4.69539001e+09 3.35657438e-19
4.46323393e+09 3.53117011e-19
4.24255643e+09 3.71484684e-19
4.03278998e+09 3.90807562e-19
3.83339510e+09 4.11135282e-19
3.64385898e+09 4.32520492e-19
3.46369418e+09 4.55018136e-19
3.29243733e+09 4.78686389e-19
3.12964801e+09 5.03585377e-19
2.97490755e+09 5.29779242e-19
2.82781798e+09 5.57335924e-19
2.68800102e+09 5.86325412e-19
2.55509709e+09 6.16823734e-19
2.42876438e+09 6.48907984e-19
2.30867799e+09 6.82660774e-19
2.19452909e+09 7.18169737e-19
2.08602409e+09 7.55525072e-19
1.98288395e+09 7.94824508e-19
1.88484341e+09 8.36167202e-19
1.79165033e+09 8.79660686e-19
1.70306503e+09 9.25416323e-19
1.61885969e+09 9.73552008e-19
1.53881775e+09 1.02419129e-18
1.46273336e+09 1.07746518e-18
1.39041083e+09 1.13350972e-18
1.32166418e+09 1.19246923e-18
1.25631660e+09 1.25449578e-18
1.19420003e+09 1.31974862e-18
1.13515471e+09 1.38839573e-18
1.07902879e+09 1.46061348e-18
1.02567793e+09 1.53658758e-18
9.74964918e+08 1.61651367e-18
9.26759330e+08 1.70059712e-18
8.80937190e+08 1.78905390e-18
8.37380654e+08 1.88211182e-18
7.95977700e+08 1.98001059e-18
7.56621850e+08 2.08300089e-18
7.19211887e+08 2.19134845e-18
6.83651600e+08 2.30533228e-18
6.49849535e+08 2.42524468e-18
6.17718760e+08 2.55139438e-18
5.87176639e+08 2.68410546e-18
5.58144625e+08 2.82371960e-18
5.30548053e+08 2.97059624e-18
5.04315949e+08 3.12511250e-18
4.79380850e+08 3.28766593e-18
4.55678627e+08 3.45867456e-18
4.33148322e+08 3.63857807e-18
4.11731993e+08 3.82783988e-18
3.91374560e+08 4.02694568e-18
3.72023668e+08 4.23640780e-18
3.53629550e+08 4.45676604e-18
3.36144900e+08 4.68858504e-18
3.19524751e+08 4.93246273e-18
3.03726358e+08 5.18902657e-18
2.88709092e+08 5.45893468e-18
2.74434330e+08 5.74288213e-18
2.60865362e+08 6.04159941e-18
2.47967289e+08 6.35585455e-18
2.35706941e+08 6.68645573e-18
2.24052787e+08 7.03425302e-18
2.12974854e+08 7.40014162e-18
2.02444651e+08 7.78506145e-18
1.92435098e+08 8.19000327e-18
1.82920450e+08 8.61600772e-18
1.73876240e+08 9.06417167e-18
1.65279206e+08 9.53564598e-18
1.57107239e+08 1.00316449e-17
1.49339322e+08 1.05534434e-17
1.41955477e+08 1.11023828e-17
1.34936714e+08 1.16798755e-17
1.28264983e+08 1.22874069e-17
1.21923125e+08 1.29265391e-17
1.15894830e+08 1.35989161e-17
1.10164595e+08 1.43062665e-17
1.04717682e+08 1.50504099e-17
9.95400829e+07 1.58332605e-17
9.46184819e+07 1.66568306e-17
8.99402217e+07 1.75232394e-17
8.54932707e+07 1.84347148e-17
8.12661920e+07 1.93936004e-17
7.72481145e+07 2.04023627e-17
7.34287045e+07 2.14635960e-17
6.97981391e+07 2.25800294e-17
6.63470812e+07 2.37545346e-17
6.30666554e+07 2.49901318e-17
5.99484250e+07 2.62899990e-17
5.69843706e+07 2.76574793e-17
5.41668691e+07 2.90960888e-17
5.14886745e+07 3.06095282e-17
4.89428990e+07 3.22016894e-17
4.65229952e+07 3.38766675e-17
4.42227398e+07 3.56387694e-17
4.20362168e+07 3.74925274e-17
3.99578030e+07 3.94427097e-17
3.79821531e+07 4.14943307e-17
3.61041860e+07 4.36526673e-17
3.43190720e+07 4.59232702e-17
3.26222201e+07 4.83119793e-17
3.10092664e+07 5.08249374e-17
2.94760626e+07 5.34686075e-17
2.80186656e+07 5.62497885e-17
2.66333273e+07 5.91756334e-17
2.53164848e+07 6.22536669e-17
2.40647515e+07 6.54918044e-17
2.28749082e+07 6.88983752e-17
2.17438948e+07 7.24821386e-17
2.06688025e+07 7.62523132e-17
1.96468665e+07 8.02185939e-17
1.86754584e+07 8.43911815e-17
1.77520801e+07 8.87808065e-17
1.68743568e+07 9.33987592e-17
1.60400311e+07 9.82569157e-17
1.52469573e+07 1.03367771e-16
1.44930957e+07 1.08744467e-16
1.37765077e+07 1.14400834e-16
1.30953502e+07 1.20351418e-16
1.24478715e+07 1.26611523e-16
1.18324063e+07 1.33197248e-16
1.12473718e+07 1.40125531e-16
1.06912634e+07 1.47414191e-16
1.01626509e+07 1.55081972e-16
9.66017480e+06 1.63148594e-16
9.18254284e+06 1.71634802e-16
8.72852662e+06 1.80562423e-16
8.29695852e+06 1.89954416e-16
7.88672862e+06 1.99834935e-16
7.49678187e+06 2.10229392e-16
7.12611543e+06 2.21164518e-16
6.77377600e+06 2.32668437e-16
6.43885743e+06 2.44770736e-16
6.12049837e+06 2.57502537e-16
5.81788007e+06 2.70896586e-16
5.53022426e+06 2.84987329e-16
5.25679112e+06 2.99811005e-16
4.99687745e+06 3.15405737e-16
4.74981480e+06 3.31811633e-16
4.51496777e+06 3.49070883e-16
4.29173238e+06 3.67227878e-16
4.07953450e+06 3.86329313e-16
3.87782841e+06 4.06424312e-16
3.68609536e+06 4.27564557e-16
3.50384225e+06 4.49804416e-16
3.33060034e+06 4.73201085e-16
3.16592411e+06 4.97814736e-16
3.00939003e+06 5.23708671e-16
2.86059554e+06 5.50949485e-16
2.71915794e+06 5.79607234e-16
2.58471351e+06 6.09755622e-16
2.45691646e+06 6.41472183e-16
2.33543814e+06 6.74838488e-16
2.21996612e+06 7.09940346e-16
2.11020343e+06 7.46868034e-16
2.00586778e+06 7.85716523e-16
1.90669084e+06 8.26585723e-16
1.81241755e+06 8.69580741e-16
1.72280545e+06 9.14812152e-16
1.63762407e+06 9.62396283e-16
1.55665436e+06 1.01245551e-15
1.47968806e+06 1.06511858e-15
1.40652724e+06 1.12052092e-15
1.33698374e+06 1.17880503e-15
1.27087871e+06 1.24012079e-15
1.20804213e+06 1.30462590e-15
1.14831241e+06 1.37248626e-15
1.09153594e+06 1.44387638e-15
1.03756668e+06 1.51897987e-15
9.86265846e+05 1.59798988e-15
9.37501502e+05 1.68110960e-15
8.91148232e+05 1.76855281e-15
8.47086827e+05 1.86054438e-15
8.05203967e+05 1.95732091e-15
7.65391939e+05 2.05913129e-15
7.27548353e+05 2.16623734e-15
6.91575883e+05 2.27891452e-15
6.57382014e+05 2.39745262e-15
6.24878807e+05 2.52215648e-15
5.93982669e+05 2.65334683e-15
5.64614142e+05 2.79136106e-15
5.36697695e+05 2.93655411e-15
5.10161531e+05 3.08929938e-15
4.84937407e+05 3.24998971e-15
4.60960449e+05 3.41903835e-15
4.38168993e+05 3.59688007e-15
4.16504425e+05 3.78397222e-15
3.95911027e+05 3.98079598e-15
3.76335836e+05 4.18785753e-15
3.57728510e+05 4.40568939e-15
3.40041193e+05 4.63485177e-15
3.23228398e+05 4.87593402e-15
3.07246884e+05 5.12955616e-15
2.92055551e+05 5.39637045e-15
2.77615329e+05 5.67706306e-15
2.63889081e+05 5.97235588e-15
2.50841506e+05 6.28300833e-15
2.38439047e+05 6.60981933e-15
2.26649808e+05 6.95362937e-15
2.15443469e+05 7.31532263e-15
2.04791210e+05 7.69582932e-15
1.94665634e+05 8.09612799e-15
1.85040702e+05 8.51724811e-15
1.75891659e+05 8.96027271e-15
1.67194976e+05 9.42634112e-15
1.58928287e+05 9.91665195e-15
1.51070330e+05 1.04324662e-14
1.43600898e+05 1.09751103e-14
1.36500781e+05 1.15459798e-14
1.29751717e+05 1.21465430e-14
1.23336350e+05 1.27783442e-14
1.17238180e+05 1.34430082e-14
1.11441525e+05 1.41422444e-14
1.05931476e+05 1.48778510e-14
1.00693863e+05 1.56517198e-14
9.57152154e+04 1.64658410e-14
9.09827289e+04 1.73223081e-14
8.64842328e+04 1.82233238e-14
8.22081576e+04 1.91712052e-14
7.81435061e+04 2.01683899e-14
7.42798248e+04 2.12174423e-14
7.06071771e+04 2.23210603e-14
6.71161177e+04 2.34820819e-14
6.37976681e+04 2.47034929e-14
6.06432940e+04 2.59884344e-14
5.76448828e+04 2.73402106e-14
5.47947234e+04 2.87622978e-14
5.20854855e+04 3.02583531e-14
4.95102016e+04 3.18322237e-14
4.70622485e+04 3.34879570e-14
4.47353305e+04 3.52298107e-14
4.25234633e+04 3.70622641e-14
4.04209584e+04 3.89900296e-14
3.84224085e+04 4.10180642e-14
3.65226736e+04 4.31515833e-14
3.47168682e+04 4.53960730e-14
3.30003479e+04 4.77573052e-14
3.13686982e+04 5.02413515e-14
2.98177229e+04 5.28545996e-14
2.83434331e+04 5.56037692e-14
2.69420371e+04 5.84959296e-14
2.56099310e+04 6.15385177e-14
2.43436887e+04 6.47393569e-14
2.31400538e+04 6.81066778e-14
2.19959307e+04 7.16491389e-14
2.09083769e+04 7.53758487e-14
1.98745955e+04 7.92963897e-14
1.88919278e+04 8.34208424e-14
1.79578465e+04 8.77598117e-14
1.70699493e+04 9.23244537e-14
1.62259529e+04 9.71265049e-14
1.54236865e+04 1.02178312e-13
1.46610868e+04 1.07492863e-13
1.39361927e+04 1.13083822e-13
1.32471399e+04 1.18965564e-13
1.25921561e+04 1.25153209e-13
1.19695570e+04 1.31662666e-13
1.13777413e+04 1.38510670e-13
1.08151870e+04 1.45714826e-13
1.02804473e+04 1.53293653e-13
9.77214697e+03 1.61266634e-13
9.28897872e+03 1.69654266e-13
8.82969996e+03 1.78478109e-13
8.39312950e+03 1.87760844e-13
7.97814457e+03 1.97526334e-13
7.58367791e+03 2.07799678e-13
7.20871503e+03 2.18607282e-13
6.85229160e+03 2.29976924e-13
6.51349095e+03 2.41937825e-13
6.19144176e+03 2.54520727e-13
5.88531578e+03 2.67757966e-13
5.59432571e+03 2.81683560e-13
5.31772318e+03 2.96333294e-13
5.05479682e+03 3.11744814e-13
4.80487044e+03 3.27957720e-13
4.56730127e+03 3.45013670e-13
4.34147833e+03 3.62956485e-13
4.12682085e+03 3.81832264e-13
3.92277676e+03 4.01689500e-13
3.72882131e+03 4.22579203e-13
3.54445567e+03 4.44555033e-13
3.36920571e+03 4.67673438e-13
3.20262069e+03 4.91993795e-13
3.04427221e+03 5.17578564e-13
2.89375302e+03 5.44493448e-13
2.75067601e+03 5.72807561e-13
2.61467321e+03 6.02593603e-13
2.48539486e+03 6.33928049e-13
2.36250847e+03 6.66891339e-13
2.24569800e+03 7.01568090e-13
2.13466303e+03 7.38047308e-13
2.02911802e+03 7.76422613e-13
1.92879151e+03 8.16792485e-13
1.83342548e+03 8.59260506e-13
1.74277468e+03 9.03935634e-13
1.65660596e+03 9.50932469e-13
1.57469771e+03 1.00037155e-12
1.49683929e+03 1.05237968e-12
1.42283046e+03 1.10709021e-12
1.35248087e+03 1.16464339e-12
1.28560961e+03 1.22518678e-12
1.22204469e+03 1.28887552e-12
1.16162263e+03 1.35587283e-12
1.10418805e+03 1.42635035e-12
1.04959323e+03 1.50048861e-12
9.97697764e+02 1.57847746e-12
9.48368187e+02 1.66051660e-12
9.01477631e+02 1.74681603e-12
8.56905505e+02 1.83759659e-12
8.14537177e+02 1.93309056e-12
7.74263683e+02 2.03354219e-12
7.35981448e+02 2.13920836e-12
6.99592017e+02 2.25035917e-12
6.65001803e+02 2.36727868e-12
6.32121848e+02 2.49026560e-12
6.00867589e+02 2.61963401e-12
5.71158648e+02 2.75571417e-12
5.42918618e+02 2.89885335e-12
5.16074871e+02 3.04941671e-12
4.90558371e+02 3.20778814e-12
4.66303493e+02 3.37437129e-12
4.43247859e+02 3.54959054e-12
4.21332174e+02 3.73389206e-12
4.00500076e+02 3.92774488e-12
3.80697987e+02 4.13164210e-12
3.61874981e+02 4.34610206e-12
3.43982649e+02 4.57166962e-12
3.26974974e+02 4.80891752e-12
3.10808217e+02 5.05844775e-12
2.95440800e+02 5.32089302e-12
2.80833200e+02 5.59691833e-12
2.66947849e+02 5.88722253e-12
2.53749038e+02 6.19254005e-12
2.41202821e+02 6.51364263e-12
2.29276931e+02 6.85134121e-12
2.17940698e+02 7.20648784e-12
2.07164968e+02 7.57997773e-12
1.96922026e+02 7.97275135e-12
1.87185529e+02 8.38579667e-12
1.77930439e+02 8.82015147e-12
1.69132952e+02 9.27690579e-12
1.60770442e+02 9.75720443e-12
1.52821404e+02 1.02622497e-11
1.45265393e+02 1.07933039e-11
1.38082977e+02 1.13516928e-11
1.31255684e+02 1.19388079e-11
1.24765955e+02 1.25561103e-11
1.18597101e+02 1.32051334e-11
1.12733256e+02 1.38874868e-11
1.07159340e+02 1.46048595e-11
1.01861017e+02 1.53590238e-11
9.68246612e+01 1.61518392e-11
9.20373200e+01 1.69852563e-11
8.74866812e+01 1.78613211e-11
8.31610415e+01 1.87821793e-11
7.90492762e+01 1.97500806e-11
7.51408106e+01 2.07673840e-11
7.14255929e+01 2.18365618e-11
6.78940681e+01 2.29602054e-11
6.45371540e+01 2.41410299e-11
6.13462172e+01 2.53818802e-11
5.83130511e+01 2.66857356e-11
5.54298552e+01 2.80557164e-11
5.26892142e+01 2.94950893e-11
5.00840799e+01 3.10072738e-11
4.76077523e+01 3.25958483e-11
4.52538628e+01 3.42645563e-11
4.30163576e+01 3.60173137e-11
4.08894823e+01 3.78582146e-11
3.88677669e+01 3.97915390e-11
3.69460121e+01 4.18217591e-11
3.51192753e+01 4.39535469e-11
3.33828586e+01 4.61917815e-11
3.17322963e+01 4.85415556e-11
3.01633435e+01 5.10081838e-11
2.86719650e+01 5.34982043e-11
2.72543253e+01 5.61997420e-11
2.59067786e+01 5.90330347e-11
2.46258592e+01 6.20039814e-11
2.34082728e+01 6.51186824e-11
2.22508880e+01 6.83834388e-11
2.11507282e+01 7.18047486e-11
2.01049642e+01 7.53893036e-11
1.91109062e+01 7.91439819e-11
1.81659979e+01 8.30758405e-11
1.72678090e+01 8.71921034e-11
1.64140297e+01 9.15001486e-11
1.56024641e+01 9.60074903e-11
1.48310251e+01 1.00721537e-10
1.40977287e+01 1.05646018e-10
1.34006890e+01 1.10789857e-10
1.27381132e+01 1.16169644e-10
1.21082975e+01 1.21784476e-10
1.15096220e+01 1.27647112e-10
1.09405471e+01 1.33762741e-10
1.03996091e+01 1.40142838e-10
9.88541702e+00 1.46784822e-10
9.39664831e+00 1.53702847e-10
8.93204600e+00 1.60901512e-10
8.49041520e+00 1.68386658e-10
8.07062014e+00 1.76163427e-10
7.67158118e+00 1.84236172e-10
7.29227206e+00 1.92608302e-10
6.93171728e+00 2.01282071e-10
6.58898955e+00 2.10258376e-10
6.26320745e+00 2.19536466e-10
5.95353313e+00 2.29113610e-10
5.65917016e+00 2.38984655e-10
5.37936150e+00 2.49141475e-10
5.11338754e+00 2.59572267e-10
4.86056423e+00 2.70260660e-10
4.62024137e+00 2.81184634e-10
4.39180089e+00 2.92315204e-10
4.17465529e+00 3.03614902e-10
3.96824610e+00 3.15036081e-10
3.77204249e+00 3.26519112e-10
3.58553986e+00 3.37990606e-10
3.40825855e+00 3.49361812e-10
3.23974263e+00 3.60527425e-10
3.07955871e+00 3.71365032e-10
2.92729484e+00 3.81735498e-10
2.78255940e+00 3.91484512e-10
2.64498018e+00 4.00445528e-10
2.51420335e+00 4.08444178e-10
2.38989257e+00 4.15304118e-10
2.27172813e+00 4.20854087e-10
2.15940615e+00 4.24935741e-10
2.05263775e+00 4.27411693e-10
1.95114835e+00 4.28173014e-10
1.85467692e+00 4.27145544e-10
1.76297538e+00 4.24294306e-10
1.67580786e+00 4.19625617e-10
1.59295021e+00 4.13186692e-10
1.51418933e+00 4.05062910e-10
1.43932264e+00 3.95373067e-10
1.36815763e+00 3.84263239e-10
1.30051125e+00 3.71899866e-10
1.23620954e+00 3.58462755e-10
1.17508713e+00 3.44138485e-10
1.11698682e+00 3.29114631e-10
1.06175918e+00 3.13574977e-10
1.00926219e+00 2.97695762e-10
9.59360829e-01 2.81642888e-10
9.11926760e-01 2.65569922e-10
8.66837993e-01 2.49616737e-10
8.23978568e-01 2.33908627e-10
7.83238260e-01 2.18555770e-10
7.44512291e-01 2.03652980e-10
7.07701066e-01 1.89279692e-10
6.72709914e-01 1.75500182e-10
6.39448843e-01 1.62364026e-10
6.07832313e-01 1.49906799e-10
5.77779012e-01 1.38150995e-10
5.49211648e-01 1.27107177e-10
5.22056753e-01 1.16775266e-10
4.96244488e-01 1.07145965e-10
4.71708469e-01 9.82022323e-11
4.48385595e-01 8.99207543e-11
4.26215883e-01 8.22733622e-11
4.05142317e-01 7.52283501e-11
3.85110700e-01 6.87516625e-11
3.66069515e-01 6.28084142e-11
3.47969790e-01 5.73620643e-11
3.30764978e-01 5.23773473e-11
3.14410830e-01 4.78195732e-11
2.98865287e-01 4.36553288e-11
2.84088369e-01 3.98527849e-11
2.70042072e-01 3.63819025e-11
2.56690272e-01 3.32145518e-11
2.43998630e-01 3.03245623e-11
2.31934506e-01 2.76877191e-11
2.20466874e-01 2.52817188e-11
2.09566240e-01 2.30860950e-11
1.99204571e-01 2.10821246e-11
1.89355218e-01 1.92527212e-11
1.79992851e-01 1.75823212e-11
1.71093391e-01 1.60567687e-11
1.62633950e-01 1.46632010e-11
1.54592774e-01 1.33899378e-11
1.46949180e-01 1.22263762e-11
1.39683512e-01 1.11829722e-11
1.32777083e-01 1.02094574e-11
1.26212131e-01 9.31917689e-12
1.19971774e-01 8.50497540e-12
1.14039960e-01 7.76034812e-12
1.08401436e-01 7.07937572e-12
1.03041699e-01 6.45666585e-12
9.79469667e-02 5.88730073e-12
9.31041349e-02 5.36679040e-12
8.85007491e-02 4.89103107e-12
8.41249705e-02 4.45626813e-12
7.99655453e-02 4.05568481e-12
7.60117762e-02 3.69389015e-12
7.22534949e-02 3.36347134e-12
6.86810359e-02 3.06178264e-12
6.52852114e-02 2.78639908e-12
6.20572881e-02 2.53509723e-12
5.89889643e-02 2.30583781e-12
5.60723488e-02 2.09675003e-12
5.32999408e-02 1.90611744e-12
5.06646101e-02 1.73236510e-12
4.81595791e-02 1.57404793e-12
4.57784054e-02 1.42984011e-12
4.35149650e-02 1.29852543e-12
4.13634368e-02 1.17898845e-12
3.93182876e-02 1.07020642e-12
3.73742574e-02 9.71241826e-13
3.55263468e-02 8.81235640e-13
3.37698031e-02 7.99400978e-13
3.21001090e-02 7.25017349e-13
3.05129702e-02 6.57342255e-13
2.90043049e-02 5.95921222e-13
2.75702333e-02 5.40142901e-13
2.62070670e-02 4.89502003e-13
2.49113003e-02 4.43536760e-13
2.36796007e-02 4.01825390e-13
2.25088005e-02 3.63982831e-13
2.13958887e-02 3.29657710e-13
2.03380031e-02 2.98529550e-13
1.93324229e-02 2.70306192e-13
1.83765620e-02 2.44721404e-13
1.74679622e-02 2.21532692e-13
1.66042866e-02 2.00519266e-13
1.57833141e-02 1.81480182e-13
1.50029332e-02 1.64232626e-13
1.42611371e-02 1.48610334e-13
1.35560179e-02 1.34462150e-13
1.28857621e-02 1.21650698e-13
1.22486461e-02 1.10051160e-13
1.16430313e-02 9.95501667e-14
1.10673602e-02 9.00447730e-14
1.05201522e-02 8.14415261e-14
1.00000000e-02 7.36556110e-14
