1.00000000e+20 0.00000000e+00
9.50556592e+19 0.00000000e+00
9.03557835e+19 0.00000000e+00
8.58882856e+19 0.00000000e+00
8.16416760e+19 0.00000000e+00
7.76050334e+19 0.00000000e+00
7.37679760e+19 0.00000000e+00
7.01206359e+19 0.00000000e+00
6.66536327e+19 0.00000000e+00
6.33580499e+19 0.00000000e+00
6.02254120e+19 0.00000000e+00
5.72476624e+19 0.00000000e+00
5.44171429e+19 0.00000000e+00
5.17265739e+19 0.00000000e+00
4.91690358e+19 0.00000000e+00
4.67379511e+19 0.00000000e+00
4.44270675e+19 0.00000000e+00
4.22304419e+19 0.00000000e+00
4.01424249e+19 0.00000000e+00
3.81576466e+19 0.00000000e+00
3.62710025e+19 0.00000000e+00
3.44776405e+19 0.00000000e+00
3.27729485e+19 0.00000000e+00
3.11525422e+19 0.00000000e+00
2.96122544e+19 0.00000000e+00
2.81481236e+19 0.00000000e+00
2.67563844e+19 0.00000000e+00
2.54334576e+19 0.00000000e+00
2.41759408e+19 0.00000000e+00
2.29805999e+19 0.00000000e+00
2.18443607e+19 0.00000000e+00
2.07643011e+19 0.00000000e+00
1.97376433e+19 0.00000000e+00
1.87617469e+19 0.00000000e+00
1.78341022e+19 0.00000000e+00
1.69523234e+19 0.00000000e+00
1.61141428e+19 0.00000000e+00
1.53174046e+19 0.00000000e+00
1.45600600e+19 0.00000000e+00
1.38401610e+19 0.00000000e+00
1.31558562e+19 0.00000000e+00
1.25053859e+19 0.00000000e+00
1.18870770e+19 0.00000000e+00
1.12993394e+19 0.00000000e+00
1.07406615e+19 0.00000000e+00
1.02096066e+19 0.00000000e+00
9.70480888e+18 0.00000000e+00
9.22497005e+18 0.00000000e+00
8.76885609e+18 0.00000000e+00
8.33529397e+18 0.00000000e+00
7.92316862e+18 0.00000000e+00
7.53142017e+18 0.00000000e+00
7.15904109e+18 0.00000000e+00
6.80507370e+18 0.00000000e+00
6.46860766e+18 0.00000000e+00
6.14877765e+18 0.00000000e+00
5.84476113e+18 0.00000000e+00
5.55577622e+18 0.00000000e+00
5.28107971e+18 0.00000000e+00
5.01996513e+18 0.00000000e+00
4.77176095e+18 0.00000000e+00
4.53582883e+18 0.00000000e+00
4.31156199e+18 0.00000000e+00
4.09838367e+18 0.00000000e+00
3.89574562e+18 0.00000000e+00
3.70312668e+18 0.00000000e+00
3.52003147e+18 0.00000000e+00
3.34598912e+18 0.00000000e+00
3.18055202e+18 0.00000000e+00
3.02329468e+18 0.00000000e+00
2.87381269e+18 0.00000000e+00
2.73172160e+18 0.00000000e+00
2.59665597e+18 0.00000000e+00
2.46826845e+18 0.00000000e+00
2.34622885e+18 0.00000000e+00
2.23022330e+18 0.00000000e+00
2.11995346e+18 0.00000000e+00
2.01513573e+18 0.00000000e+00
1.91550056e+18 0.00000000e+00
1.82079168e+18 0.00000000e+00
1.73076553e+18 0.00000000e+00
1.64519059e+18 0.00000000e+00
1.56384676e+18 0.00000000e+00
1.48652484e+18 0.00000000e+00
1.41302599e+18 0.00000000e+00
1.34316117e+18 0.00000000e+00
1.27675070e+18 0.00000000e+00
1.21362380e+18 0.00000000e+00
1.15361810e+18 0.00000000e+00
1.09657929e+18 0.00000000e+00
1.04236067e+18 0.00000000e+00
9.90822810e+17 0.00000000e+00
9.41833153e+17 0.00000000e+00
8.95265713e+17 0.00000000e+00
8.51000725e+17 0.00000000e+00
8.08924349e+17 0.00000000e+00
7.68928372e+17 0.00000000e+00
7.30909933e+17 0.00000000e+00
6.94771255e+17 0.00000000e+00
6.60419396e+17 0.00000000e+00
6.27766011e+17 0.00000000e+00
5.96727120e+17 1.95839395e-53
5.67222897e+17 1.20460242e-51
5.39177464e+17 4.49944989e-50
5.12518693e+17 1.59473016e-48
4.87178022e+17 4.61130253e-47
4.63090280e+17 9.18611235e-46
4.40193519e+17 2.21035065e-44
4.18428851e+17 3.57207353e-43
3.97740302e+17 5.26079660e-42
3.78074666e+17 7.11920345e-41
3.59381366e+17 7.42167442e-40
3.41612327e+17 7.91996542e-39
3.24721849e+17 7.40328283e-38
3.08666494e+17 5.96422631e-37
2.93404971e+17 4.32173905e-36
2.78898029e+17 3.06055937e-35
2.65108360e+17 1.71047550e-34
2.52000499e+17 9.74358290e-34
2.39540736e+17 4.20959369e-33
2.27697026e+17 2.11374419e-32
2.16438909e+17 8.17593165e-32
2.05737431e+17 3.69850932e-31
1.95565072e+17 1.22276947e-30
1.85895668e+17 4.28292924e-30
1.76704353e+17 1.41598538e-29
1.67967487e+17 4.95969628e-29
1.59662602e+17 1.26963767e-28
1.51768339e+17 3.80109879e-28
1.44264395e+17 1.13155317e-27
1.37131472e+17 2.34965328e-27
1.30351224e+17 6.48443941e-27
1.23906216e+17 1.27755068e-26
1.17779870e+17 3.27861461e-26
1.11956432e+17 6.14432256e-26
1.06420924e+17 1.11742256e-25
1.01159111e+17 2.35983950e-25
9.61574600e+16 4.91039639e-25
9.14031075e+16 8.05875160e-25
8.68838264e+16 1.58771837e-24
8.25879939e+16 2.59761406e-24
7.85045620e+16 3.97259865e-24
7.46230289e+16 7.44489074e-24
7.09334120e+16 1.06772679e-23
6.74262224e+16 1.70394126e-23
6.40924402e+16 2.78776256e-23
6.09234915e+16 3.44962944e-23
5.79112265e+16 5.65560233e-23
5.50478981e+16 7.78983945e-23
5.23261424e+16 1.11719854e-22
4.97389596e+16 1.38121447e-22
4.72796959e+16 2.25856833e-22
4.49420266e+16 2.84390931e-22
4.27199397e+16 3.51911331e-22
4.06077203e+16 4.24038542e-22
3.85999362e+16 5.62509374e-22
3.66914238e+16 6.80030371e-22
3.48772747e+16 9.00078484e-22
3.31528234e+16 1.08337319e-21
3.15136348e+16 1.33942993e-21
2.99554933e+16 1.68574118e-21
2.84743917e+16 1.64369598e-21
2.70665207e+16 2.08214419e-21
2.57282597e+16 2.62207135e-21
2.44561668e+16 3.24468103e-21
2.32469706e+16 3.16421765e-21
2.20975611e+16 3.81322909e-21
2.10049824e+16 4.43602536e-21
1.99664245e+16 4.93407820e-21
1.89792164e+16 5.36136169e-21
1.80408193e+16 5.82116862e-21
1.71488197e+16 6.46735496e-21
1.63009236e+16 7.51946174e-21
1.54949504e+16 7.33839877e-21
1.47288272e+16 8.83464689e-21
1.40005838e+16 8.62410502e-21
1.33083472e+16 1.06712855e-20
1.26503372e+16 1.04235468e-20
1.20248614e+16 1.01869111e-20
1.14303113e+16 1.28084728e-20
1.08651577e+16 1.25218469e-20
1.03279473e+16 1.22484766e-20
9.81729841e+15 1.20022626e-20
9.33189772e+15 1.52050785e-20
8.87049689e+15 1.48362150e-20
8.43190929e+15 1.45546730e-20
8.01500696e+15 1.43070748e-20
7.61871770e+15 1.40662810e-20
7.24202233e+15 1.75732516e-20
6.88395207e+15 1.72540194e-20
6.54358602e+15 1.69400136e-20
6.22004883e+15 1.66682670e-20
5.91250841e+15 1.63789225e-20
5.62017385e+15 2.01799746e-20
5.34229330e+15 1.98560561e-20
5.07815211e+15 1.94684650e-20
4.82707097e+15 1.93563235e-20
4.58840413e+15 1.89128159e-20
4.36153779e+15 1.88554980e-20
4.14588850e+15 1.85580334e-20
3.94090164e+15 1.82700018e-20
3.74605003e+15 2.20294747e-20
3.56083255e+15 2.15773402e-20
3.38477286e+15 2.12522491e-20
3.21741815e+15 2.10432214e-20
3.05833803e+15 2.10936603e-20
2.90712338e+15 2.09047528e-20
2.76338529e+15 2.05251713e-20
2.62675410e+15 2.05209705e-20
2.49687843e+15 2.07074833e-20
2.37342425e+15 2.32348620e-20
2.25607407e+15 2.32826140e-20
2.14452608e+15 2.30484568e-20
2.03849340e+15 2.25794645e-20
1.93770334e+15 2.21750163e-20
1.84189668e+15 2.30127221e-20
1.75082703e+15 2.26736405e-20
1.66426018e+15 2.72549757e-20
1.58197348e+15 2.66275578e-20
1.50375532e+15 2.60122747e-20
1.42940453e+15 2.53613997e-20
1.35872990e+15 2.54103396e-20
1.29154967e+15 2.48189347e-20
1.22769105e+15 2.42397784e-20
1.16698982e+15 2.35792714e-20
1.10928986e+15 2.38252395e-20
1.05444279e+15 2.38209867e-20
1.00230755e+15 2.39330781e-20
9.52750047e+14 2.34992211e-20
9.05642838e+14 2.30704940e-20
8.60864770e+14 2.48240042e-20
8.18300682e+14 2.42168236e-20
7.77841107e+14 2.40635383e-20
7.39381992e+14 2.37174250e-20
7.02824426e+14 2.35307114e-20
6.68074392e+14 2.33420262e-20
6.35042517e+14 2.30366706e-20
6.03643851e+14 2.41635648e-20
5.73797641e+14 2.30957784e-20
5.45427131e+14 2.33070530e-20
5.18459354e+14 2.48677723e-20
4.92824957e+14 2.31247046e-20
4.68458012e+14 2.39393011e-20
4.45295851e+14 2.41737988e-20
4.23278907e+14 2.43530094e-20
4.02350555e+14 2.40292263e-20
3.82456972e+14 2.37836245e-20
3.63546996e+14 2.39927676e-20
3.45571994e+14 2.35495818e-20
3.28485737e+14 2.33918723e-20
3.12244282e+14 2.40549423e-20
2.96805861e+14 2.36582828e-20
2.82130768e+14 2.36168508e-20
2.68181261e+14 2.42959348e-20
2.54921465e+14 2.40819360e-20
2.42317279e+14 2.41738377e-20
2.30336287e+14 2.39389005e-20
2.18947676e+14 2.37513618e-20
2.08122157e+14 2.36605564e-20
1.97831888e+14 2.35943412e-20
1.88050406e+14 2.40577267e-20
1.78752553e+14 2.38416340e-20
1.69914417e+14 2.37241116e-20
1.61513269e+14 2.38229283e-20
1.53527503e+14 2.37639912e-20
1.45936580e+14 2.36224600e-20
1.38720978e+14 2.36591728e-20
1.31862140e+14 2.40513386e-20
1.25342427e+14 2.37059096e-20
1.19145070e+14 2.39614492e-20
1.13254132e+14 2.38142328e-20
1.07654461e+14 2.37427353e-20
1.02331658e+14 2.36843284e-20
9.72720319e+13 2.36951791e-20
9.24625712e+13 2.36884827e-20
8.78909065e+13 2.37891624e-20
8.35452806e+13 2.37768546e-20
7.94145172e+13 2.37263676e-20
7.54879928e+13 2.37202088e-20
7.17556092e+13 2.37302414e-20
6.82077673e+13 2.37765775e-20
6.48353429e+13 2.37606940e-20
6.16296626e+13 2.37981685e-20
5.85824820e+13 2.38092594e-20
5.56859644e+13 2.37526789e-20
5.29326606e+13 2.37429437e-20
5.03154895e+13 2.38181661e-20
4.78277202e+13 2.37549778e-20
4.54629547e+13 2.37790202e-20
4.32151113e+13 2.37447043e-20
4.10784089e+13 2.37641405e-20
3.90473524e+13 2.37215068e-20
3.71167182e+13 2.37635757e-20
3.52815412e+13 2.37579243e-20
3.35371015e+13 2.37531097e-20
3.18789129e+13 2.37481268e-20
3.03027108e+13 2.37601082e-20
2.88044415e+13 2.37379322e-20
2.73802518e+13 2.37339571e-20
2.60264788e+13 2.37255117e-20
2.47396410e+13 2.37579495e-20
2.35164288e+13 2.37564258e-20
2.23536965e+13 2.37557562e-20
2.12484535e+13 2.37398281e-20
2.01978576e+13 2.37559349e-20
1.91992067e+13 2.37413968e-20
1.82499324e+13 2.37275205e-20
1.73475936e+13 2.37381555e-20
1.64898694e+13 2.37641298e-20
1.56745541e+13 2.37513576e-20
1.48995507e+13 2.37499727e-20
1.41628662e+13 2.37596309e-20
1.34626058e+13 2.37409902e-20
1.27969687e+13 2.37456733e-20
1.21642429e+13 2.37469840e-20
1.15628013e+13 2.37657214e-20
1.09910970e+13 2.37637637e-20
1.04476597e+13 2.37507212e-20
9.93109181e+12 2.37611550e-20
9.44006479e+12 2.37667283e-20
8.97331581e+12 2.37684745e-20
8.52964450e+12 2.37611256e-20
8.10790981e+12 2.37681953e-20
7.70702711e+12 2.37610975e-20
7.32596543e+12 2.37709562e-20
6.96374473e+12 2.37692639e-20
6.61943346e+12 2.37714893e-20
6.29214611e+12 2.37647123e-20
5.98104096e+12 2.37701330e-20
5.68531791e+12 2.37759758e-20
5.40421642e+12 2.37858244e-20
5.13701354e+12 2.37833905e-20
4.88302209e+12 2.37797240e-20
4.64158883e+12 2.37839345e-20
4.41209286e+12 2.37886379e-20
4.19394396e+12 2.37910166e-20
3.98658107e+12 2.37965814e-20
3.78947092e+12 2.37993248e-20
3.60210656e+12 2.37985740e-20
3.42400614e+12 2.38067649e-20
3.25471161e+12 2.38068695e-20
3.09378757e+12 2.38114093e-20
2.94082017e+12 2.38181081e-20
2.79541600e+12 2.38203019e-20
2.65720111e+12 2.38221869e-20
2.52582003e+12 2.38308702e-20
2.40093488e+12 2.38359381e-20
2.28222447e+12 2.38405999e-20
2.16938352e+12 2.38457608e-20
2.06212180e+12 2.38532231e-20
1.96016347e+12 2.38589553e-20
1.86324631e+12 2.38656664e-20
1.77112106e+12 2.38719624e-20
1.68355080e+12 2.38780699e-20
1.60031031e+12 2.38873291e-20
1.52118552e+12 2.38964562e-20
1.44597292e+12 2.39037304e-20
1.37447909e+12 2.39139610e-20
1.30652016e+12 2.39246680e-20
1.24192135e+12 2.39323547e-20
1.18051653e+12 2.39431401e-20
1.12214777e+12 2.39548289e-20
1.06666496e+12 2.39667640e-20
1.01392541e+12 2.39782411e-20
9.63793480e+11 2.39922255e-20
9.16140246e+11 2.40066504e-20
8.70843150e+11 2.40194493e-20
8.27785697e+11 2.40346718e-20
7.86857151e+11 2.40518933e-20
7.47952252e+11 2.40681953e-20
7.10970943e+11 2.40858215e-20
6.75818117e+11 2.41042483e-20
6.42403366e+11 2.41232356e-20
6.10640754e+11 2.41434411e-20
5.80448594e+11 2.41657189e-20
5.51749238e+11 2.41882038e-20
5.24468875e+11 2.42115854e-20
4.98537346e+11 2.42372535e-20
4.73887961e+11 2.42644246e-20
4.50457325e+11 2.42914811e-20
4.28185180e+11 2.43205258e-20
4.07014245e+11 2.43519499e-20
3.86890074e+11 2.43838609e-20
3.67760910e+11 2.44181304e-20
3.49577557e+11 2.44542184e-20
3.32293252e+11 2.44917706e-20
3.15863541e+11 2.45310796e-20
3.00246171e+11 2.45727171e-20
2.85400977e+11 2.46166612e-20
2.71289780e+11 2.46627656e-20
2.57876289e+11 2.47112446e-20
2.45126006e+11 2.47626521e-20
2.33006141e+11 2.48164519e-20
2.21485523e+11 2.48730113e-20
2.10534524e+11 2.49327180e-20
2.00124980e+11 2.49955579e-20
1.90230119e+11 2.50608408e-20
1.80824493e+11 2.51303160e-20
1.71883914e+11 2.52031549e-20
1.63385388e+11 2.52798905e-20
1.55307057e+11 2.53606446e-20
1.47628147e+11 2.54458430e-20
1.40328908e+11 2.55348261e-20
1.33390569e+11 2.56288879e-20
1.26795285e+11 2.57274980e-20
1.20526094e+11 2.58313395e-20
1.14566873e+11 2.59409411e-20
1.08902296e+11 2.60559195e-20
1.03517796e+11 2.61771029e-20
9.83995230e+10 2.63043854e-20
9.35343152e+10 2.64384205e-20
8.89096599e+10 2.65793755e-20
8.45136633e+10 2.67276025e-20
8.03350198e+10 2.68836955e-20
7.63629826e+10 2.70476503e-20
7.25873365e+10 2.72202356e-20
6.89983712e+10 2.74018759e-20
6.55868566e+10 2.75929248e-20
6.23440189e+10 2.77939129e-20
5.92615181e+10 2.80053824e-20
5.63314267e+10 2.82278325e-20
5.35462090e+10 2.84619040e-20
5.08987019e+10 2.87080003e-20
4.83820966e+10 2.89671186e-20
4.59899209e+10 2.92394969e-20
4.37160225e+10 2.95261295e-20
4.15545533e+10 2.98277893e-20
3.94999546e+10 3.01449720e-20
3.75469422e+10 3.04787874e-20
3.56904935e+10 3.08324484e-20
3.39258338e+10 3.12017709e-20
3.22484250e+10 3.15904001e-20
3.06539530e+10 3.19992276e-20
2.91383170e+10 3.24292484e-20
2.76976194e+10 3.28816679e-20
2.63281547e+10 3.33576318e-20
2.50264010e+10 3.38583262e-20
2.37890104e+10 3.43850589e-20
2.26128007e+10 3.49392981e-20
2.14947467e+10 3.55222102e-20
2.04319732e+10 3.61355267e-20
1.94217468e+10 3.67807028e-20
1.84614695e+10 3.74594998e-20
1.75486715e+10 3.81735531e-20
1.66810054e+10 3.89247907e-20
1.58562396e+10 3.97150845e-20
1.50722531e+10 4.05464995e-20
1.43270295e+10 4.14211314e-20
1.36186524e+10 4.23486899e-20
1.29452998e+10 4.33166849e-20
1.23052400e+10 4.43350183e-20
1.16968270e+10 4.54063509e-20
1.11184960e+10 4.65333952e-20
1.05687597e+10 4.77190517e-20
1.00462042e+10 4.89664174e-20
9.54948564e+09 5.02997968e-20
9.07732653e+09 5.16802262e-20
8.62851257e+09 5.31323905e-20
8.20188950e+09 5.46602307e-20
7.79636013e+09 5.62674374e-20
7.41088152e+09 5.79583617e-20
7.04446228e+09 5.97371608e-20
6.69616005e+09 6.16084490e-20
6.36507908e+09 6.35771824e-20
6.05036788e+09 6.56482594e-20
5.75121707e+09 6.78270623e-20
5.46685730e+09 7.01192173e-20
5.19655724e+09 7.25306330e-20
4.93962174e+09 7.50674418e-20
4.69539001e+09 7.77360613e-20
4.46323393e+09 8.05435968e-20
4.24255643e+09 8.34973402e-20
4.03278998e+09 8.66045496e-20
3.83339510e+09 8.98734184e-20
3.64385898e+09 9.33122490e-20
3.46369418e+09 9.69300408e-20
3.29243733e+09 1.00736008e-19
3.12964801e+09 1.04739911e-19
2.97490755e+09 1.08952123e-19
2.82781798e+09 1.13383387e-19
2.68800102e+09 1.18045035e-19
2.55509709e+09 1.22949387e-19
2.42876438e+09 1.28108721e-19
2.30867799e+09 1.33536400e-19
2.19452909e+09 1.39246502e-19
2.08602409e+09 1.45253473e-19
1.98288395e+09 1.51572981e-19
1.88484341e+09 1.58221172e-19
1.79165033e+09 1.65215200e-19
1.70306503e+09 1.72573061e-19
1.61885969e+09 1.80313577e-19
1.53881775e+09 1.88456687e-19
1.46273336e+09 1.97023362e-19
1.39041083e+09 2.06035746e-19
1.32166418e+09 2.15516768e-19
1.25631660e+09 2.25491049e-19
1.19420003e+09 2.36047085e-19
1.13515471e+09 2.47086049e-19
1.07902879e+09 2.58699198e-19
1.02567793e+09 2.70916398e-19
9.74964918e+08 2.83769107e-19
9.26759330e+08 2.97290349e-19
8.80937190e+08 3.11514851e-19
8.37380654e+08 3.26479252e-19
7.95977700e+08 3.42222104e-19
7.56621850e+08 3.58783702e-19
7.19211887e+08 3.76206790e-19
6.83651600e+08 3.94536237e-19
6.49849535e+08 4.13819040e-19
6.17718760e+08 4.34104845e-19
5.87176639e+08 4.55445765e-19
5.58144625e+08 4.77896751e-19
5.30548053e+08 5.01515603e-19
5.04315949e+08 5.26362961e-19
4.79380850e+08 5.52502758e-19
4.55678627e+08 5.80002211e-19
4.33148322e+08 6.08932024e-19
4.11731993e+08 6.39366726e-19
3.91374560e+08 6.71384411e-19
3.72023668e+08 7.05067470e-19
3.53629550e+08 7.40502709e-19
3.36144900e+08 7.77780915e-19
3.19524751e+08 8.16998254e-19
3.03726358e+08 8.58255621e-19
2.88709092e+08 9.01658842e-19
2.74434330e+08 9.47319691e-19
2.60865362e+08 9.95355642e-19
2.47967289e+08 1.04589019e-18
2.35706941e+08 1.09905331e-18
2.24052787e+08 1.15498169e-18
2.12974854e+08 1.21381929e-18
2.02444651e+08 1.27571724e-18
1.92435098e+08 1.34083488e-18
1.82920450e+08 1.40933955e-18
1.73876240e+08 1.48140763e-18
1.65279206e+08 1.55722419e-18
1.57107239e+08 1.63698449e-18
1.49339322e+08 1.72089355e-18
1.41955477e+08 1.80916707e-18
1.34936714e+08 1.90203218e-18
1.28264983e+08 1.99972772e-18
1.21923125e+08 2.10250491e-18
1.15894830e+08 2.21062811e-18
1.10164595e+08 2.32437529e-18
1.04717682e+08 2.44403906e-18
9.95400829e+07 2.56992723e-18
9.46184819e+07 2.70236340e-18
8.99402217e+07 2.84168834e-18
8.54932707e+07 2.98826034e-18
8.12661920e+07 3.14245624e-18
7.72481145e+07 3.30467268e-18
7.34287045e+07 3.47532687e-18
6.97981391e+07 3.65485762e-18
6.63470812e+07 3.84372676e-18
6.30666554e+07 4.04241993e-18
5.99484250e+07 4.25144821e-18
5.69843706e+07 4.47134916e-18
5.41668691e+07 4.70268822e-18
5.14886745e+07 4.94606049e-18
4.89428990e+07 5.20209180e-18
4.65229952e+07 5.47144069e-18
4.42227398e+07 5.75479972e-18
4.20362168e+07 6.05289774e-18
3.99578030e+07 6.36650151e-18
3.79821531e+07 6.69641736e-18
3.61041860e+07 7.04349387e-18
3.43190720e+07 7.40862364e-18
3.26222201e+07 7.79274576e-18
3.10092664e+07 8.19684805e-18
2.94760626e+07 8.62196979e-18
2.80186656e+07 9.06920431e-18
2.66333273e+07 9.53970185e-18
2.53164848e+07 1.00346725e-17
2.40647515e+07 1.05553890e-17
2.28749082e+07 1.11031908e-17
2.17438948e+07 1.16794865e-17
2.06688025e+07 1.22857586e-17
1.96468665e+07 1.29235659e-17
1.86754584e+07 1.35945489e-17
1.77520801e+07 1.43004332e-17
1.68743568e+07 1.50430342e-17
1.60400311e+07 1.58242619e-17
1.52469573e+07 1.66461252e-17
1.44930957e+07 1.75107379e-17
1.37765077e+07 1.84203237e-17
1.30953502e+07 1.93772217e-17
1.24478715e+07 2.03838931e-17
1.18324063e+07 2.14429266e-17
1.12473718e+07 2.25570460e-17
1.06912634e+07 2.37291166e-17
1.01626509e+07 2.49621528e-17
9.66017480e+06 2.62593255e-17
9.18254284e+06 2.76239709e-17
8.72852662e+06 2.90595987e-17
8.29695852e+06 3.05699010e-17
7.88672862e+06 3.21587620e-17
7.49678187e+06 3.38302680e-17
7.12611543e+06 3.55887177e-17
6.77377600e+06 3.74386335e-17
6.43885743e+06 3.93847733e-17
6.12049837e+06 4.14321418e-17
5.81788007e+06 4.35860046e-17
5.53022426e+06 4.58519011e-17
5.25679112e+06 4.82356587e-17
4.99687745e+06 5.07434080e-17
4.74981480e+06 5.33815985e-17
4.51496777e+06 5.61570148e-17
4.29173238e+06 5.90767952e-17
4.07953450e+06 6.21484487e-17
3.87782841e+06 6.53798748e-17
3.68609536e+06 6.87793843e-17
3.50384225e+06 7.23557201e-17
3.33060034e+06 7.61180797e-17
3.16592411e+06 8.00761393e-17
3.00939003e+06 8.42400783e-17
2.86059554e+06 8.86206056e-17
2.71915794e+06 9.32289869e-17
2.58471351e+06 9.80770742e-17
2.45691646e+06 1.03177336e-16
2.33543814e+06 1.08542889e-16
2.21996612e+06 1.14187532e-16
2.11020343e+06 1.20125783e-16
2.00586778e+06 1.26372913e-16
1.90669084e+06 1.32944989e-16
1.81241755e+06 1.39858913e-16
1.72280545e+06 1.47132467e-16
1.63762407e+06 1.54784356e-16
1.55665436e+06 1.62834260e-16
1.47968806e+06 1.71302881e-16
1.40652724e+06 1.80212000e-16
1.33698374e+06 1.89584529e-16
1.27087871e+06 1.99444572e-16
1.20804213e+06 2.09817487e-16
1.14831241e+06 2.20729952e-16
1.09153594e+06 2.32210031e-16
1.03756668e+06 2.44287250e-16
9.86265846e+05 2.56992668e-16
9.37501502e+05 2.70358961e-16
8.91148232e+05 2.84420505e-16
8.47086827e+05 2.99213464e-16
8.05203967e+05 3.14775882e-16
7.65391939e+05 3.31147783e-16
7.27548353e+05 3.48371272e-16
6.91575883e+05 3.66490645e-16
6.57382014e+05 3.85552503e-16
6.24878807e+05 4.05605867e-16
5.93982669e+05 4.26702312e-16
5.64614142e+05 4.48896094e-16
5.36697695e+05 4.72244291e-16
5.10161531e+05 4.96806951e-16
4.84937407e+05 5.22647244e-16
4.60960449e+05 5.49831626e-16
4.38168993e+05 5.78430011e-16
4.16504425e+05 6.08515948e-16
3.95911027e+05 6.40166814e-16
3.76335836e+05 6.73464008e-16
3.57728510e+05 7.08493165e-16
3.40041193e+05 7.45344372e-16
3.23228398e+05 7.84112406e-16
3.07246884e+05 8.24896969e-16
2.92055551e+05 8.67802954e-16
2.77615329e+05 9.12940705e-16
2.63889081e+05 9.60426310e-16
2.50841506e+05 1.01038189e-15
2.38439047e+05 1.06293593e-15
2.26649808e+05 1.11822358e-15
2.15443469e+05 1.17638704e-15
2.04791210e+05 1.23757588e-15
1.94665634e+05 1.30194748e-15
1.85040702e+05 1.36966740e-15
1.75891659e+05 1.44090978e-15
1.67194976e+05 1.51585786e-15
1.58928287e+05 1.59470440e-15
1.51070330e+05 1.67765216e-15
1.43600898e+05 1.76491448e-15
1.36500781e+05 1.85671578e-15
1.29751717e+05 1.95329215e-15
1.23336350e+05 2.05489199e-15
1.17238180e+05 2.16177658e-15
1.11441525e+05 2.27422081e-15
1.05931476e+05 2.39251387e-15
1.00693863e+05 2.51696000e-15
9.57152154e+04 2.64787924e-15
9.09827289e+04 2.78560831e-15
8.64842328e+04 2.93050141e-15
8.22081576e+04 3.08293120e-15
7.81435061e+04 3.24328969e-15
7.42798248e+04 3.41198930e-15
7.06071771e+04 3.58946390e-15
6.71161177e+04 3.77616994e-15
6.37976681e+04 3.97258759e-15
6.06432940e+04 4.17922201e-15
5.76448828e+04 4.39660463e-15
5.47947234e+04 4.62529454e-15
5.20854855e+04 4.86587988e-15
4.95102016e+04 5.11897942e-15
4.70622485e+04 5.38524409e-15
4.47353305e+04 5.66535868e-15
4.25234633e+04 5.96004363e-15
4.04209584e+04 6.27005682e-15
3.84224085e+04 6.59619557e-15
3.65226736e+04 6.93929868e-15
3.47168682e+04 7.30024855e-15
3.30003479e+04 7.67997352e-15
3.13686982e+04 8.07945021e-15
2.98177229e+04 8.49970602e-15
2.83434331e+04 8.94182182e-15
2.69420371e+04 9.40693468e-15
2.56099310e+04 9.89624084e-15
2.43436887e+04 1.04109988e-14
2.31400538e+04 1.09525324e-14
2.19959307e+04 1.15222344e-14
2.09083769e+04 1.21215702e-14
1.98745955e+04 1.27520811e-14
1.88919278e+04 1.34153888e-14
1.79578465e+04 1.41131994e-14
1.70699493e+04 1.48473075e-14
1.62259529e+04 1.56196013e-14
1.54236865e+04 1.64320671e-14
1.46610868e+04 1.72867945e-14
1.39361927e+04 1.81859820e-14
1.32471399e+04 1.91319422e-14
1.25921561e+04 2.01271082e-14
1.19695570e+04 2.11740396e-14
1.13777413e+04 2.22754291e-14
1.08151870e+04 2.34341096e-14
1.02804473e+04 2.46530614e-14
9.77214697e+03 2.59354196e-14
9.28897872e+03 2.72844826e-14
8.82969996e+03 2.87037204e-14
8.39312950e+03 3.01967835e-14
7.97814457e+03 3.17675122e-14
7.58367791e+03 3.34199467e-14
7.20871503e+03 3.51583374e-14
6.85229160e+03 3.69871558e-14
6.51349095e+03 3.89111061e-14
6.19144176e+03 4.09351371e-14
5.88531578e+03 4.30644552e-14
5.59432571e+03 4.53045377e-14
5.31772318e+03 4.76611468e-14
5.05479682e+03 5.01403445e-14
4.80487044e+03 5.27485083e-14
4.56730127e+03 5.54923474e-14
4.34147833e+03 5.83789203e-14
4.12682085e+03 6.14156525e-14
3.92277676e+03 6.46103562e-14
3.72882131e+03 6.79712498e-14
3.54445567e+03 7.15069795e-14
3.36920571e+03 7.52266416e-14
3.20262069e+03 7.91398055e-14
3.04427221e+03 8.32565386e-14
2.89375302e+03 8.75874324e-14
2.75067601e+03 9.21436294e-14
2.61467321e+03 9.69368523e-14
2.48539486e+03 1.01979434e-13
2.36250847e+03 1.07284348e-13
2.24569800e+03 1.12865245e-13
2.13466303e+03 1.18736485e-13
2.02911802e+03 1.24913176e-13
1.92879151e+03 1.31411213e-13
1.83342548e+03 1.38247316e-13
1.74277468e+03 1.45439078e-13
1.65660596e+03 1.53005007e-13
1.57469771e+03 1.60964575e-13
1.49683929e+03 1.69338267e-13
1.42283046e+03 1.78147636e-13
1.35248087e+03 1.87415356e-13
1.28560961e+03 1.97165282e-13
1.22204469e+03 2.07422512e-13
1.16162263e+03 2.18213451e-13
1.10418805e+03 2.29565879e-13
1.04959323e+03 2.41509023e-13
9.97697764e+02 2.54073633e-13
9.48368187e+02 2.67292061e-13
9.01477631e+02 2.81198345e-13
8.56905505e+02 2.95828296e-13
8.14537177e+02 3.11219592e-13
7.74263683e+02 3.27411874e-13
7.35981448e+02 3.44446850e-13
6.99592017e+02 3.62368402e-13
6.65001803e+02 3.81222700e-13
6.32121848e+02 4.01058322e-13
6.00867589e+02 4.21926379e-13
5.71158648e+02 4.43880649e-13
5.42918618e+02 4.66977716e-13
5.16074871e+02 4.91277114e-13
4.90558371e+02 5.16841488e-13
4.66303493e+02 5.43736749e-13
4.43247859e+02 5.72032253e-13
4.21332174e+02 6.01800976e-13
4.00500076e+02 6.33119707e-13
3.80697987e+02 6.66069246e-13
3.61874981e+02 7.00734619e-13
3.43982649e+02 7.37205294e-13
3.26974974e+02 7.75575420e-13
3.10808217e+02 8.15944069e-13
2.95440800e+02 8.58415502e-13
2.80833200e+02 9.03099435e-13
2.66947849e+02 9.50111332e-13
2.53749038e+02 9.99572707e-13
2.41202821e+02 1.05161144e-12
2.29276931e+02 1.10636214e-12
2.17940698e+02 1.16396644e-12
2.07164968e+02 1.22457344e-12
1.96922026e+02 1.28834008e-12
1.87185529e+02 1.35543153e-12
1.77930439e+02 1.42602166e-12
1.69132952e+02 1.50029350e-12
1.60770442e+02 1.57843972e-12
1.52821404e+02 1.66066315e-12
1.45265393e+02 1.74717735e-12
1.38082977e+02 1.83820714e-12
1.31255684e+02 1.93398926e-12
1.24765955e+02 2.03477297e-12
1.18597101e+02 2.14082078e-12
1.12733256e+02 2.25240913e-12
1.07159340e+02 2.36982915e-12
1.01861017e+02 2.49338752e-12
9.68246612e+01 2.62340727e-12
9.20373200e+01 2.76022870e-12
8.74866812e+01 2.90421036e-12
8.31610415e+01 3.05573006e-12
7.90492762e+01 3.21518593e-12
7.51408106e+01 3.38299761e-12
7.14255929e+01 3.55960742e-12
6.78940681e+01 3.74548171e-12
6.45371540e+01 3.94111221e-12
6.13462172e+01 4.14701751e-12
5.83130511e+01 4.36374465e-12
5.54298552e+01 4.59187074e-12
5.26892142e+01 4.83200482e-12
5.00840799e+01 5.08478973e-12
4.76077523e+01 5.35090415e-12
4.52538628e+01 5.63106483e-12
4.30163576e+01 5.92602892e-12
4.08894823e+01 6.23659649e-12
3.88677669e+01 6.56361327e-12
3.69460121e+01 6.90797354e-12
3.51192753e+01 7.27062331e-12
3.33828586e+01 7.65256369e-12
3.17322963e+01 8.05485460e-12
3.01633435e+01 8.47861870e-12
2.86719650e+01 8.90855930e-12
2.72543253e+01 9.37626580e-12
2.59067786e+01 9.86881389e-12
2.46258592e+01 1.03875577e-11
2.34082728e+01 1.09339295e-11
2.22508880e+01 1.15094441e-11
2.11507282e+01 1.21157049e-11
2.01049642e+01 1.27544087e-11
1.91109062e+01 1.34273527e-11
1.81659979e+01 1.41364401e-11
1.72678090e+01 1.48836879e-11
1.64140297e+01 1.56712336e-11
1.56024641e+01 1.65013438e-11
1.48310251e+01 1.73763866e-11
1.40977287e+01 1.82982510e-11
1.34006890e+01 1.92703638e-11
1.27381132e+01 2.02955215e-11
1.21082975e+01 2.13772316e-11
1.15096220e+01 2.25180377e-11
1.09405471e+01 2.37217424e-11
1.03996091e+01 2.49919089e-11
9.88541702e+00 2.63323327e-11
9.39664831e+00 2.77471560e-11
8.93204600e+00 2.92407233e-11
8.49041520e+00 3.08176729e-11
8.07062014e+00 3.24829129e-11
7.67158118e+00 3.42416469e-11
7.29227206e+00 3.60993854e-11
6.93171728e+00 3.80619456e-11
6.58898955e+00 4.01354571e-11
6.26320745e+00 4.23263498e-11
5.95353313e+00 4.46413316e-11
5.65917016e+00 4.70873423e-11
5.37936150e+00 4.96714787e-11
5.11338754e+00 5.24008792e-11
4.86056423e+00 5.52825562e-11
4.62024137e+00 5.83231627e-11
4.39180089e+00 6.15286812e-11
4.17465529e+00 6.49040225e-11
3.96824610e+00 6.84525275e-11
3.77204249e+00 7.21753713e-11
3.58553986e+00 7.60708773e-11
3.40825855e+00 8.01337615e-11
3.23974263e+00 8.43543430e-11
3.07955871e+00 8.87177716e-11
2.92729484e+00 9.32033399e-11
2.78255940e+00 9.77839598e-11
2.64498018e+00 1.02425891e-10
2.51420335e+00 1.07088804e-10
2.38989257e+00 1.11726251e-10
2.27172813e+00 1.16286566e-10
2.15940615e+00 1.20714216e-10
2.05263775e+00 1.24951517e-10
1.95114835e+00 1.28940618e-10
1.85467692e+00 1.32625606e-10
1.76297538e+00 1.35954547e-10
1.67580786e+00 1.38881290e-10
1.59295021e+00 1.41366881e-10
1.51418933e+00 1.43380514e-10
1.43932264e+00 1.44899975e-10
1.36815763e+00 1.45911618e-10
1.30051125e+00 1.46409961e-10
1.23620954e+00 1.46397025e-10
1.17508713e+00 1.45881537e-10
1.11698682e+00 1.44878113e-10
1.06175918e+00 1.43406500e-10
1.00926219e+00 1.41490912e-10
9.59360829e-01 1.39159466e-10
9.11926760e-01 1.36443700e-10
8.66837993e-01 1.33378116e-10
8.23978568e-01 1.29999710e-10
7.83238260e-01 1.26347450e-10
7.44512291e-01 1.22461680e-10
7.07701066e-01 1.18383445e-10
6.72709914e-01 1.14153760e-10
6.39448843e-01 1.09812853e-10
6.07832313e-01 1.05399622e-10
5.77779012e-01 1.00950187e-10
5.49211648e-01 9.64984478e-11
5.22056753e-01 9.20748796e-11
4.96244488e-01 8.77064162e-11
4.71708469e-01 8.34162884e-11
4.48385595e-01 7.92240041e-11
4.26215883e-01 7.51454495e-11
4.05142317e-01 7.11930908e-11
3.85110700e-01 6.73762493e-11
3.66069515e-01 6.37014264e-11
3.47969790e-01 6.01726542e-11
3.30764978e-01 5.67918532e-11
3.14410830e-01 5.35591793e-11
2.98865287e-01 5.04733509e-11
2.84088369e-01 4.75319462e-11
2.70042072e-01 4.47316683e-11
2.56690272e-01 4.20685735e-11
2.43998630e-01 3.95382651e-11
2.31934506e-01 3.71360538e-11
2.20466874e-01 3.48570868e-11
2.09566240e-01 3.26964506e-11
1.99204571e-01 3.06492488e-11
1.89355218e-01 2.87106603e-11
1.79992851e-01 2.68759800e-11
1.71093391e-01 2.51432669e-11
1.62633950e-01 2.35028205e-11
1.54592774e-01 2.19529717e-11
1.46949180e-01 2.04896560e-11
1.39683512e-01 1.91089802e-11
1.32777083e-01 1.78072149e-11
1.26212131e-01 1.65807850e-11
1.19971774e-01 1.54259707e-11
1.14039960e-01 1.43405956e-11
1.08401436e-01 1.33206337e-11
1.03041699e-01 1.23629970e-11
9.79469667e-02 1.14647038e-11
9.31041349e-02 1.06228726e-11
8.85007491e-02 9.83471612e-12
8.41249705e-02 9.09753796e-12
7.99655453e-02 8.40872876e-12
7.60117762e-02 7.76576399e-12
7.22534949e-02 7.16620228e-12
6.86810359e-02 6.60768422e-12
6.52852114e-02 6.08793166e-12
6.20572881e-02 5.60474725e-12
5.89889643e-02 5.15601426e-12
5.60723488e-02 4.73969637e-12
5.32999408e-02 4.35383756e-12
5.06646101e-02 3.99656199e-12
4.81595791e-02 3.66607366e-12
4.57784054e-02 3.37154430e-12
4.35149650e-02 3.08821078e-12
4.13634368e-02 2.82676988e-12
3.93182876e-02 2.58577247e-12
3.73742574e-02 2.36383827e-12
3.55263468e-02 2.15965468e-12
3.37698031e-02 1.97197583e-12
3.21001090e-02 1.79962141e-12
3.05129702e-02 1.64147558e-12
2.90043049e-02 1.49648571e-12
2.75702333e-02 1.36297738e-12
2.62070670e-02 1.24181943e-12
2.49113003e-02 1.13093352e-12
2.36796007e-02 1.02951480e-12
2.25088005e-02 9.36813025e-13
2.13958887e-02 8.52129914e-13
2.03380031e-02 7.74816468e-13
1.93324229e-02 7.04270337e-13
1.83765620e-02 6.39933215e-13
1.74679622e-02 5.81288292e-13
1.66042866e-02 5.27901850e-13
1.57833141e-02 4.79248436e-13
1.50029332e-02 4.34959416e-13
1.42611371e-02 3.94660004e-13
1.35560179e-02 3.58005309e-13
1.28857621e-02 3.24678270e-13
1.22486461e-02 2.94387679e-13
1.16430313e-02 2.66797253e-13
1.10673602e-02 2.41793202e-13
1.05201522e-02 2.19092677e-13
1.00000000e-02 1.98489394e-13
