1.00000000e+20 0.00000000e+00
9.50556592e+19 0.00000000e+00
9.03557835e+19 0.00000000e+00
8.58882856e+19 0.00000000e+00
8.16416760e+19 0.00000000e+00
7.76050334e+19 0.00000000e+00
7.37679760e+19 0.00000000e+00
7.01206359e+19 0.00000000e+00
6.66536327e+19 0.00000000e+00
6.33580499e+19 0.00000000e+00
6.02254120e+19 0.00000000e+00
5.72476624e+19 0.00000000e+00
5.44171429e+19 0.00000000e+00
5.17265739e+19 0.00000000e+00
4.91690358e+19 0.00000000e+00
4.67379511e+19 0.00000000e+00
4.44270675e+19 0.00000000e+00
4.22304419e+19 0.00000000e+00
4.01424249e+19 0.00000000e+00
3.81576466e+19 0.00000000e+00
3.62710025e+19 0.00000000e+00
3.44776405e+19 0.00000000e+00
3.27729485e+19 0.00000000e+00
3.11525422e+19 0.00000000e+00
2.96122544e+19 0.00000000e+00
2.81481236e+19 0.00000000e+00
2.67563844e+19 0.00000000e+00
2.54334576e+19 0.00000000e+00
2.41759408e+19 0.00000000e+00
2.29805999e+19 0.00000000e+00
2.18443607e+19 0.00000000e+00
2.07643011e+19 0.00000000e+00
1.97376433e+19 0.00000000e+00
1.87617469e+19 0.00000000e+00
1.78341022e+19 0.00000000e+00
1.69523234e+19 0.00000000e+00
1.61141428e+19 0.00000000e+00
1.53174046e+19 0.00000000e+00
1.45600600e+19 0.00000000e+00
1.38401610e+19 0.00000000e+00
1.31558562e+19 0.00000000e+00
1.25053859e+19 0.00000000e+00
1.18870770e+19 0.00000000e+00
1.12993394e+19 0.00000000e+00
1.07406615e+19 0.00000000e+00
1.02096066e+19 0.00000000e+00
9.70480888e+18 0.00000000e+00
9.22497005e+18 0.00000000e+00
8.76885609e+18 0.00000000e+00
8.33529397e+18 0.00000000e+00
7.92316862e+18 0.00000000e+00
7.53142017e+18 0.00000000e+00
7.15904109e+18 0.00000000e+00
6.80507370e+18 0.00000000e+00
6.46860766e+18 0.00000000e+00
6.14877765e+18 0.00000000e+00
5.84476113e+18 0.00000000e+00
5.55577622e+18 0.00000000e+00
5.28107971e+18 0.00000000e+00
5.01996513e+18 0.00000000e+00
4.77176095e+18 0.00000000e+00
4.53582883e+18 0.00000000e+00
4.31156199e+18 0.00000000e+00
4.09838367e+18 0.00000000e+00
3.89574562e+18 0.00000000e+00
3.70312668e+18 0.00000000e+00
3.52003147e+18 0.00000000e+00
3.34598912e+18 0.00000000e+00
3.18055202e+18 0.00000000e+00
3.02329468e+18 0.00000000e+00
2.87381269e+18 0.00000000e+00
2.73172160e+18 0.00000000e+00
2.59665597e+18 0.00000000e+00
2.46826845e+18 0.00000000e+00
2.34622885e+18 0.00000000e+00
2.23022330e+18 0.00000000e+00
2.11995346e+18 0.00000000e+00
2.01513573e+18 0.00000000e+00
1.91550056e+18 0.00000000e+00
1.82079168e+18 0.00000000e+00
1.73076553e+18 0.00000000e+00
1.64519059e+18 0.00000000e+00
1.56384676e+18 0.00000000e+00
1.48652484e+18 0.00000000e+00
1.41302599e+18 0.00000000e+00
1.34316117e+18 0.00000000e+00
1.27675070e+18 0.00000000e+00
1.21362380e+18 0.00000000e+00
1.15361810e+18 0.00000000e+00
1.09657929e+18 0.00000000e+00
1.04236067e+18 0.00000000e+00
9.90822810e+17 0.00000000e+00
9.41833153e+17 0.00000000e+00
8.95265713e+17 0.00000000e+00
8.51000725e+17 0.00000000e+00
8.08924349e+17 0.00000000e+00
7.68928372e+17 0.00000000e+00
7.30909933e+17 0.00000000e+00
6.94771255e+17 0.00000000e+00
6.60419396e+17 0.00000000e+00
6.27766011e+17 0.00000000e+00
5.96727120e+17 2.13678396e-47
5.67222897e+17 1.31432959e-45
5.39177464e+17 4.90930456e-44
5.12518693e+17 1.73999404e-42
4.87178022e+17 5.03134585e-41
4.63090280e+17 1.00228749e-39
4.40193519e+17 2.41169137e-38
4.18428851e+17 3.89745353e-37
3.97740302e+17 5.74000230e-36
3.78074666e+17 7.76769134e-35
3.59381366e+17 8.09771437e-34
3.41612327e+17 8.64139467e-33
3.24721849e+17 8.07764749e-32
3.08666494e+17 6.50750738e-31
2.93404971e+17 4.71540604e-30
2.78898029e+17 3.33934557e-29
2.65108360e+17 1.86628262e-28
2.52000499e+17 1.06311254e-27
2.39540736e+17 4.59304537e-27
2.27697026e+17 2.30628504e-26
2.16438909e+17 8.92067685e-26
2.05737431e+17 4.03540634e-25
1.95565072e+17 1.33415147e-24
1.85895668e+17 4.67306105e-24
1.76704353e+17 1.54496741e-23
1.67967487e+17 5.41147477e-23
1.59662602e+17 1.38528890e-22
1.51768339e+17 4.14734069e-22
1.44264395e+17 1.23462629e-21
1.37131472e+17 2.56368307e-21
1.30351224e+17 7.07510667e-21
1.23906216e+17 1.39392270e-20
1.17779870e+17 3.57726345e-20
1.11956432e+17 6.70400859e-20
1.06420924e+17 1.21920853e-19
1.01159111e+17 2.57479716e-19
9.61574600e+16 5.35768415e-19
9.14031075e+16 8.79282287e-19
8.68838264e+16 1.73234355e-18
8.25879939e+16 2.83423060e-18
7.85045620e+16 4.33446246e-18
7.46230289e+16 8.12304546e-18
7.09334120e+16 1.16498597e-17
6.74262224e+16 1.85915319e-17
6.40924402e+16 3.04169971e-17
6.09234915e+16 3.76385601e-17
5.79112265e+16 6.17077085e-17
5.50478981e+16 8.49941553e-17
5.23261424e+16 1.21896410e-16
4.97389596e+16 1.50702923e-16
4.72796959e+16 2.46430120e-16
4.49420266e+16 3.10296086e-16
4.27199397e+16 3.83966916e-16
4.06077203e+16 4.62664191e-16
3.85999362e+16 6.13748324e-16
3.66914238e+16 7.41974303e-16
3.48772747e+16 9.82066587e-16
3.31528234e+16 1.18205760e-15
3.15136348e+16 1.46143854e-15
2.99554933e+16 1.83929525e-15
2.84743917e+16 1.79342016e-15
2.70665207e+16 2.27180660e-15
2.57282597e+16 2.86091569e-15
2.44561668e+16 3.54023886e-15
2.32469706e+16 3.45244606e-15
2.20975611e+16 4.16057591e-15
2.10049824e+16 4.84010266e-15
1.99664245e+16 5.38352310e-15
1.89792164e+16 5.84972780e-15
1.80408193e+16 6.35141849e-15
1.71488197e+16 7.05646590e-15
1.63009236e+16 8.20440897e-15
1.54949504e+16 8.00685294e-15
1.47288272e+16 9.63939418e-15
1.40005838e+16 9.40967399e-15
1.33083472e+16 1.16433319e-14
1.26503372e+16 1.13730265e-14
1.20248614e+16 1.11148356e-14
1.14303113e+16 1.39751950e-14
1.08651577e+16 1.36624602e-14
1.03279473e+16 1.33641883e-14
9.81729841e+15 1.30955463e-14
9.33189772e+15 1.65901060e-14
8.87049689e+15 1.61876427e-14
8.43190929e+15 1.58804544e-14
8.01500696e+15 1.56103016e-14
7.61871770e+15 1.53475732e-14
7.24202233e+15 1.91739932e-14
6.88395207e+15 1.88256812e-14
6.54358602e+15 1.84830717e-14
6.22004883e+15 1.81865704e-14
5.91250841e+15 1.78708684e-14
5.62017385e+15 2.20181565e-14
5.34229330e+15 2.16647310e-14
5.07815211e+15 2.12418330e-14
4.82707097e+15 2.11194731e-14
4.58840413e+15 2.06355659e-14
4.36153779e+15 2.05730237e-14
4.14588850e+15 2.02484608e-14
3.94090164e+15 1.99341900e-14
3.74605003e+15 2.40361081e-14
3.56083255e+15 2.35427877e-14
3.38477286e+15 2.31880814e-14
3.21741815e+15 2.29600087e-14
3.05833803e+15 2.30150369e-14
2.90712338e+15 2.28089175e-14
2.76338529e+15 2.23947577e-14
2.62675410e+15 2.23901674e-14
2.49687843e+15 2.25936625e-14
2.37342425e+15 2.53512579e-14
2.25607407e+15 2.54033513e-14
2.14452608e+15 2.51478576e-14
2.03849340e+15 2.46361431e-14
1.93770334e+15 2.41948501e-14
1.84189668e+15 2.51088459e-14
1.75082703e+15 2.47388714e-14
1.66426018e+15 2.97374894e-14
1.58197348e+15 2.90529195e-14
1.50375532e+15 2.83815896e-14
1.42940453e+15 2.76714299e-14
1.35872990e+15 2.77248079e-14
1.29154967e+15 2.70795317e-14
1.22769105e+15 2.64476198e-14
1.16698982e+15 2.57269234e-14
1.10928986e+15 2.59952825e-14
1.05444279e+15 2.59906286e-14
1.00230755e+15 2.61129078e-14
9.52750047e+14 2.56395242e-14
9.05642838e+14 2.51717374e-14
8.60864770e+14 2.70849525e-14
8.18300682e+14 2.64224685e-14
7.77841107e+14 2.62551694e-14
7.39381992e+14 2.58775186e-14
7.02824426e+14 2.56737791e-14
6.68074392e+14 2.54678896e-14
6.35042517e+14 2.51347027e-14
6.03643851e+14 2.63642327e-14
5.73797641e+14 2.51991411e-14
5.45427131e+14 2.54296287e-14
5.18459354e+14 2.71324878e-14
4.92824957e+14 2.52306148e-14
4.68458012e+14 2.61193963e-14
4.45295851e+14 2.63752209e-14
4.23278907e+14 2.65707092e-14
4.02350555e+14 2.62174094e-14
3.82456972e+14 2.59494104e-14
3.63546996e+14 2.61775365e-14
3.45571994e+14 2.56939670e-14
3.28485737e+14 2.55218506e-14
3.12244282e+14 2.62452737e-14
2.96805861e+14 2.58124433e-14
2.82130768e+14 2.57671824e-14
2.68181261e+14 2.65080714e-14
2.54921465e+14 2.62745321e-14
2.42317279e+14 2.63747363e-14
2.30336287e+14 2.61183490e-14
2.18947676e+14 2.59136619e-14
2.08122157e+14 2.58145164e-14
1.97831888e+14 2.57422045e-14
1.88050406e+14 2.62477130e-14
1.78752553e+14 2.60118650e-14
1.69914417e+14 2.58835635e-14
1.61513269e+14 2.59912947e-14
1.53527503e+14 2.59269061e-14
1.45936580e+14 2.57723858e-14
1.38720978e+14 2.58123569e-14
1.31862140e+14 2.62401137e-14
1.25342427e+14 2.58631257e-14
1.19145070e+14 2.61418198e-14
1.13254132e+14 2.59810807e-14
1.07654461e+14 2.59029514e-14
1.02331658e+14 2.58390872e-14
9.72720319e+13 2.58507729e-14
9.24625712e+13 2.58433315e-14
8.78909065e+13 2.59530197e-14
8.35452806e+13 2.59394196e-14
7.94145172e+13 2.58841840e-14
7.54879928e+13 2.58772654e-14
7.17556092e+13 2.58880329e-14
6.82077673e+13 2.59383845e-14
6.48353429e+13 2.59208329e-14
6.16296626e+13 2.59615021e-14
5.85824820e+13 2.59733731e-14
5.56859644e+13 2.59114008e-14
5.29326606e+13 2.59005187e-14
5.03154895e+13 2.59823091e-14
4.78277202e+13 2.59130912e-14
4.54629547e+13 2.59390143e-14
4.32151113e+13 2.59012636e-14
4.10784089e+13 2.59221467e-14
3.90473524e+13 2.58752626e-14
3.71167182e+13 2.59208012e-14
3.52815412e+13 2.59142469e-14
3.35371015e+13 2.59085830e-14
3.18789129e+13 2.59027236e-14
3.03027108e+13 2.59153388e-14
2.88044415e+13 2.58906706e-14
2.73802518e+13 2.58858362e-14
2.60264788e+13 2.58761087e-14
2.47396410e+13 2.59109329e-14
2.35164288e+13 2.59086800e-14
2.23536965e+13 2.59073561e-14
2.12484535e+13 2.58893320e-14
2.01978576e+13 2.59062126e-14
1.91992067e+13 2.58896566e-14
1.82499324e+13 2.58737659e-14
1.73475936e+13 2.58845858e-14
1.64898694e+13 2.59120815e-14
1.56745541e+13 2.58972686e-14
1.48995507e+13 2.58948504e-14
1.41628662e+13 2.59044160e-14
1.34626058e+13 2.58830829e-14
1.27969687e+13 2.58871120e-14
1.21642429e+13 2.58874211e-14
1.15628013e+13 2.59066738e-14
1.09910970e+13 2.59032904e-14
1.04476597e+13 2.58877650e-14
9.93109181e+12 2.58977602e-14
9.44006479e+12 2.59023908e-14
8.97331581e+12 2.59027784e-14
8.52964450e+12 2.58931643e-14
8.10790981e+12 2.58991823e-14
7.70702711e+12 2.58896629e-14
7.32596543e+12 2.58985593e-14
6.96374473e+12 2.58947453e-14
6.61943346e+12 2.58950959e-14
6.29214611e+12 2.58855474e-14
5.98104096e+12 2.58891771e-14
5.68531791e+12 2.58931388e-14
5.40421642e+12 2.59013617e-14
5.13701354e+12 2.58960366e-14
4.88302209e+12 2.58892358e-14
4.64158883e+12 2.58908958e-14
4.41209286e+12 2.58929157e-14
4.19394396e+12 2.58922685e-14
3.98658107e+12 2.58948941e-14
3.78947092e+12 2.58942851e-14
3.60210656e+12 2.58896701e-14
3.42400614e+12 2.58946019e-14
3.25471161e+12 2.58905200e-14
3.09378757e+12 2.58910604e-14
2.94082017e+12 2.58937120e-14
2.79541600e+12 2.58912157e-14
2.65720111e+12 2.58881243e-14
2.52582003e+12 2.58921962e-14
2.40093488e+12 2.58920315e-14
2.28222447e+12 2.58911279e-14
2.16938352e+12 2.58904581e-14
2.06212180e+12 2.58919592e-14
1.96016347e+12 2.58912465e-14
1.86324631e+12 2.58912310e-14
1.77112106e+12 2.58903755e-14
1.68355080e+12 2.58889246e-14
1.60031031e+12 2.58904767e-14
1.52118552e+12 2.58914512e-14
1.44597292e+12 2.58899379e-14
1.37447909e+12 2.58911405e-14
1.30652016e+12 2.58923558e-14
1.24192135e+12 2.58897527e-14
1.18051653e+12 2.58899347e-14
1.12214777e+12 2.58904999e-14
1.06666496e+12 2.58906928e-14
1.01392541e+12 2.58897432e-14
9.63793480e+11 2.58908059e-14
9.16140246e+11 2.58916172e-14
8.70843150e+11 2.58899041e-14
8.27785697e+11 2.58899967e-14
7.86857151e+11 2.58913961e-14
7.47952252e+11 2.58909020e-14
7.10970943e+11 2.58909010e-14
6.75818117e+11 2.58907754e-14
6.42403366e+11 2.58902188e-14
6.10640754e+11 2.58898700e-14
5.80448594e+11 2.58906258e-14
5.51749238e+11 2.58903722e-14
5.24468875e+11 2.58898078e-14
4.98537346e+11 2.58903950e-14
4.73887961e+11 2.58911861e-14
4.50457325e+11 2.58903634e-14
4.28185180e+11 2.58901324e-14
4.07014245e+11 2.58908020e-14
3.86890074e+11 2.58902994e-14
3.67760910e+11 2.58905015e-14
3.49577557e+11 2.58907566e-14
3.32293252e+11 2.58905918e-14
3.15863541e+11 2.58901889e-14
3.00246171e+11 2.58900996e-14
2.85400977e+11 2.58901328e-14
2.71289780e+11 2.58900395e-14
2.57876289e+11 2.58899249e-14
2.45126006e+11 2.58902292e-14
2.33006141e+11 2.58902430e-14
2.21485523e+11 2.58902350e-14
2.10534524e+11 2.58904256e-14
2.00124980e+11 2.58906734e-14
1.90230119e+11 2.58900290e-14
1.80824493e+11 2.58902245e-14
1.71883914e+11 2.58901643e-14
1.63385388e+11 2.58901994e-14
1.55307057e+11 2.58902700e-14
1.47628147e+11 2.58906028e-14
1.40328908e+11 2.58902750e-14
1.33390569e+11 2.58903982e-14
1.26795285e+11 2.58901672e-14
1.20526094e+11 2.58900357e-14
1.14566873e+11 2.58902738e-14
1.08902296e+11 2.58901689e-14
1.03517796e+11 2.58903111e-14
9.83995230e+10 2.58902442e-14
9.35343152e+10 2.58902980e-14
8.89096599e+10 2.58903150e-14
8.45136633e+10 2.58902725e-14
8.03350198e+10 2.58903779e-14
7.63629826e+10 2.58902408e-14
7.25873365e+10 2.58901814e-14
6.89983712e+10 2.58902121e-14
6.55868566e+10 2.58901977e-14
6.23440189e+10 2.58901937e-14
5.92615181e+10 2.58902058e-14
5.63314267e+10 2.58902063e-14
5.35462090e+10 2.58902477e-14
5.08987019e+10 2.58901513e-14
4.83820966e+10 2.58902728e-14
4.59899209e+10 2.58901726e-14
4.37160225e+10 2.58901620e-14
4.15545533e+10 2.58902612e-14
3.94999546e+10 2.58902024e-14
3.75469422e+10 2.58902745e-14
3.56904935e+10 2.58902267e-14
3.39258338e+10 2.58901832e-14
3.22484250e+10 2.58901714e-14
3.06539530e+10 2.58901983e-14
2.91383170e+10 2.58902012e-14
2.76976194e+10 2.58902449e-14
2.63281547e+10 2.58902203e-14
2.50264010e+10 2.58902326e-14
2.37890104e+10 2.58902170e-14
2.26128007e+10 2.58902160e-14
2.14947467e+10 2.58901923e-14
2.04319732e+10 2.58901629e-14
1.94217468e+10 2.58902098e-14
1.84614695e+10 2.58902221e-14
1.75486715e+10 2.58901976e-14
1.66810054e+10 2.58902268e-14
1.58562396e+10 2.58902192e-14
1.50722531e+10 2.58902238e-14
1.43270295e+10 2.58902203e-14
1.36186524e+10 2.58902077e-14
1.29452998e+10 2.58902091e-14
1.23052400e+10 2.58901872e-14
1.16968270e+10 2.58902123e-14
1.11184960e+10 2.58902061e-14
1.05687597e+10 2.58902121e-14
1.00462042e+10 2.58901888e-14
9.54948564e+09 2.58902552e-14
9.07732653e+09 2.58902239e-14
8.62851257e+09 2.58901989e-14
8.20188950e+09 2.58902414e-14
7.79636013e+09 2.58902110e-14
7.41088152e+09 2.58902229e-14
7.04446228e+09 2.58902373e-14
6.69616005e+09 2.58901916e-14
6.36507908e+09 2.58902127e-14
6.05036788e+09 2.58902018e-14
5.75121707e+09 2.58902154e-14
5.46685730e+09 2.58902209e-14
5.19655724e+09 2.58902152e-14
4.93962174e+09 2.58902188e-14
4.69539001e+09 2.58902079e-14
4.46323393e+09 2.58901947e-14
4.24255643e+09 2.58902210e-14
4.03278998e+09 2.58902154e-14
3.83339510e+09 2.58902149e-14
3.64385898e+09 2.58902003e-14
3.46369418e+09 2.58902064e-14
3.29243733e+09 2.58902318e-14
3.12964801e+09 2.58902202e-14
2.97490755e+09 2.58902347e-14
2.82781798e+09 2.58902191e-14
2.68800102e+09 2.58902101e-14
2.55509709e+09 2.58902171e-14
2.42876438e+09 2.58902274e-14
2.30867799e+09 2.58902221e-14
2.19452909e+09 2.58902281e-14
2.08602409e+09 2.58902208e-14
1.98288395e+09 2.58902267e-14
1.88484341e+09 2.58902230e-14
1.79165033e+09 2.58902251e-14
1.70306503e+09 2.58902311e-14
1.61885969e+09 2.58902338e-14
1.53881775e+09 2.58902273e-14
1.46273336e+09 2.58902295e-14
1.39041083e+09 2.58902376e-14
1.32166418e+09 2.58902299e-14
1.25631660e+09 2.58902346e-14
1.19420003e+09 2.58902397e-14
1.13515471e+09 2.58902409e-14
1.07902879e+09 2.58902442e-14
1.02567793e+09 2.58902421e-14
9.74964918e+08 2.58902480e-14
9.26759330e+08 2.58902531e-14
8.80937190e+08 2.58902504e-14
8.37380654e+08 2.58902554e-14
7.95977700e+08 2.58902599e-14
7.56621850e+08 2.58902598e-14
7.19211887e+08 2.58902630e-14
6.83651600e+08 2.58902709e-14
6.49849535e+08 2.58902718e-14
6.17718760e+08 2.58902751e-14
5.87176639e+08 2.58902753e-14
5.58144625e+08 2.58902796e-14
5.30548053e+08 2.58902862e-14
5.04315949e+08 2.58902907e-14
4.79380850e+08 2.58902968e-14
4.55678627e+08 2.58903015e-14
4.33148322e+08 2.58903053e-14
4.11731993e+08 2.58903123e-14
3.91374560e+08 2.58903170e-14
3.72023668e+08 2.58903220e-14
3.53629550e+08 2.58903302e-14
3.36144900e+08 2.58903355e-14
3.19524751e+08 2.58903420e-14
3.03726358e+08 2.58903517e-14
2.88709092e+08 2.58903591e-14
2.74434330e+08 2.58903662e-14
2.60865362e+08 2.58903756e-14
2.47967289e+08 2.58903840e-14
2.35706941e+08 2.58903939e-14
2.24052787e+08 2.58904037e-14
2.12974854e+08 2.58904151e-14
2.02444651e+08 2.58904257e-14
1.92435098e+08 2.58904382e-14
1.82920450e+08 2.58904497e-14
1.73876240e+08 2.58904639e-14
1.65279206e+08 2.58904763e-14
1.57107239e+08 2.58904906e-14
1.49339322e+08 2.58905073e-14
1.41955477e+08 2.58905224e-14
1.34936714e+08 2.58905384e-14
1.28264983e+08 2.58905566e-14
1.21923125e+08 2.58905754e-14
1.15894830e+08 2.58905948e-14
1.10164595e+08 2.58906151e-14
1.04717682e+08 2.58906368e-14
9.95400829e+07 2.58906596e-14
9.46184819e+07 2.58906834e-14
8.99402217e+07 2.58907082e-14
8.54932707e+07 2.58907353e-14
8.12661920e+07 2.58907623e-14
7.72481145e+07 2.58907917e-14
7.34287045e+07 2.58908230e-14
6.97981391e+07 2.58908547e-14
6.63470812e+07 2.58908889e-14
6.30666554e+07 2.58909247e-14
5.99484250e+07 2.58909623e-14
5.69843706e+07 2.58910024e-14
5.41668691e+07 2.58910439e-14
5.14886745e+07 2.58910876e-14
4.89428990e+07 2.58911339e-14
4.65229952e+07 2.58911825e-14
4.42227398e+07 2.58912334e-14
4.20362168e+07 2.58912870e-14
3.99578030e+07 2.58913436e-14
3.79821531e+07 2.58914031e-14
3.61041860e+07 2.58914657e-14
3.43190720e+07 2.58915315e-14
3.26222201e+07 2.58916007e-14
3.10092664e+07 2.58916737e-14
2.94760626e+07 2.58917502e-14
2.80186656e+07 2.58918308e-14
2.66333273e+07 2.58919157e-14
2.53164848e+07 2.58920050e-14
2.40647515e+07 2.58920987e-14
2.28749082e+07 2.58921975e-14
2.17438948e+07 2.58923013e-14
2.06688025e+07 2.58924106e-14
1.96468665e+07 2.58925256e-14
1.86754584e+07 2.58926466e-14
1.77520801e+07 2.58927738e-14
1.68743568e+07 2.58929076e-14
1.60400311e+07 2.58930484e-14
1.52469573e+07 2.58931966e-14
1.44930957e+07 2.58933523e-14
1.37765077e+07 2.58935163e-14
1.30953502e+07 2.58936888e-14
1.24478715e+07 2.58938703e-14
1.18324063e+07 2.58940611e-14
1.12473718e+07 2.58942619e-14
1.06912634e+07 2.58944732e-14
1.01626509e+07 2.58946955e-14
9.66017480e+06 2.58949293e-14
9.18254284e+06 2.58951752e-14
8.72852662e+06 2.58954340e-14
8.29695852e+06 2.58957062e-14
7.88672862e+06 2.58959926e-14
7.49678187e+06 2.58962939e-14
7.12611543e+06 2.58966108e-14
6.77377600e+06 2.58969442e-14
6.43885743e+06 2.58972950e-14
6.12049837e+06 2.58976641e-14
5.81788007e+06 2.58980523e-14
5.53022426e+06 2.58984607e-14
5.25679112e+06 2.58988904e-14
4.99687745e+06 2.58993424e-14
4.74981480e+06 2.58998179e-14
4.51496777e+06 2.59003181e-14
4.29173238e+06 2.59008444e-14
4.07953450e+06 2.59013980e-14
3.87782841e+06 2.59019805e-14
3.68609536e+06 2.59025932e-14
3.50384225e+06 2.59032378e-14
3.33060034e+06 2.59039160e-14
3.16592411e+06 2.59046294e-14
3.00939003e+06 2.59053799e-14
2.86059554e+06 2.59061695e-14
2.71915794e+06 2.59070001e-14
2.58471351e+06 2.59078739e-14
2.45691646e+06 2.59087932e-14
2.33543814e+06 2.59097603e-14
2.21996612e+06 2.59107777e-14
2.11020343e+06 2.59118480e-14
2.00586778e+06 2.59129741e-14
1.90669084e+06 2.59141586e-14
1.81241755e+06 2.59154048e-14
1.72280545e+06 2.59167158e-14
1.63762407e+06 2.59180950e-14
1.55665436e+06 2.59195460e-14
1.47968806e+06 2.59210724e-14
1.40652724e+06 2.59226782e-14
1.33698374e+06 2.59243675e-14
1.27087871e+06 2.59261447e-14
1.20804213e+06 2.59280144e-14
1.14831241e+06 2.59299813e-14
1.09153594e+06 2.59320505e-14
1.03756668e+06 2.59342273e-14
9.86265846e+05 2.59365174e-14
9.37501502e+05 2.59389266e-14
8.91148232e+05 2.59414611e-14
8.47086827e+05 2.59441274e-14
8.05203967e+05 2.59469324e-14
7.65391939e+05 2.59498833e-14
7.27548353e+05 2.59529877e-14
6.91575883e+05 2.59562536e-14
6.57382014e+05 2.59596894e-14
6.24878807e+05 2.59633039e-14
5.93982669e+05 2.59671064e-14
5.64614142e+05 2.59711067e-14
5.36697695e+05 2.59753150e-14
5.10161531e+05 2.59797423e-14
4.84937407e+05 2.59843998e-14
4.60960449e+05 2.59892996e-14
4.38168993e+05 2.59944543e-14
4.16504425e+05 2.59998771e-14
3.95911027e+05 2.60055819e-14
3.76335836e+05 2.60115835e-14
3.57728510e+05 2.60178973e-14
3.40041193e+05 2.60245395e-14
3.23228398e+05 2.60315271e-14
3.07246884e+05 2.60388783e-14
2.92055551e+05 2.60466118e-14
2.77615329e+05 2.60547475e-14
2.63889081e+05 2.60633065e-14
2.50841506e+05 2.60723107e-14
2.38439047e+05 2.60817832e-14
2.26649808e+05 2.60917484e-14
2.15443469e+05 2.61022320e-14
2.04791210e+05 2.61132608e-14
1.94665634e+05 2.61248634e-14
1.85040702e+05 2.61370694e-14
1.75891659e+05 2.61499104e-14
1.67194976e+05 2.61634193e-14
1.58928287e+05 2.61776308e-14
1.51070330e+05 2.61925816e-14
1.43600898e+05 2.62083100e-14
1.36500781e+05 2.62248566e-14
1.29751717e+05 2.62422638e-14
1.23336350e+05 2.62605765e-14
1.17238180e+05 2.62798417e-14
1.11441525e+05 2.63001090e-14
1.05931476e+05 2.63214306e-14
1.00693863e+05 2.63438611e-14
9.57152154e+04 2.63674584e-14
9.09827289e+04 2.63922832e-14
8.64842328e+04 2.64183992e-14
8.22081576e+04 2.64458736e-14
7.81435061e+04 2.64747771e-14
7.42798248e+04 2.65051841e-14
7.06071771e+04 2.65371727e-14
6.71161177e+04 2.65708252e-14
6.37976681e+04 2.66062282e-14
6.06432940e+04 2.66434726e-14
5.76448828e+04 2.66826544e-14
5.47947234e+04 2.67238742e-14
5.20854855e+04 2.67672381e-14
4.95102016e+04 2.68128576e-14
4.70622485e+04 2.68608500e-14
4.47353305e+04 2.69113387e-14
4.25234633e+04 2.69644537e-14
4.04209584e+04 2.70203315e-14
3.84224085e+04 2.70791158e-14
3.65226736e+04 2.71409579e-14
3.47168682e+04 2.72060166e-14
3.30003479e+04 2.72744595e-14
3.13686982e+04 2.73464625e-14
2.98177229e+04 2.74222108e-14
2.83434331e+04 2.75018992e-14
2.69420371e+04 2.75857327e-14
2.56099310e+04 2.76739269e-14
2.43436887e+04 2.77667085e-14
2.31400538e+04 2.78643164e-14
2.19959307e+04 2.79670014e-14
2.09083769e+04 2.80750277e-14
1.98745955e+04 2.81886731e-14
1.88919278e+04 2.83082299e-14
1.79578465e+04 2.84340056e-14
1.70699493e+04 2.85663237e-14
1.62259529e+04 2.87055246e-14
1.54236865e+04 2.88519662e-14
1.46610868e+04 2.90060252e-14
1.39361927e+04 2.91680978e-14
1.32471399e+04 2.93386009e-14
1.25921561e+04 2.95179731e-14
1.19695570e+04 2.97066756e-14
1.13777413e+04 2.99051939e-14
1.08151870e+04 3.01140385e-14
1.02804473e+04 3.03337467e-14
9.77214697e+03 3.05648834e-14
9.28897872e+03 3.08080433e-14
8.82969996e+03 3.10638518e-14
8.39312950e+03 3.13329668e-14
7.97814457e+03 3.16160806e-14
7.58367791e+03 3.19139214e-14
7.20871503e+03 3.22272553e-14
6.85229160e+03 3.25568882e-14
6.51349095e+03 3.29036681e-14
6.19144176e+03 3.32684870e-14
5.88531578e+03 3.36551414e-14
5.59432571e+03 3.40589020e-14
5.31772318e+03 3.44836658e-14
5.05479682e+03 3.49305256e-14
4.80487044e+03 3.54006307e-14
4.56730127e+03 3.58951906e-14
4.34147833e+03 3.64154775e-14
4.12682085e+03 3.69628298e-14
3.92277676e+03 3.75386556e-14
3.72882131e+03 3.81444362e-14
3.54445567e+03 3.87817302e-14
3.36920571e+03 3.94521771e-14
3.20262069e+03 4.01575016e-14
3.04427221e+03 4.08995186e-14
2.89375302e+03 4.16801370e-14
2.75067601e+03 4.25013653e-14
2.61467321e+03 4.33653164e-14
2.48539486e+03 4.42742133e-14
2.36250847e+03 4.52303945e-14
2.24569800e+03 4.62444077e-14
2.13466303e+03 4.73026630e-14
2.02911802e+03 4.84159745e-14
1.92879151e+03 4.95872071e-14
1.83342548e+03 5.08193748e-14
1.74277468e+03 5.21156486e-14
1.65660596e+03 5.34793647e-14
1.57469771e+03 5.49369583e-14
1.49683929e+03 5.64462463e-14
1.42283046e+03 5.80340623e-14
1.35248087e+03 5.97044935e-14
1.28560961e+03 6.14618396e-14
1.22204469e+03 6.33106246e-14
1.16162263e+03 6.52556079e-14
1.10418805e+03 6.73017969e-14
1.04959323e+03 6.94544599e-14
9.97697764e+02 7.17191396e-14
9.48368187e+02 7.41016675e-14
9.01477631e+02 7.66081791e-14
8.56905505e+02 7.92451294e-14
8.14537177e+02 8.20193100e-14
7.74263683e+02 8.49378666e-14
7.35981448e+02 8.80083172e-14
6.99592017e+02 9.12385718e-14
6.65001803e+02 9.46369531e-14
6.32121848e+02 9.82122177e-14
6.00867589e+02 1.01973579e-13
5.71158648e+02 1.05930730e-13
5.42918618e+02 1.10093873e-13
5.16074871e+02 1.14473737e-13
4.90558371e+02 1.19081617e-13
4.66303493e+02 1.23929393e-13
4.43247859e+02 1.29029568e-13
4.21332174e+02 1.34395298e-13
4.00500076e+02 1.40040425e-13
3.80697987e+02 1.45979516e-13
3.61874981e+02 1.52227897e-13
3.43982649e+02 1.58801699e-13
3.26974974e+02 1.65717894e-13
3.10808217e+02 1.72994342e-13
2.95440800e+02 1.80649841e-13
2.80833200e+02 1.88704169e-13
2.66947849e+02 1.97178143e-13
2.53749038e+02 2.06093672e-13
2.41202821e+02 2.15473810e-13
2.29276931e+02 2.25409828e-13
2.17940698e+02 2.35793232e-13
2.07164968e+02 2.46717929e-13
1.96922026e+02 2.58212214e-13
1.87185529e+02 2.70305869e-13
1.77930439e+02 2.83030243e-13
1.69132952e+02 2.96418338e-13
1.60770442e+02 3.10504894e-13
1.52821404e+02 3.25326487e-13
1.45265393e+02 3.40921621e-13
1.38082977e+02 3.57330841e-13
1.31255684e+02 3.74596835e-13
1.24765955e+02 3.92764554e-13
1.18597101e+02 4.11881335e-13
1.12733256e+02 4.31997034e-13
1.07159340e+02 4.53164155e-13
1.01861017e+02 4.75438007e-13
9.68246612e+01 4.98876850e-13
9.20373200e+01 5.23542063e-13
8.74866812e+01 5.49498316e-13
8.31610415e+01 5.76813755e-13
7.90492762e+01 6.05560196e-13
7.51408106e+01 6.35813336e-13
7.14255929e+01 6.67652968e-13
6.78940681e+01 7.01163223e-13
6.45371540e+01 7.36432811e-13
6.13462172e+01 7.73555298e-13
5.83130511e+01 8.12629380e-13
5.54298552e+01 8.53759190e-13
5.26892142e+01 8.97054624e-13
5.00840799e+01 9.42631683e-13
4.76077523e+01 9.90612844e-13
4.52538628e+01 1.04112746e-12
4.30163576e+01 1.09431218e-12
4.08894823e+01 1.15031142e-12
3.88677669e+01 1.20927782e-12
3.69460121e+01 1.27137282e-12
3.51192753e+01 1.33676721e-12
3.33828586e+01 1.40564171e-12
3.17322963e+01 1.47818769e-12
3.01633435e+01 1.55460787e-12
2.86719650e+01 1.63209668e-12
2.72543253e+01 1.71644091e-12
2.59067786e+01 1.80526723e-12
2.46258592e+01 1.89882021e-12
2.34082728e+01 1.99735850e-12
2.22508880e+01 2.10115572e-12
2.11507282e+01 2.21050148e-12
2.01049642e+01 2.32570233e-12
1.91109062e+01 2.44708293e-12
1.81659979e+01 2.57498717e-12
1.72678090e+01 2.70977948e-12
1.64140297e+01 2.85184616e-12
1.56024641e+01 3.00159681e-12
1.48310251e+01 3.15945897e-12
1.40977287e+01 3.32577371e-12
1.34006890e+01 3.50105539e-12
1.27381132e+01 3.68607783e-12
1.21082975e+01 3.88125825e-12
1.15096220e+01 4.08711123e-12
1.09405471e+01 4.30432437e-12
1.03996091e+01 4.53354203e-12
9.88541702e+00 4.77545067e-12
9.39664831e+00 5.03079951e-12
8.93204600e+00 5.30037438e-12
8.49041520e+00 5.58501433e-12
8.07062014e+00 5.88560727e-12
7.67158118e+00 6.20309466e-12
7.29227206e+00 6.53847349e-12
6.93171728e+00 6.89279633e-12
6.58898955e+00 7.26717233e-12
6.26320745e+00 7.66276507e-12
5.95353313e+00 8.08078846e-12
5.65917016e+00 8.52249844e-12
5.37936150e+00 8.98917949e-12
5.11338754e+00 9.48212369e-12
4.86056423e+00 1.00026004e-11
4.62024137e+00 1.05518142e-11
4.39180089e+00 1.11308485e-11
4.17465529e+00 1.17405930e-11
3.96824610e+00 1.23816538e-11
3.77204249e+00 1.30542454e-11
3.58553986e+00 1.37580669e-11
3.40825855e+00 1.44921654e-11
3.23974263e+00 1.52547930e-11
3.07955871e+00 1.60432675e-11
2.92729484e+00 1.68538476e-11
2.78255940e+00 1.76816387e-11
2.64498018e+00 1.85205432e-11
2.51420335e+00 1.93632726e-11
2.38989257e+00 2.02014310e-11
2.27172813e+00 2.10256800e-11
2.15940615e+00 2.18259808e-11
2.05263775e+00 2.25919053e-11
1.95114835e+00 2.33129946e-11
1.85467692e+00 2.39791393e-11
1.76297538e+00 2.45809489e-11
1.67580786e+00 2.51100771e-11
1.59295021e+00 2.55594786e-11
1.51418933e+00 2.59235803e-11
1.43932264e+00 2.61983623e-11
1.36815763e+00 2.63813529e-11
1.30051125e+00 2.64715567e-11
1.23620954e+00 2.64693343e-11
1.17508713e+00 2.63762592e-11
1.11698682e+00 2.61949699e-11
1.06175918e+00 2.59290324e-11
1.00926219e+00 2.55828211e-11
9.59360829e-01 2.51614167e-11
9.11926760e-01 2.46705184e-11
8.66837993e-01 2.41163620e-11
8.23978568e-01 2.35056349e-11
7.83238260e-01 2.28453815e-11
7.44512291e-01 2.21428952e-11
7.07701066e-01 2.14055970e-11
6.72709914e-01 2.06409025e-11
6.39448843e-01 1.98560852e-11
6.07832313e-01 1.90581786e-11
5.77779012e-01 1.82537149e-11
5.49211648e-01 1.74488235e-11
5.22056753e-01 1.66490160e-11
4.96244488e-01 1.58591629e-11
4.71708469e-01 1.50834658e-11
4.48385595e-01 1.43254528e-11
4.26215883e-01 1.35879973e-11
4.05142317e-01 1.28733542e-11
3.85110700e-01 1.21832097e-11
3.66069515e-01 1.15187401e-11
3.47969790e-01 1.08806752e-11
3.30764978e-01 1.02693629e-11
3.14410830e-01 9.68483190e-12
2.98865287e-01 9.12685094e-12
2.84088369e-01 8.59498257e-12
2.70042072e-01 8.08863102e-12
2.56690272e-01 7.60708355e-12
2.43998630e-01 7.14954545e-12
2.31934506e-01 6.71516902e-12
2.20466874e-01 6.30307703e-12
2.09566240e-01 5.91238119e-12
1.99204571e-01 5.54219632e-12
1.89355218e-01 5.19165078e-12
1.79992851e-01 4.85989388e-12
1.71093391e-01 4.54657489e-12
1.62633950e-01 4.24993960e-12
1.54592774e-01 3.96968638e-12
1.46949180e-01 3.70508036e-12
1.39683512e-01 3.45541757e-12
1.32777083e-01 3.22002372e-12
1.26212131e-01 2.99825238e-12
1.19971774e-01 2.78943102e-12
1.14039960e-01 2.59316599e-12
1.08401436e-01 2.40872935e-12
1.03041699e-01 2.23556274e-12
9.79469667e-02 2.07312702e-12
9.31041349e-02 1.92090110e-12
8.85007491e-02 1.77838104e-12
8.41249705e-02 1.64507922e-12
7.99655453e-02 1.52052381e-12
7.60117762e-02 1.40425833e-12
7.22534949e-02 1.29584131e-12
6.86810359e-02 1.19484609e-12
6.52852114e-02 1.10086074e-12
6.20572881e-02 1.01348792e-12
5.89889643e-02 9.32344850e-13
5.60723488e-02 8.57063324e-13
5.32999408e-02 7.87289636e-13
5.06646101e-02 7.22684580e-13
4.81595791e-02 6.62923393e-13
4.57784054e-02 6.09664590e-13
4.35149650e-02 5.58430260e-13
4.13634368e-02 5.11154718e-13
3.93182876e-02 4.67575923e-13
3.73742574e-02 4.27444277e-13
3.55263468e-02 3.90522428e-13
3.37698031e-02 3.56585085e-13
3.21001090e-02 3.25418818e-13
3.05129702e-02 2.96821850e-13
2.90043049e-02 2.70603835e-13
2.75702333e-02 2.46462034e-13
2.62070670e-02 2.24553470e-13
2.49113003e-02 2.04502367e-13
2.36796007e-02 1.86163184e-13
2.25088005e-02 1.69400258e-13
2.13958887e-02 1.54087322e-13
2.03380031e-02 1.40107017e-13
1.93324229e-02 1.27350423e-13
1.83765620e-02 1.15716583e-13
1.74679622e-02 1.05112043e-13
1.66042866e-02 9.54583782e-14
1.57833141e-02 8.66605678e-14
1.50029332e-02 7.86519552e-14
1.42611371e-02 7.13647689e-14
1.35560179e-02 6.47366436e-14
1.28857621e-02 5.87102460e-14
1.22486461e-02 5.32329179e-14
1.16430313e-02 4.82438486e-14
1.10673602e-02 4.37224662e-14
1.05201522e-02 3.96176215e-14
1.00000000e-02 3.58920129e-14
