1.00000000e+20 0.00000000e+00
9.50556592e+19 0.00000000e+00
9.03557835e+19 0.00000000e+00
8.58882856e+19 0.00000000e+00
8.16416760e+19 0.00000000e+00
7.76050334e+19 0.00000000e+00
7.37679760e+19 0.00000000e+00
7.01206359e+19 0.00000000e+00
6.66536327e+19 0.00000000e+00
6.33580499e+19 0.00000000e+00
6.02254120e+19 0.00000000e+00
5.72476624e+19 0.00000000e+00
5.44171429e+19 0.00000000e+00
5.17265739e+19 0.00000000e+00
4.91690358e+19 0.00000000e+00
4.67379511e+19 0.00000000e+00
4.44270675e+19 0.00000000e+00
4.22304419e+19 0.00000000e+00
4.01424249e+19 0.00000000e+00
3.81576466e+19 0.00000000e+00
3.62710025e+19 0.00000000e+00
3.44776405e+19 0.00000000e+00
3.27729485e+19 0.00000000e+00
3.11525422e+19 0.00000000e+00
2.96122544e+19 0.00000000e+00
2.81481236e+19 0.00000000e+00
2.67563844e+19 0.00000000e+00
2.54334576e+19 0.00000000e+00
2.41759408e+19 0.00000000e+00
2.29805999e+19 0.00000000e+00
2.18443607e+19 0.00000000e+00
2.07643011e+19 0.00000000e+00
1.97376433e+19 0.00000000e+00
1.87617469e+19 0.00000000e+00
1.78341022e+19 0.00000000e+00
1.69523234e+19 0.00000000e+00
1.61141428e+19 0.00000000e+00
1.53174046e+19 0.00000000e+00
1.45600600e+19 0.00000000e+00
1.38401610e+19 0.00000000e+00
1.31558562e+19 0.00000000e+00
1.25053859e+19 0.00000000e+00
1.18870770e+19 0.00000000e+00
1.12993394e+19 0.00000000e+00
1.07406615e+19 0.00000000e+00
1.02096066e+19 0.00000000e+00
9.70480888e+18 0.00000000e+00
9.22497005e+18 0.00000000e+00
8.76885609e+18 0.00000000e+00
8.33529397e+18 0.00000000e+00
7.92316862e+18 0.00000000e+00
7.53142017e+18 0.00000000e+00
7.15904109e+18 0.00000000e+00
6.80507370e+18 0.00000000e+00
6.46860766e+18 0.00000000e+00
6.14877765e+18 0.00000000e+00
5.84476113e+18 0.00000000e+00
5.55577622e+18 0.00000000e+00
5.28107971e+18 0.00000000e+00
5.01996513e+18 0.00000000e+00
4.77176095e+18 0.00000000e+00
4.53582883e+18 0.00000000e+00
4.31156199e+18 0.00000000e+00
4.09838367e+18 0.00000000e+00
3.89574562e+18 0.00000000e+00
3.70312668e+18 0.00000000e+00
3.52003147e+18 0.00000000e+00
3.34598912e+18 0.00000000e+00
3.18055202e+18 0.00000000e+00
3.02329468e+18 0.00000000e+00
2.87381269e+18 0.00000000e+00
2.73172160e+18 0.00000000e+00
2.59665597e+18 0.00000000e+00
2.46826845e+18 0.00000000e+00
2.34622885e+18 0.00000000e+00
2.23022330e+18 0.00000000e+00
2.11995346e+18 0.00000000e+00
2.01513573e+18 0.00000000e+00
1.91550056e+18 0.00000000e+00
1.82079168e+18 0.00000000e+00
1.73076553e+18 0.00000000e+00
1.64519059e+18 0.00000000e+00
1.56384676e+18 0.00000000e+00
1.48652484e+18 0.00000000e+00
1.41302599e+18 0.00000000e+00
1.34316117e+18 0.00000000e+00
1.27675070e+18 0.00000000e+00
1.21362380e+18 0.00000000e+00
1.15361810e+18 0.00000000e+00
1.09657929e+18 0.00000000e+00
1.04236067e+18 0.00000000e+00
9.90822810e+17 0.00000000e+00
9.41833153e+17 0.00000000e+00
8.95265713e+17 0.00000000e+00
8.51000725e+17 0.00000000e+00
8.08924349e+17 0.00000000e+00
7.68928372e+17 0.00000000e+00
7.30909933e+17 0.00000000e+00
6.94771255e+17 0.00000000e+00
6.60419396e+17 0.00000000e+00
6.27766011e+17 0.00000000e+00
5.96727120e+17 0.00000000e+00
5.67222897e+17 0.00000000e+00
5.39177464e+17 0.00000000e+00
5.12518693e+17 0.00000000e+00
4.87178022e+17 0.00000000e+00
4.63090280e+17 0.00000000e+00
4.40193519e+17 9.04337584e-51
4.18428851e+17 5.89790978e-49
3.97740302e+17 2.45077386e-47
3.78074666e+17 6.91579578e-46
3.59381366e+17 1.97782062e-44
3.41612327e+17 3.94206974e-43
3.24721849e+17 8.76138123e-42
3.08666494e+17 1.47172178e-40
2.93404971e+17 1.99161602e-39
2.78898029e+17 2.81859324e-38
2.65108360e+17 3.34778531e-37
2.52000499e+17 3.33719198e-36
2.39540736e+17 2.80572924e-35
2.27697026e+17 2.44927151e-34
2.16438909e+17 1.43601157e-33
2.05737431e+17 1.01695142e-32
1.95565072e+17 6.47546494e-32
1.85895668e+17 3.23756192e-31
1.76704353e+17 1.80552477e-30
1.67967487e+17 7.81727936e-30
1.59662602e+17 3.50856722e-29
1.51768339e+17 1.22892709e-28
1.44264395e+17 5.15669735e-28
1.37131472e+17 1.75691811e-27
1.30351224e+17 5.97153285e-27
1.23906216e+17 1.64798966e-26
1.17779870e+17 5.44844223e-26
1.11956432e+17 1.40576382e-25
1.06420924e+17 3.75988329e-25
1.01159111e+17 9.64909533e-25
9.61574600e+16 2.15462570e-24
9.14031075e+16 4.24499845e-24
8.68838264e+16 1.08940602e-23
8.25879939e+16 2.04161292e-23
7.85045620e+16 4.79270511e-23
7.46230289e+16 7.84118798e-23
7.09334120e+16 1.63160847e-22
6.74262224e+16 2.67773237e-22
6.40924402e+16 5.27561226e-22
6.09234915e+16 8.63125656e-22
5.79112265e+16 1.57465746e-21
5.50478981e+16 2.47376094e-21
5.23261424e+16 3.54780337e-21
4.97389596e+16 5.66179343e-21
4.72796959e+16 9.26307504e-21
4.49420266e+16 1.41662618e-20
4.27199397e+16 1.87922278e-20
4.06077203e+16 2.58837930e-20
3.85999362e+16 3.71218646e-20
3.66914238e+16 4.58944944e-20
3.48772747e+16 7.50469024e-20
3.31528234e+16 9.44964273e-20
3.15136348e+16 1.16931939e-19
2.99554933e+16 1.40899121e-19
2.84743917e+16 1.86908903e-19
2.70665207e+16 2.57444303e-19
2.57282597e+16 2.99077452e-19
2.44561668e+16 3.59981875e-19
2.32469706e+16 4.45067499e-19
2.20975611e+16 5.60147087e-19
2.10049824e+16 7.09642513e-19
1.99664245e+16 6.91967780e-19
1.89792164e+16 8.71319590e-19
1.80408193e+16 1.07834143e-18
1.71488197e+16 1.05155829e-18
1.63009236e+16 1.26728805e-18
1.54949504e+16 1.47423069e-18
1.47288272e+16 1.64001097e-18
1.40005838e+16 1.78233928e-18
1.33083472e+16 1.93538483e-18
1.26503372e+16 2.15203646e-18
1.20248614e+16 2.50074641e-18
1.14303113e+16 2.44112760e-18
1.08651577e+16 2.93904607e-18
1.03279473e+16 2.87437669e-18
9.81729841e+15 3.55206697e-18
9.33189772e+15 3.47186460e-18
8.87049689e+15 3.39376472e-18
8.43190929e+15 4.26760080e-18
8.01500696e+15 4.17225276e-18
7.61871770e+15 4.08478614e-18
7.24202233e+15 4.00615938e-18
6.88395207e+15 5.07520540e-18
6.54358602e+15 4.95093610e-18
6.22004883e+15 4.86299300e-18
5.91250841e+15 4.78588114e-18
5.62017385e+15 4.71308218e-18
5.34229330e+15 5.87349759e-18
5.07815211e+15 5.77300047e-18
4.82707097e+15 5.67163611e-18
4.58840413e+15 5.58421165e-18
4.36153779e+15 5.53084402e-18
4.14588850e+15 6.75120745e-18
3.94090164e+15 6.65550620e-18
3.74605003e+15 6.52137758e-18
3.56083255e+15 6.48483645e-18
3.38477286e+15 6.36098859e-18
3.21741815e+15 6.34482572e-18
3.05833803e+15 6.21743450e-18
2.90712338e+15 7.35198832e-18
2.76338529e+15 7.38002673e-18
2.62675410e+15 7.21914019e-18
2.49687843e+15 7.10586234e-18
2.37342425e+15 7.00647481e-18
2.25607407e+15 7.06499347e-18
2.14452608e+15 6.96955259e-18
2.03849340e+15 6.84697974e-18
1.93770334e+15 6.80238958e-18
1.84189668e+15 6.91097374e-18
1.75082703e+15 7.75246275e-18
1.66426018e+15 7.72725622e-18
1.58197348e+15 7.63600946e-18
1.50375532e+15 7.49072731e-18
1.42940453e+15 7.34958210e-18
1.35872990e+15 7.65420631e-18
1.29154967e+15 7.50368621e-18
1.22769105e+15 8.79950858e-18
1.16698982e+15 8.59151353e-18
1.10928986e+15 8.39373423e-18
1.05444279e+15 8.18378698e-18
1.00230755e+15 7.29915229e-18
9.52750047e+14 8.24429155e-18
9.05642838e+14 8.04735105e-18
8.60864770e+14 8.20860565e-18
8.18300682e+14 8.01460197e-18
7.77841107e+14 7.88613239e-18
7.39381992e+14 7.84629694e-18
7.02824426e+14 7.70863782e-18
6.68074392e+14 7.56846490e-18
6.35042517e+14 8.39622331e-18
6.03643851e+14 8.19239573e-18
5.73797641e+14 8.25483812e-18
5.45427131e+14 8.06242742e-18
5.18459354e+14 7.71916165e-18
4.92824957e+14 7.68339280e-18
4.68458012e+14 8.05853653e-18
4.45295851e+14 7.63285599e-18
4.23278907e+14 7.55995453e-18
4.02350555e+14 7.63149278e-18
3.82456972e+14 7.51922706e-18
3.63546996e+14 7.63619403e-18
3.45571994e+14 7.86544123e-18
3.28485737e+14 7.96349688e-18
3.12244282e+14 7.95861027e-18
2.96805861e+14 7.86913010e-18
2.82130768e+14 7.81560350e-18
2.68181261e+14 7.79217093e-18
2.54921465e+14 7.93704462e-18
2.42317279e+14 7.89032673e-18
2.30336287e+14 7.87651055e-18
2.18947676e+14 7.85643387e-18
2.08122157e+14 7.76695809e-18
1.97831888e+14 8.00107630e-18
1.88050406e+14 7.91795752e-18
1.78752553e+14 7.93222430e-18
1.69914417e+14 7.82664050e-18
1.61513269e+14 7.82681967e-18
1.53527503e+14 7.79734161e-18
1.45936580e+14 7.86829501e-18
1.38720978e+14 7.86978170e-18
1.31862140e+14 7.80664350e-18
1.25342427e+14 7.81514741e-18
1.19145070e+14 7.85356665e-18
1.13254132e+14 7.82418071e-18
1.07654461e+14 7.81189328e-18
1.02331658e+14 7.81280849e-18
9.72720319e+13 7.82568761e-18
9.24625712e+13 7.83104443e-18
8.78909065e+13 7.87664604e-18
8.35452806e+13 7.84742420e-18
7.94145172e+13 7.89452053e-18
7.54879928e+13 7.82583659e-18
7.17556092e+13 7.83795032e-18
6.82077673e+13 7.83763632e-18
6.48353429e+13 7.79839160e-18
6.16296626e+13 7.83668555e-18
5.85824820e+13 7.84759947e-18
5.56859644e+13 7.83616955e-18
5.29326606e+13 7.82148025e-18
5.03154895e+13 7.84516855e-18
4.78277202e+13 7.83224268e-18
4.54629547e+13 7.85232315e-18
4.32151113e+13 7.84930296e-18
4.10784089e+13 7.85661311e-18
3.90473524e+13 7.85706954e-18
3.71167182e+13 7.84635073e-18
3.52815412e+13 7.84330209e-18
3.35371015e+13 7.83600284e-18
3.18789129e+13 7.84626453e-18
3.03027108e+13 7.86267430e-18
2.88044415e+13 7.85308101e-18
2.73802518e+13 7.84455918e-18
2.60264788e+13 7.84800396e-18
2.47396410e+13 7.84588502e-18
2.35164288e+13 7.84706040e-18
2.23536965e+13 7.84521343e-18
2.12484535e+13 7.83961637e-18
2.01978576e+13 7.85206566e-18
1.91992067e+13 7.85000868e-18
1.82499324e+13 7.86177869e-18
1.73475936e+13 7.84677358e-18
1.64898694e+13 7.85207548e-18
1.56745541e+13 7.84681111e-18
1.48995507e+13 7.85562200e-18
1.41628662e+13 7.85555046e-18
1.34626058e+13 7.84249179e-18
1.27969687e+13 7.85091115e-18
1.21642429e+13 7.85333876e-18
1.15628013e+13 7.85171097e-18
1.09910970e+13 7.84933516e-18
1.04476597e+13 7.84510911e-18
9.93109181e+12 7.84704811e-18
9.44006479e+12 7.84830478e-18
8.97331581e+12 7.84970890e-18
8.52964450e+12 7.85469517e-18
8.10790981e+12 7.85292910e-18
7.70702711e+12 7.85367599e-18
7.32596543e+12 7.85180102e-18
6.96374473e+12 7.85185225e-18
6.61943346e+12 7.85246527e-18
6.29214611e+12 7.84901576e-18
5.98104096e+12 7.85027187e-18
5.68531791e+12 7.85107435e-18
5.40421642e+12 7.85190397e-18
5.13701354e+12 7.85103479e-18
4.88302209e+12 7.85144109e-18
4.64158883e+12 7.85109166e-18
4.41209286e+12 7.85362647e-18
4.19394396e+12 7.85214637e-18
3.98658107e+12 7.85213375e-18
3.78947092e+12 7.85115938e-18
3.60210656e+12 7.85255412e-18
3.42400614e+12 7.85167623e-18
3.25471161e+12 7.85167060e-18
3.09378757e+12 7.85406823e-18
2.94082017e+12 7.85164649e-18
2.79541600e+12 7.85194989e-18
2.65720111e+12 7.85127567e-18
2.52582003e+12 7.85202236e-18
2.40093488e+12 7.85193876e-18
2.28222447e+12 7.85108532e-18
2.16938352e+12 7.85248542e-18
2.06212180e+12 7.85139834e-18
1.96016347e+12 7.85018822e-18
1.86324631e+12 7.85271013e-18
1.77112106e+12 7.85148945e-18
1.68355080e+12 7.85168337e-18
1.60031031e+12 7.85277745e-18
1.52118552e+12 7.85222416e-18
1.44597292e+12 7.85167075e-18
1.37447909e+12 7.85242886e-18
1.30652016e+12 7.85108503e-18
1.24192135e+12 7.85140908e-18
1.18051653e+12 7.85152588e-18
1.12214777e+12 7.85134904e-18
1.06666496e+12 7.85240945e-18
1.01392541e+12 7.85177711e-18
9.63793480e+11 7.85178727e-18
9.16140246e+11 7.85161187e-18
8.70843150e+11 7.85144676e-18
8.27785697e+11 7.85154649e-18
7.86857151e+11 7.85195155e-18
7.47952252e+11 7.85199090e-18
7.10970943e+11 7.85218539e-18
6.75818117e+11 7.85215206e-18
6.42403366e+11 7.85176163e-18
6.10640754e+11 7.85218712e-18
5.80448594e+11 7.85213574e-18
5.51749238e+11 7.85180282e-18
5.24468875e+11 7.85222585e-18
4.98537346e+11 7.85228505e-18
4.73887961e+11 7.85195648e-18
4.50457325e+11 7.85222709e-18
4.28185180e+11 7.85221708e-18
4.07014245e+11 7.85227555e-18
3.86890074e+11 7.85242479e-18
3.67760910e+11 7.85224820e-18
3.49577557e+11 7.85240895e-18
3.32293252e+11 7.85229632e-18
3.15863541e+11 7.85240496e-18
3.00246171e+11 7.85247753e-18
2.85400977e+11 7.85249199e-18
2.71289780e+11 7.85250388e-18
2.57876289e+11 7.85255628e-18
2.45126006e+11 7.85260837e-18
2.33006141e+11 7.85261609e-18
2.21485523e+11 7.85277574e-18
2.10534524e+11 7.85269490e-18
2.00124980e+11 7.85279551e-18
1.90230119e+11 7.85286006e-18
1.80824493e+11 7.85275232e-18
1.71883914e+11 7.85293836e-18
1.63385388e+11 7.85300672e-18
1.55307057e+11 7.85301423e-18
1.47628147e+11 7.85304912e-18
1.40328908e+11 7.85314440e-18
1.33390569e+11 7.85321001e-18
1.26795285e+11 7.85332628e-18
1.20526094e+11 7.85337139e-18
1.14566873e+11 7.85341083e-18
1.08902296e+11 7.85350066e-18
1.03517796e+11 7.85361796e-18
9.83995230e+10 7.85368511e-18
9.35343152e+10 7.85375965e-18
8.89096599e+10 7.85394028e-18
8.45136633e+10 7.85397452e-18
8.03350198e+10 7.85413223e-18
7.63629826e+10 7.85420489e-18
7.25873365e+10 7.85439028e-18
6.89983712e+10 7.85448605e-18
6.55868566e+10 7.85467432e-18
6.23440189e+10 7.85482060e-18
5.92615181e+10 7.85496074e-18
5.63314267e+10 7.85511692e-18
5.35462090e+10 7.85529762e-18
5.08987019e+10 7.85547176e-18
4.83820966e+10 7.85565715e-18
4.59899209e+10 7.85583988e-18
4.37160225e+10 7.85607734e-18
4.15545533e+10 7.85629884e-18
3.94999546e+10 7.85652438e-18
3.75469422e+10 7.85678586e-18
3.56904935e+10 7.85702360e-18
3.39258338e+10 7.85733061e-18
3.22484250e+10 7.85759384e-18
3.06539530e+10 7.85790601e-18
2.91383170e+10 7.85823151e-18
2.76976194e+10 7.85854006e-18
2.63281547e+10 7.85890604e-18
2.50264010e+10 7.85927968e-18
2.37890104e+10 7.85966605e-18
2.26128007e+10 7.86007199e-18
2.14947467e+10 7.86050249e-18
2.04319732e+10 7.86097213e-18
1.94217468e+10 7.86144417e-18
1.84614695e+10 7.86194878e-18
1.75486715e+10 7.86247017e-18
1.66810054e+10 7.86301984e-18
1.58562396e+10 7.86360464e-18
1.50722531e+10 7.86421689e-18
1.43270295e+10 7.86487548e-18
1.36186524e+10 7.86554995e-18
1.29452998e+10 7.86626612e-18
1.23052400e+10 7.86701380e-18
1.16968270e+10 7.86781220e-18
1.11184960e+10 7.86864811e-18
1.05687597e+10 7.86951995e-18
1.00462042e+10 7.87044460e-18
9.54948564e+09 7.87142337e-18
9.07732653e+09 7.87243295e-18
8.62851257e+09 7.87350392e-18
8.20188950e+09 7.87464209e-18
7.79636013e+09 7.87583327e-18
7.41088152e+09 7.87708681e-18
7.04446228e+09 7.87839006e-18
6.69616005e+09 7.87978041e-18
6.36507908e+09 7.88124231e-18
6.05036788e+09 7.88276031e-18
5.75121707e+09 7.88437377e-18
5.46685730e+09 7.88608126e-18
5.19655724e+09 7.88785111e-18
4.93962174e+09 7.88973372e-18
4.69539001e+09 7.89170839e-18
4.46323393e+09 7.89378926e-18
4.24255643e+09 7.89597204e-18
4.03278998e+09 7.89826797e-18
3.83339510e+09 7.90068877e-18
3.64385898e+09 7.90323277e-18
3.46369418e+09 7.90590558e-18
3.29243733e+09 7.90872349e-18
3.12964801e+09 7.91168785e-18
2.97490755e+09 7.91479641e-18
2.82781798e+09 7.91807593e-18
2.68800102e+09 7.92152888e-18
2.55509709e+09 7.92515283e-18
2.42876438e+09 7.92897239e-18
2.30867799e+09 7.93298584e-18
2.19452909e+09 7.93720521e-18
2.08602409e+09 7.94165322e-18
1.98288395e+09 7.94632687e-18
1.88484341e+09 7.95124382e-18
1.79165033e+09 7.95641898e-18
1.70306503e+09 7.96186157e-18
1.61885969e+09 7.96758555e-18
1.53881775e+09 7.97360998e-18
1.46273336e+09 7.97994815e-18
1.39041083e+09 7.98661194e-18
1.32166418e+09 7.99362520e-18
1.25631660e+09 8.00100354e-18
1.19420003e+09 8.00876423e-18
1.13515471e+09 8.01692976e-18
1.07902879e+09 8.02552139e-18
1.02567793e+09 8.03455794e-18
9.74964918e+08 8.04406530e-18
9.26759330e+08 8.05406742e-18
8.80937190e+08 8.06458978e-18
8.37380654e+08 8.07565889e-18
7.95977700e+08 8.08730404e-18
7.56621850e+08 8.09955438e-18
7.19211887e+08 8.11244250e-18
6.83651600e+08 8.12599994e-18
6.49849535e+08 8.14026416e-18
6.17718760e+08 8.15526970e-18
5.87176639e+08 8.17105450e-18
5.58144625e+08 8.18766242e-18
5.30548053e+08 8.20513282e-18
5.04315949e+08 8.22351291e-18
4.79380850e+08 8.24284809e-18
4.55678627e+08 8.26318896e-18
4.33148322e+08 8.28458932e-18
4.11731993e+08 8.30710109e-18
3.91374560e+08 8.33078493e-18
3.72023668e+08 8.35570025e-18
3.53629550e+08 8.38191191e-18
3.36144900e+08 8.40948661e-18
3.19524751e+08 8.43849581e-18
3.03726358e+08 8.46901349e-18
2.88709092e+08 8.50111861e-18
2.74434330e+08 8.53489457e-18
2.60865362e+08 8.57042642e-18
2.47967289e+08 8.60780714e-18
2.35706941e+08 8.64713185e-18
2.24052787e+08 8.68850183e-18
2.12974854e+08 8.73202370e-18
2.02444651e+08 8.77780998e-18
1.92435098e+08 8.82597761e-18
1.82920450e+08 8.87665038e-18
1.73876240e+08 8.92995902e-18
1.65279206e+08 8.98604070e-18
1.57107239e+08 9.04503951e-18
1.49339322e+08 9.10710696e-18
1.41955477e+08 9.17240285e-18
1.34936714e+08 9.24109547e-18
1.28264983e+08 9.31336070e-18
1.21923125e+08 9.38938492e-18
1.15894830e+08 9.46936375e-18
1.10164595e+08 9.55350259e-18
1.04717682e+08 9.64201791e-18
9.95400829e+07 9.73513744e-18
9.46184819e+07 9.83310036e-18
8.99402217e+07 9.93615892e-18
8.54932707e+07 1.00445783e-17
8.12661920e+07 1.01586371e-17
7.72481145e+07 1.02794960e-17
7.34287045e+07 1.04057288e-17
6.97981391e+07 1.05385276e-17
6.63470812e+07 1.06782340e-17
6.30666554e+07 1.08252074e-17
5.99484250e+07 1.09798255e-17
5.69843706e+07 1.11424862e-17
5.41668691e+07 1.13136076e-17
5.14886745e+07 1.14936300e-17
4.89428990e+07 1.16830164e-17
4.65229952e+07 1.18822538e-17
4.42227398e+07 1.20918544e-17
4.20362168e+07 1.23123574e-17
3.99578030e+07 1.25443300e-17
3.79821531e+07 1.27883686e-17
3.61041860e+07 1.30451012e-17
3.43190720e+07 1.33151875e-17
3.26222201e+07 1.35993226e-17
3.10092664e+07 1.38982369e-17
2.94760626e+07 1.42151553e-17
2.80186656e+07 1.45459736e-17
2.66333273e+07 1.48939995e-17
2.53164848e+07 1.52601280e-17
2.40647515e+07 1.56453008e-17
2.28749082e+07 1.60505084e-17
2.17438948e+07 1.64837642e-17
2.06688025e+07 1.69322155e-17
1.96468665e+07 1.74039933e-17
1.86754584e+07 1.79003105e-17
1.77520801e+07 1.84224438e-17
1.68743568e+07 1.89717361e-17
1.60400311e+07 1.95495997e-17
1.52469573e+07 2.01575212e-17
1.44930957e+07 2.07970639e-17
1.37765077e+07 2.14698725e-17
1.30953502e+07 2.21776774e-17
1.24478715e+07 2.29222989e-17
1.18324063e+07 2.37056521e-17
1.12473718e+07 2.45297514e-17
1.06912634e+07 2.53967166e-17
1.01626509e+07 2.63087772e-17
9.66017480e+06 2.72682788e-17
9.18254284e+06 2.82776890e-17
8.72852662e+06 2.93396040e-17
8.29695852e+06 3.04567547e-17
7.88672862e+06 3.16320143e-17
7.49678187e+06 3.28684052e-17
7.12611543e+06 3.41691074e-17
6.77377600e+06 3.55374657e-17
6.43885743e+06 3.69769997e-17
6.12049837e+06 3.84914112e-17
5.81788007e+06 4.00845952e-17
5.53022426e+06 4.17606491e-17
5.25679112e+06 4.35238833e-17
4.99687745e+06 4.53788325e-17
4.74981480e+06 4.73302673e-17
4.51496777e+06 4.93832065e-17
4.29173238e+06 5.15429297e-17
4.07953450e+06 5.38149915e-17
3.87782841e+06 5.62052350e-17
3.68609536e+06 5.87198077e-17
3.50384225e+06 6.13651764e-17
3.33060034e+06 6.41481445e-17
3.16592411e+06 6.70758694e-17
3.00939003e+06 7.01558807e-17
2.86059554e+06 7.33960994e-17
2.71915794e+06 7.68256780e-17
2.58471351e+06 8.04117694e-17
2.45691646e+06 8.41843921e-17
2.33543814e+06 8.81532486e-17
2.21996612e+06 9.23285463e-17
2.11020343e+06 9.67210231e-17
2.00586778e+06 1.01341976e-16
1.90669084e+06 1.06203288e-16
1.81241755e+06 1.11317463e-16
1.72280545e+06 1.16697653e-16
1.63762407e+06 1.22357695e-16
1.55665436e+06 1.28312145e-16
1.47968806e+06 1.34576317e-16
1.40652724e+06 1.41166322e-16
1.33698374e+06 1.48099108e-16
1.27087871e+06 1.55392505e-16
1.20804213e+06 1.63065269e-16
1.14831241e+06 1.71137134e-16
1.09153594e+06 1.79628860e-16
1.03756668e+06 1.88562285e-16
9.86265846e+05 1.97960384e-16
9.37501502e+05 2.07847328e-16
8.91148232e+05 2.18248544e-16
8.47086827e+05 2.29190782e-16
8.05203967e+05 2.40702184e-16
7.65391939e+05 2.52812355e-16
7.27548353e+05 2.65552439e-16
6.91575883e+05 2.78955203e-16
6.57382014e+05 2.93055116e-16
6.24878807e+05 3.07888440e-16
5.93982669e+05 3.23493323e-16
5.64614142e+05 3.39909900e-16
5.36697695e+05 3.57180389e-16
5.10161531e+05 3.75349209e-16
4.84937407e+05 3.94463086e-16
4.60960449e+05 4.14571177e-16
4.38168993e+05 4.35725198e-16
4.16504425e+05 4.57979551e-16
3.95911027e+05 4.81391473e-16
3.76335836e+05 5.06021174e-16
3.57728510e+05 5.31931998e-16
3.40041193e+05 5.59190583e-16
3.23228398e+05 5.87867034e-16
3.07246884e+05 6.18035101e-16
2.92055551e+05 6.49772371e-16
2.77615329e+05 6.83160469e-16
2.63889081e+05 7.18285262e-16
2.50841506e+05 7.55237086e-16
2.38439047e+05 7.94110975e-16
2.26649808e+05 8.35006907e-16
2.15443469e+05 8.78030058e-16
2.04791210e+05 9.23291080e-16
1.94665634e+05 9.70906374e-16
1.85040702e+05 1.02099840e-15
1.75891659e+05 1.07369599e-15
1.67194976e+05 1.12913467e-15
1.58928287e+05 1.18745703e-15
1.51070330e+05 1.24881305e-15
1.43600898e+05 1.31336055e-15
1.36500781e+05 1.38126552e-15
1.29751717e+05 1.45270260e-15
1.23336350e+05 1.52785554e-15
1.17238180e+05 1.60691760e-15
1.11441525e+05 1.69009212e-15
1.05931476e+05 1.77759303e-15
1.00693863e+05 1.86964536e-15
9.57152154e+04 1.96648586e-15
9.09827289e+04 2.06836360e-15
8.64842328e+04 2.17554059e-15
8.22081576e+04 2.28829247e-15
7.81435061e+04 2.40690925e-15
7.42798248e+04 2.53169598e-15
7.06071771e+04 2.66297361e-15
6.71161177e+04 2.80107978e-15
6.37976681e+04 2.94636967e-15
6.06432940e+04 3.09921698e-15
5.76448828e+04 3.26001480e-15
5.47947234e+04 3.42917671e-15
5.20854855e+04 3.60713777e-15
4.95102016e+04 3.79435570e-15
4.70622485e+04 3.99131201e-15
4.47353305e+04 4.19851327e-15
4.25234633e+04 4.41649240e-15
4.04209584e+04 4.64581003e-15
3.84224085e+04 4.88705597e-15
3.65226736e+04 5.14085070e-15
3.47168682e+04 5.40784699e-15
3.30003479e+04 5.68873157e-15
3.13686982e+04 5.98422686e-15
2.98177229e+04 6.29509291e-15
2.83434331e+04 6.62212929e-15
2.69420371e+04 6.96617714e-15
2.56099310e+04 7.32812140e-15
2.43436887e+04 7.70889302e-15
2.31400538e+04 8.10947140e-15
2.19959307e+04 8.53088687e-15
2.09083769e+04 8.97422337e-15
1.98745955e+04 9.44062126e-15
1.88919278e+04 9.93128018e-15
1.79578465e+04 1.04474622e-14
1.70699493e+04 1.09904951e-14
1.62259529e+04 1.15617757e-14
1.54236865e+04 1.21627734e-14
1.46610868e+04 1.27950342e-14
1.39361927e+04 1.34601845e-14
1.32471399e+04 1.41599353e-14
1.25921561e+04 1.48960866e-14
1.19695570e+04 1.56705321e-14
1.13777413e+04 1.64852639e-14
1.08151870e+04 1.73423781e-14
1.02804473e+04 1.82440795e-14
9.77214697e+03 1.91926877e-14
9.28897872e+03 2.01906432e-14
8.82969996e+03 2.12405133e-14
8.39312950e+03 2.23449989e-14
7.97814457e+03 2.35069416e-14
7.58367791e+03 2.47293309e-14
7.20871503e+03 2.60153115e-14
6.85229160e+03 2.73681923e-14
6.51349095e+03 2.87914539e-14
6.19144176e+03 3.02887585e-14
5.88531578e+03 3.18639587e-14
5.59432571e+03 3.35211075e-14
5.31772318e+03 3.52644692e-14
5.05479682e+03 3.70985296e-14
4.80487044e+03 3.90280086e-14
4.56730127e+03 4.10578712e-14
4.34147833e+03 4.31933414e-14
4.12682085e+03 4.54399149e-14
3.92277676e+03 4.78033734e-14
3.72882131e+03 5.02898001e-14
3.54445567e+03 5.29055944e-14
3.36920571e+03 5.56574894e-14
3.20262069e+03 5.85525685e-14
3.04427221e+03 6.15982843e-14
2.89375302e+03 6.48024772e-14
2.75067601e+03 6.81733963e-14
2.61467321e+03 7.17197203e-14
2.48539486e+03 7.54505798e-14
2.36250847e+03 7.93755814e-14
2.24569800e+03 8.35048319e-14
2.13466303e+03 8.78489652e-14
2.02911802e+03 9.24191689e-14
1.92879151e+03 9.72272138e-14
1.83342548e+03 1.02285484e-13
1.74277468e+03 1.07607010e-13
1.65660596e+03 1.13205501e-13
1.57469771e+03 1.19095381e-13
1.49683929e+03 1.25291826e-13
1.42283046e+03 1.31810804e-13
1.35248087e+03 1.38669115e-13
1.28560961e+03 1.45884437e-13
1.22204469e+03 1.53475368e-13
1.16162263e+03 1.61461481e-13
1.10418805e+03 1.69863364e-13
1.04959323e+03 1.78702687e-13
9.97697764e+02 1.88002245e-13
9.48368187e+02 1.97786028e-13
9.01477631e+02 2.08079279e-13
8.56905505e+02 2.18908556e-13
8.14537177e+02 2.30301809e-13
7.74263683e+02 2.42288448e-13
7.35981448e+02 2.54899421e-13
6.99592017e+02 2.68167294e-13
6.65001803e+02 2.82126336e-13
6.32121848e+02 2.96812613e-13
6.00867589e+02 3.12264077e-13
5.71158648e+02 3.28520667e-13
5.42918618e+02 3.45624416e-13
5.16074871e+02 3.63619560e-13
4.90558371e+02 3.82552655e-13
4.66303493e+02 4.02472698e-13
4.43247859e+02 4.23431259e-13
4.21332174e+02 4.45482617e-13
4.00500076e+02 4.68683901e-13
3.80697987e+02 4.93095244e-13
3.61874981e+02 5.18779943e-13
3.43982649e+02 5.45804626e-13
3.26974974e+02 5.74239432e-13
3.10808217e+02 6.04158195e-13
2.95440800e+02 6.35638646e-13
2.80833200e+02 6.68762617e-13
2.66947849e+02 7.03616268e-13
2.53749038e+02 7.40290312e-13
2.41202821e+02 7.78880267e-13
2.29276931e+02 8.19486712e-13
2.17940698e+02 8.62215561e-13
2.07164968e+02 9.07178355e-13
1.96922026e+02 9.54492568e-13
1.87185529e+02 1.00428193e-12
1.77930439e+02 1.05667676e-12
1.69132952e+02 1.11181434e-12
1.60770442e+02 1.16983932e-12
1.52821404e+02 1.23090406e-12
1.45265393e+02 1.29516913e-12
1.38082977e+02 1.36280372e-12
1.31255684e+02 1.43398615e-12
1.24765955e+02 1.50890435e-12
1.18597101e+02 1.58775645e-12
1.12733256e+02 1.67075132e-12
1.07159340e+02 1.75810920e-12
1.01861017e+02 1.85006234e-12
9.68246612e+01 1.94685571e-12
9.20373200e+01 2.04874774e-12
8.74866812e+01 2.15601109e-12
8.31610415e+01 2.26893350e-12
7.90492762e+01 2.38781869e-12
7.51408106e+01 2.51298731e-12
7.14255929e+01 2.64477798e-12
6.78940681e+01 2.78354835e-12
6.45371540e+01 2.92967632e-12
6.13462172e+01 3.08356128e-12
5.83130511e+01 3.24562543e-12
5.54298552e+01 3.41631529e-12
5.26892142e+01 3.59610323e-12
5.00840799e+01 3.78548915e-12
4.76077523e+01 3.98500235e-12
4.52538628e+01 4.19520342e-12
4.30163576e+01 4.41668643e-12
4.08894823e+01 4.65008121e-12
3.88677669e+01 4.89605587e-12
3.69460121e+01 5.15531949e-12
3.51192753e+01 5.42862512e-12
3.33828586e+01 5.71677299e-12
3.17322963e+01 6.02061405e-12
3.01633435e+01 6.34105382e-12
2.86719650e+01 6.66671902e-12
2.72543253e+01 7.02132396e-12
2.59067786e+01 7.39529734e-12
2.46258592e+01 7.78975891e-12
2.34082728e+01 8.20590081e-12
2.22508880e+01 8.64499312e-12
2.11507282e+01 9.10839002e-12
2.01049642e+01 9.59753644e-12
1.91109062e+01 1.01139755e-11
1.81659979e+01 1.06593566e-11
1.72678090e+01 1.12354444e-11
1.64140297e+01 1.18441285e-11
1.56024641e+01 1.24874345e-11
1.48310251e+01 1.31677787e-11
1.40977287e+01 1.38863771e-11
1.34006890e+01 1.46465454e-11
1.27381132e+01 1.54511769e-11
1.21082975e+01 1.63033762e-11
1.15096220e+01 1.72057457e-11
1.09405471e+01 1.81619664e-11
1.03996091e+01 1.91756435e-11
9.88541702e+00 2.02506854e-11
9.39664831e+00 2.13914252e-11
8.93204600e+00 2.26025207e-11
8.49041520e+00 2.38890605e-11
8.07062014e+00 2.52565728e-11
7.67158118e+00 2.67110849e-11
7.29227206e+00 2.82591772e-11
6.93171728e+00 2.99080358e-11
6.58898955e+00 3.16655232e-11
6.26320745e+00 3.35402492e-11
5.95353313e+00 3.55416543e-11
5.65917016e+00 3.76800999e-11
5.37936150e+00 3.99669712e-11
5.11338754e+00 4.24147901e-11
4.86056423e+00 4.50373420e-11
4.62024137e+00 4.78498171e-11
4.39180089e+00 5.08689671e-11
4.17465529e+00 5.41132804e-11
3.96824610e+00 5.76031766e-11
3.77204249e+00 6.13612224e-11
3.58553986e+00 6.54123726e-11
3.40825855e+00 6.97842367e-11
3.23974263e+00 7.45073753e-11
3.07955871e+00 7.96156294e-11
2.92729484e+00 8.51464844e-11
2.78255940e+00 9.11414746e-11
2.64498018e+00 9.76466300e-11
2.51420335e+00 1.04712972e-10
2.38989257e+00 1.12397061e-10
2.27172813e+00 1.20761603e-10
2.15940615e+00 1.29772847e-10
2.05263775e+00 1.39696602e-10
1.95114835e+00 1.50531513e-10
1.85467692e+00 1.62372362e-10
1.76297538e+00 1.75506399e-10
1.67580786e+00 1.89706242e-10
1.59295021e+00 2.05265668e-10
1.51418933e+00 2.22325316e-10
1.43932264e+00 2.41043340e-10
1.36815763e+00 2.61594867e-10
1.30051125e+00 2.84173766e-10
1.23620954e+00 3.08994598e-10
1.17508713e+00 3.36294762e-10
1.11698682e+00 3.66336842e-10
1.06175918e+00 3.99411194e-10
1.00926219e+00 4.35838779e-10
9.59360829e-01 4.75974265e-10
9.11926760e-01 5.20209432e-10
8.66837993e-01 5.68979400e-10
8.23978568e-01 6.22757098e-10
7.83238260e-01 6.82071553e-10
7.44512291e-01 7.47503772e-10
7.07701066e-01 8.19694182e-10
6.72709914e-01 8.99348327e-10
6.39448843e-01 9.87243057e-10
6.07832313e-01 1.08423320e-09
5.77779012e-01 1.19125877e-09
5.49211648e-01 1.30935270e-09
5.22056753e-01 1.43964910e-09
4.96244488e-01 1.58339211e-09
4.71708469e-01 1.74194525e-09
4.48385595e-01 1.91680129e-09
4.26215883e-01 2.10959260e-09
4.05142317e-01 2.32210196e-09
3.85110700e-01 2.55627360e-09
3.66069515e-01 2.81422457e-09
3.47969790e-01 3.09825613e-09
3.30764978e-01 3.41086496e-09
3.14410830e-01 3.75475407e-09
2.98865287e-01 4.13284294e-09
2.84088369e-01 4.54827649e-09
2.70042072e-01 5.00443238e-09
2.56690272e-01 5.50492566e-09
2.43998630e-01 6.05360984e-09
2.31934506e-01 6.65457260e-09
2.20466874e-01 7.31212399e-09
2.09566240e-01 8.03077385e-09
1.99204571e-01 8.81519423e-09
1.89355218e-01 9.67016123e-09
1.79992851e-01 1.06004692e-08
1.71093391e-01 1.16108094e-08
1.62633950e-01 1.27056035e-08
1.54592774e-01 1.38887850e-08
1.46949180e-01 1.51635194e-08
1.39683512e-01 1.65318616e-08
1.32777083e-01 1.79943531e-08
1.26212131e-01 1.95495704e-08
1.19971774e-01 2.11936472e-08
1.14039960e-01 2.29198065e-08
1.08401436e-01 2.47179479e-08
1.03041699e-01 2.65743488e-08
9.79469667e-02 2.84715376e-08
9.31041349e-02 3.03883925e-08
8.85007491e-02 3.23005060e-08
8.41249705e-02 3.41808254e-08
7.99655453e-02 3.60005475e-08
7.60117762e-02 3.77302116e-08
7.22534949e-02 3.93409025e-08
6.86810359e-02 4.08054589e-08
6.52852114e-02 4.20995820e-08
6.20572881e-02 4.32027526e-08
5.89889643e-02 4.40988913e-08
5.60723488e-02 4.47767665e-08
5.32999408e-02 4.52300819e-08
5.06646101e-02 4.54573796e-08
4.81595791e-02 4.54617331e-08
4.57784054e-02 4.52503129e-08
4.35149650e-02 4.48338686e-08
4.13634368e-02 4.42261647e-08
3.93182876e-02 4.34433968e-08
3.73742574e-02 4.25036064e-08
3.55263468e-02 4.14261053e-08
3.37698031e-02 4.02309197e-08
3.21001090e-02 3.89382647e-08
3.05129702e-02 3.75680588e-08
2.90043049e-02 3.61394908e-08
2.75702333e-02 3.46706511e-08
2.62070670e-02 3.31782361e-08
2.49113003e-02 3.16855233e-08
2.36796007e-02 3.01993325e-08
2.25088005e-02 2.87297561e-08
2.13958887e-02 2.72484369e-08
2.03380031e-02 2.58287994e-08
1.93324229e-02 2.44491157e-08
1.83765620e-02 2.31150930e-08
1.74679622e-02 2.18297703e-08
1.66042866e-02 2.05954829e-08
1.57833141e-02 1.94135742e-08
1.50029332e-02 1.76981776e-08
1.42611371e-02 1.67208790e-08
1.35560179e-02 1.61840648e-08
1.28857621e-02 1.52107912e-08
1.22486461e-02 1.42870606e-08
1.16430313e-02 1.34112507e-08
1.10673602e-02 1.25815957e-08
1.05201522e-02 1.17962467e-08
1.00000000e-02 1.10533176e-08
