1.00000000e+20 0.00000000e+00
9.50556592e+19 0.00000000e+00
9.03557835e+19 0.00000000e+00
8.58882856e+19 0.00000000e+00
8.16416760e+19 0.00000000e+00
7.76050334e+19 0.00000000e+00
7.37679760e+19 0.00000000e+00
7.01206359e+19 0.00000000e+00
6.66536327e+19 0.00000000e+00
6.33580499e+19 0.00000000e+00
6.02254120e+19 0.00000000e+00
5.72476624e+19 0.00000000e+00
5.44171429e+19 0.00000000e+00
5.17265739e+19 0.00000000e+00
4.91690358e+19 0.00000000e+00
4.67379511e+19 0.00000000e+00
4.44270675e+19 0.00000000e+00
4.22304419e+19 0.00000000e+00
4.01424249e+19 0.00000000e+00
3.81576466e+19 0.00000000e+00
3.62710025e+19 0.00000000e+00
3.44776405e+19 0.00000000e+00
3.27729485e+19 0.00000000e+00
3.11525422e+19 0.00000000e+00
2.96122544e+19 0.00000000e+00
2.81481236e+19 0.00000000e+00
2.67563844e+19 0.00000000e+00
2.54334576e+19 0.00000000e+00
2.41759408e+19 0.00000000e+00
2.29805999e+19 0.00000000e+00
2.18443607e+19 0.00000000e+00
2.07643011e+19 0.00000000e+00
1.97376433e+19 0.00000000e+00
1.87617469e+19 0.00000000e+00
1.78341022e+19 0.00000000e+00
1.69523234e+19 0.00000000e+00
1.61141428e+19 0.00000000e+00
1.53174046e+19 0.00000000e+00
1.45600600e+19 0.00000000e+00
1.38401610e+19 0.00000000e+00
1.31558562e+19 0.00000000e+00
1.25053859e+19 0.00000000e+00
1.18870770e+19 0.00000000e+00
1.12993394e+19 0.00000000e+00
1.07406615e+19 0.00000000e+00
1.02096066e+19 0.00000000e+00
9.70480888e+18 0.00000000e+00
9.22497005e+18 0.00000000e+00
8.76885609e+18 0.00000000e+00
8.33529397e+18 0.00000000e+00
7.92316862e+18 0.00000000e+00
7.53142017e+18 0.00000000e+00
7.15904109e+18 0.00000000e+00
6.80507370e+18 0.00000000e+00
6.46860766e+18 0.00000000e+00
6.14877765e+18 0.00000000e+00
5.84476113e+18 0.00000000e+00
5.55577622e+18 0.00000000e+00
5.28107971e+18 0.00000000e+00
5.01996513e+18 0.00000000e+00
4.77176095e+18 0.00000000e+00
4.53582883e+18 0.00000000e+00
4.31156199e+18 0.00000000e+00
4.09838367e+18 0.00000000e+00
3.89574562e+18 0.00000000e+00
3.70312668e+18 0.00000000e+00
3.52003147e+18 0.00000000e+00
3.34598912e+18 0.00000000e+00
3.18055202e+18 0.00000000e+00
3.02329468e+18 0.00000000e+00
2.87381269e+18 0.00000000e+00
2.73172160e+18 0.00000000e+00
2.59665597e+18 0.00000000e+00
2.46826845e+18 0.00000000e+00
2.34622885e+18 0.00000000e+00
2.23022330e+18 0.00000000e+00
2.11995346e+18 0.00000000e+00
2.01513573e+18 0.00000000e+00
1.91550056e+18 0.00000000e+00
1.82079168e+18 0.00000000e+00
1.73076553e+18 0.00000000e+00
1.64519059e+18 0.00000000e+00
1.56384676e+18 0.00000000e+00
1.48652484e+18 0.00000000e+00
1.41302599e+18 0.00000000e+00
1.34316117e+18 0.00000000e+00
1.27675070e+18 0.00000000e+00
1.21362380e+18 0.00000000e+00
1.15361810e+18 0.00000000e+00
1.09657929e+18 0.00000000e+00
1.04236067e+18 0.00000000e+00
9.90822810e+17 0.00000000e+00
9.41833153e+17 0.00000000e+00
8.95265713e+17 0.00000000e+00
8.51000725e+17 0.00000000e+00
8.08924349e+17 0.00000000e+00
7.68928372e+17 0.00000000e+00
7.30909933e+17 0.00000000e+00
6.94771255e+17 0.00000000e+00
6.60419396e+17 0.00000000e+00
6.27766011e+17 0.00000000e+00
5.96727120e+17 0.00000000e+00
5.67222897e+17 0.00000000e+00
5.39177464e+17 0.00000000e+00
5.12518693e+17 0.00000000e+00
4.87178022e+17 0.00000000e+00
4.63090280e+17 0.00000000e+00
4.40193519e+17 0.00000000e+00
4.18428851e+17 0.00000000e+00
3.97740302e+17 0.00000000e+00
3.78074666e+17 0.00000000e+00
3.59381366e+17 1.52735730e-48
3.41612327e+17 6.60853021e-47
3.24721849e+17 2.22406209e-45
3.08666494e+17 6.93618185e-44
2.93404971e+17 1.99095887e-42
2.78898029e+17 3.81039623e-41
2.65108360e+17 8.44208606e-40
2.52000499e+17 1.29431159e-38
2.39540736e+17 1.53731914e-37
2.27697026e+17 2.37251106e-36
2.16438909e+17 2.16877462e-35
2.05737431e+17 1.99561033e-34
1.95565072e+17 1.86921527e-33
1.85895668e+17 1.50928696e-32
1.76704353e+17 1.11253647e-31
1.67967487e+17 7.06181533e-31
1.59662602e+17 3.87226890e-30
1.51768339e+17 2.00070668e-29
1.44264395e+17 9.71305237e-29
1.37131472e+17 4.20013516e-28
1.30351224e+17 1.76433475e-27
1.23906216e+17 6.16764072e-27
1.17779870e+17 2.43728982e-26
1.11956432e+17 9.21928247e-26
1.06420924e+17 2.82241816e-25
1.01159111e+17 8.27079835e-25
9.61574600e+16 2.21686946e-24
9.14031075e+16 6.11799018e-24
8.68838264e+16 1.56615050e-23
8.25879939e+16 3.69010490e-23
7.85045620e+16 8.52752829e-23
7.46230289e+16 2.28365143e-22
7.09334120e+16 4.16621697e-22
6.74262224e+16 9.62778405e-22
6.40924402e+16 1.99636449e-21
6.09234915e+16 3.19043304e-21
5.79112265e+16 6.48577666e-21
5.50478981e+16 1.05978679e-20
5.23261424e+16 2.19751576e-20
4.97389596e+16 3.51189721e-20
4.72796959e+16 5.75768927e-20
4.49420266e+16 9.44929573e-20
4.27199397e+16 1.44225240e-19
4.06077203e+16 2.35837655e-19
3.85999362e+16 2.96958181e-19
3.66914238e+16 4.54145876e-19
3.48772747e+16 6.90599428e-19
3.31528234e+16 9.88711777e-19
3.15136348e+16 1.50907757e-18
2.99554933e+16 1.89917359e-18
2.84743917e+16 2.40587402e-18
2.70665207e+16 3.02939218e-18
2.57282597e+16 4.63293555e-18
2.44561668e+16 5.38839719e-18
2.32469706e+16 6.86883787e-18
2.20975611e+16 8.25321951e-18
2.10049824e+16 9.58790638e-18
1.99664245e+16 1.15409887e-17
1.89792164e+16 1.42680952e-17
1.80408193e+16 1.79573482e-17
1.71488197e+16 2.27499128e-17
1.63009236e+16 2.86475740e-17
1.54949504e+16 2.79348006e-17
1.47288272e+16 3.45697835e-17
1.40005838e+16 4.16582055e-17
1.33083472e+16 4.06270652e-17
1.26503372e+16 4.72746051e-17
1.20248614e+16 5.25908861e-17
1.14303113e+16 5.88004707e-17
1.08651577e+16 7.07061659e-17
1.03279473e+16 6.89905597e-17
9.81729841e+15 8.01714224e-17
9.33189772e+15 7.82592397e-17
8.87049689e+15 9.43565101e-17
8.43190929e+15 9.21473498e-17
8.01500696e+15 1.13999691e-16
7.61871770e+15 1.11394993e-16
7.24202233e+15 1.09060746e-16
6.88395207e+15 1.37185058e-16
6.54358602e+15 1.34269067e-16
6.22004883e+15 1.31674742e-16
5.91250841e+15 1.28428805e-16
5.62017385e+15 1.62699352e-16
5.34229330e+15 1.59874673e-16
5.07815211e+15 1.55980353e-16
4.82707097e+15 1.53488622e-16
4.58840413e+15 1.92937111e-16
4.36153779e+15 1.89707007e-16
4.14588850e+15 1.86396772e-16
3.94090164e+15 1.82842156e-16
3.74605003e+15 1.80125365e-16
3.56083255e+15 1.77150492e-16
3.38477286e+15 2.18431091e-16
3.21741815e+15 2.13861253e-16
3.05833803e+15 2.11760547e-16
2.90712338e+15 2.07466792e-16
2.76338529e+15 2.03498380e-16
2.62675410e+15 2.03643659e-16
2.49687843e+15 1.99133421e-16
2.37342425e+15 2.35323760e-16
2.25607407e+15 2.36095734e-16
2.14452608e+15 2.31973784e-16
2.03849340e+15 2.26570642e-16
1.93770334e+15 2.29587928e-16
1.84189668e+15 2.26608434e-16
1.75082703e+15 2.22085641e-16
1.66426018e+15 2.17817382e-16
1.58197348e+15 2.15865520e-16
1.50375532e+15 2.50904215e-16
1.42940453e+15 2.46753359e-16
1.35872990e+15 2.44745554e-16
1.29154967e+15 2.40971163e-16
1.22769105e+15 2.36248188e-16
1.16698982e+15 2.37500274e-16
1.10928986e+15 2.40301890e-16
1.05444279e+15 2.82307079e-16
1.00230755e+15 2.75681256e-16
9.52750047e+14 2.68782519e-16
9.05642838e+14 2.62460922e-16
8.60864770e+14 2.66938202e-16
8.18300682e+14 2.60260395e-16
7.77841107e+14 2.54090130e-16
7.39381992e+14 2.48058205e-16
7.02824426e+14 2.50923740e-16
6.68074392e+14 2.44938367e-16
6.35042517e+14 2.39088267e-16
6.03643851e+14 2.41881599e-16
5.73797641e+14 2.36806523e-16
5.45427131e+14 2.33329982e-16
5.18459354e+14 2.58737320e-16
4.92824957e+14 2.58837068e-16
4.68458012e+14 2.52567563e-16
4.45295851e+14 2.52105952e-16
4.23278907e+14 2.46171238e-16
4.02350555e+14 2.45252509e-16
3.82456972e+14 2.39453715e-16
3.63546996e+14 2.46207774e-16
3.45571994e+14 2.40510789e-16
3.28485737e+14 2.30417379e-16
3.12244282e+14 2.49430488e-16
2.96805861e+14 2.47356471e-16
2.82130768e+14 2.37496697e-16
2.68181261e+14 2.38952015e-16
2.54921465e+14 2.40046226e-16
2.42317279e+14 2.39089071e-16
2.30336287e+14 2.37742915e-16
2.18947676e+14 2.37364332e-16
2.08122157e+14 2.37120190e-16
1.97831888e+14 2.38487712e-16
1.88050406e+14 2.36710164e-16
1.78752553e+14 2.34924848e-16
1.69914417e+14 2.34966663e-16
1.61513269e+14 2.33245787e-16
1.53527503e+14 2.35179527e-16
1.45936580e+14 2.36929650e-16
1.38720978e+14 2.34280017e-16
1.31862140e+14 2.33550266e-16
1.25342427e+14 2.36725781e-16
1.19145070e+14 2.32323770e-16
1.13254132e+14 2.34200041e-16
1.07654461e+14 2.32235686e-16
1.02331658e+14 2.32418569e-16
9.72720319e+13 2.33305239e-16
9.24625712e+13 2.33031226e-16
8.78909065e+13 2.32622593e-16
8.35452806e+13 2.32744595e-16
7.94145172e+13 2.32137064e-16
7.54879928e+13 2.32201489e-16
7.17556092e+13 2.33211299e-16
6.82077673e+13 2.33056988e-16
6.48353429e+13 2.32027736e-16
6.16296626e+13 2.32771339e-16
5.85824820e+13 2.33166147e-16
5.56859644e+13 2.31785488e-16
5.29326606e+13 2.32790480e-16
5.03154895e+13 2.33395210e-16
4.78277202e+13 2.31791125e-16
4.54629547e+13 2.33060742e-16
4.32151113e+13 2.32404351e-16
4.10784089e+13 2.32149027e-16
3.90473524e+13 2.32379367e-16
3.71167182e+13 2.32796480e-16
3.52815412e+13 2.31936216e-16
3.35371015e+13 2.32381748e-16
3.18789129e+13 2.32207684e-16
3.03027108e+13 2.32051014e-16
2.88044415e+13 2.31569752e-16
2.73802518e+13 2.32421349e-16
2.60264788e+13 2.31735252e-16
2.47396410e+13 2.32121406e-16
2.35164288e+13 2.32287971e-16
2.23536965e+13 2.32389300e-16
2.12484535e+13 2.32344527e-16
2.01978576e+13 2.31977162e-16
1.91992067e+13 2.32134467e-16
1.82499324e+13 2.31782295e-16
1.73475936e+13 2.32111598e-16
1.64898694e+13 2.31910210e-16
1.56745541e+13 2.31735970e-16
1.48995507e+13 2.31730572e-16
1.41628662e+13 2.32144957e-16
1.34626058e+13 2.32043457e-16
1.27969687e+13 2.31837158e-16
1.21642429e+13 2.31604205e-16
1.15628013e+13 2.31674395e-16
1.09910970e+13 2.31832934e-16
1.04476597e+13 2.31630753e-16
9.93109181e+12 2.31909507e-16
9.44006479e+12 2.31876920e-16
8.97331581e+12 2.31864553e-16
8.52964450e+12 2.31676530e-16
8.10790981e+12 2.31656160e-16
7.70702711e+12 2.31602183e-16
7.32596543e+12 2.31591770e-16
6.96374473e+12 2.31710141e-16
6.61943346e+12 2.31692748e-16
6.29214611e+12 2.31701683e-16
5.98104096e+12 2.31610959e-16
5.68531791e+12 2.31550532e-16
5.40421642e+12 2.31762295e-16
5.13701354e+12 2.31635921e-16
4.88302209e+12 2.31644200e-16
4.64158883e+12 2.31613433e-16
4.41209286e+12 2.31594913e-16
4.19394396e+12 2.31594081e-16
3.98658107e+12 2.31530800e-16
3.78947092e+12 2.31555556e-16
3.60210656e+12 2.31658878e-16
3.42400614e+12 2.31534155e-16
3.25471161e+12 2.31605579e-16
3.09378757e+12 2.31608167e-16
2.94082017e+12 2.31586287e-16
2.79541600e+12 2.31551241e-16
2.65720111e+12 2.31599621e-16
2.52582003e+12 2.31572139e-16
2.40093488e+12 2.31538582e-16
2.28222447e+12 2.31558784e-16
2.16938352e+12 2.31605524e-16
2.06212180e+12 2.31547243e-16
1.96016347e+12 2.31553042e-16
1.86324631e+12 2.31534524e-16
1.77112106e+12 2.31553528e-16
1.68355080e+12 2.31529980e-16
1.60031031e+12 2.31566265e-16
1.52118552e+12 2.31547020e-16
1.44597292e+12 2.31552146e-16
1.37447909e+12 2.31548193e-16
1.30652016e+12 2.31545436e-16
1.24192135e+12 2.31542911e-16
1.18051653e+12 2.31534934e-16
1.12214777e+12 2.31529775e-16
1.06666496e+12 2.31528594e-16
1.01392541e+12 2.31541573e-16
9.63793480e+11 2.31534446e-16
9.16140246e+11 2.31537603e-16
8.70843150e+11 2.31549954e-16
8.27785697e+11 2.31535316e-16
7.86857151e+11 2.31541737e-16
7.47952252e+11 2.31528176e-16
7.10970943e+11 2.31526110e-16
6.75818117e+11 2.31536393e-16
6.42403366e+11 2.31527366e-16
6.10640754e+11 2.31526807e-16
5.80448594e+11 2.31539405e-16
5.51749238e+11 2.31520399e-16
5.24468875e+11 2.31535735e-16
4.98537346e+11 2.31528268e-16
4.73887961e+11 2.31532601e-16
4.50457325e+11 2.31526615e-16
4.28185180e+11 2.31529186e-16
4.07014245e+11 2.31527954e-16
3.86890074e+11 2.31525389e-16
3.67760910e+11 2.31531699e-16
3.49577557e+11 2.31521492e-16
3.32293252e+11 2.31524093e-16
3.15863541e+11 2.31530316e-16
3.00246171e+11 2.31527132e-16
2.85400977e+11 2.31527221e-16
2.71289780e+11 2.31530182e-16
2.57876289e+11 2.31526918e-16
2.45126006e+11 2.31526045e-16
2.33006141e+11 2.31525103e-16
2.21485523e+11 2.31526231e-16
2.10534524e+11 2.31528317e-16
2.00124980e+11 2.31525986e-16
1.90230119e+11 2.31522144e-16
1.80824493e+11 2.31526228e-16
1.71883914e+11 2.31523077e-16
1.63385388e+11 2.31525333e-16
1.55307057e+11 2.31525004e-16
1.47628147e+11 2.31526313e-16
1.40328908e+11 2.31524911e-16
1.33390569e+11 2.31521724e-16
1.26795285e+11 2.31523378e-16
1.20526094e+11 2.31522177e-16
1.14566873e+11 2.31522440e-16
1.08902296e+11 2.31522915e-16
1.03517796e+11 2.31522805e-16
9.83995230e+10 2.31524532e-16
9.35343152e+10 2.31524185e-16
8.89096599e+10 2.31523331e-16
8.45136633e+10 2.31522699e-16
8.03350198e+10 2.31522949e-16
7.63629826e+10 2.31522889e-16
7.25873365e+10 2.31522621e-16
6.89983712e+10 2.31522892e-16
6.55868566e+10 2.31522322e-16
6.23440189e+10 2.31522741e-16
5.92615181e+10 2.31521132e-16
5.63314267e+10 2.31522082e-16
5.35462090e+10 2.31521791e-16
5.08987019e+10 2.31521147e-16
4.83820966e+10 2.31522115e-16
4.59899209e+10 2.31522265e-16
4.37160225e+10 2.31520990e-16
4.15545533e+10 2.31522158e-16
3.94999546e+10 2.31521837e-16
3.75469422e+10 2.31521680e-16
3.56904935e+10 2.31521941e-16
3.39258338e+10 2.31522182e-16
3.22484250e+10 2.31521720e-16
3.06539530e+10 2.31521762e-16
2.91383170e+10 2.31521251e-16
2.76976194e+10 2.31521496e-16
2.63281547e+10 2.31522272e-16
2.50264010e+10 2.31521619e-16
2.37890104e+10 2.31521821e-16
2.26128007e+10 2.31522242e-16
2.14947467e+10 2.31521842e-16
2.04319732e+10 2.31521979e-16
1.94217468e+10 2.31522165e-16
1.84614695e+10 2.31522057e-16
1.75486715e+10 2.31521971e-16
1.66810054e+10 2.31522342e-16
1.58562396e+10 2.31522073e-16
1.50722531e+10 2.31522368e-16
1.43270295e+10 2.31522498e-16
1.36186524e+10 2.31522209e-16
1.29452998e+10 2.31522643e-16
1.23052400e+10 2.31522591e-16
1.16968270e+10 2.31522950e-16
1.11184960e+10 2.31522965e-16
1.05687597e+10 2.31522816e-16
1.00462042e+10 2.31522833e-16
9.54948564e+09 2.31523377e-16
9.07732653e+09 2.31523336e-16
8.62851257e+09 2.31523499e-16
8.20188950e+09 2.31523205e-16
7.79636013e+09 2.31523478e-16
7.41088152e+09 2.31523855e-16
7.04446228e+09 2.31523675e-16
6.69616005e+09 2.31523915e-16
6.36507908e+09 2.31524369e-16
6.05036788e+09 2.31524433e-16
5.75121707e+09 2.31524680e-16
5.46685730e+09 2.31524907e-16
5.19655724e+09 2.31524619e-16
4.93962174e+09 2.31525228e-16
4.69539001e+09 2.31525265e-16
4.46323393e+09 2.31525375e-16
4.24255643e+09 2.31525748e-16
4.03278998e+09 2.31526086e-16
3.83339510e+09 2.31526498e-16
3.64385898e+09 2.31526688e-16
3.46369418e+09 2.31527058e-16
3.29243733e+09 2.31527468e-16
3.12964801e+09 2.31527814e-16
2.97490755e+09 2.31528102e-16
2.82781798e+09 2.31528605e-16
2.68800102e+09 2.31529027e-16
2.55509709e+09 2.31529339e-16
2.42876438e+09 2.31529817e-16
2.30867799e+09 2.31530270e-16
2.19452909e+09 2.31530852e-16
2.08602409e+09 2.31531312e-16
1.98288395e+09 2.31531838e-16
1.88484341e+09 2.31532400e-16
1.79165033e+09 2.31533088e-16
1.70306503e+09 2.31533685e-16
1.61885969e+09 2.31534378e-16
1.53881775e+09 2.31535176e-16
1.46273336e+09 2.31535852e-16
1.39041083e+09 2.31536635e-16
1.32166418e+09 2.31537484e-16
1.25631660e+09 2.31538425e-16
1.19420003e+09 2.31539342e-16
1.13515471e+09 2.31540304e-16
1.07902879e+09 2.31541348e-16
1.02567793e+09 2.31542438e-16
9.74964918e+08 2.31543600e-16
9.26759330e+08 2.31544743e-16
8.80937190e+08 2.31546038e-16
8.37380654e+08 2.31547361e-16
7.95977700e+08 2.31548745e-16
7.56621850e+08 2.31550224e-16
7.19211887e+08 2.31551798e-16
6.83651600e+08 2.31553388e-16
6.49849535e+08 2.31555125e-16
6.17718760e+08 2.31556931e-16
5.87176639e+08 2.31558814e-16
5.58144625e+08 2.31560799e-16
5.30548053e+08 2.31562883e-16
5.04315949e+08 2.31565096e-16
4.79380850e+08 2.31567421e-16
4.55678627e+08 2.31569861e-16
4.33148322e+08 2.31572404e-16
4.11731993e+08 2.31575134e-16
3.91374560e+08 2.31577960e-16
3.72023668e+08 2.31580963e-16
3.53629550e+08 2.31584103e-16
3.36144900e+08 2.31587412e-16
3.19524751e+08 2.31590897e-16
3.03726358e+08 2.31594559e-16
2.88709092e+08 2.31598400e-16
2.74434330e+08 2.31602453e-16
2.60865362e+08 2.31606708e-16
2.47967289e+08 2.31611202e-16
2.35706941e+08 2.31615925e-16
2.24052787e+08 2.31620877e-16
2.12974854e+08 2.31626106e-16
2.02444651e+08 2.31631594e-16
1.92435098e+08 2.31637371e-16
1.82920450e+08 2.31643457e-16
1.73876240e+08 2.31649863e-16
1.65279206e+08 2.31656580e-16
1.57107239e+08 2.31663658e-16
1.49339322e+08 2.31671110e-16
1.41955477e+08 2.31678943e-16
1.34936714e+08 2.31687194e-16
1.28264983e+08 2.31695858e-16
1.21923125e+08 2.31704981e-16
1.15894830e+08 2.31714578e-16
1.10164595e+08 2.31724675e-16
1.04717682e+08 2.31735297e-16
9.95400829e+07 2.31746469e-16
9.46184819e+07 2.31758226e-16
8.99402217e+07 2.31770590e-16
8.54932707e+07 2.31783600e-16
8.12661920e+07 2.31797288e-16
7.72481145e+07 2.31811679e-16
7.34287045e+07 2.31826833e-16
6.97981391e+07 2.31842770e-16
6.63470812e+07 2.31859531e-16
6.30666554e+07 2.31877167e-16
5.99484250e+07 2.31895720e-16
5.69843706e+07 2.31915235e-16
5.41668691e+07 2.31935770e-16
5.14886745e+07 2.31957371e-16
4.89428990e+07 2.31980096e-16
4.65229952e+07 2.32004003e-16
4.42227398e+07 2.32029152e-16
4.20362168e+07 2.32055612e-16
3.99578030e+07 2.32083447e-16
3.79821531e+07 2.32112728e-16
3.61041860e+07 2.32143533e-16
3.43190720e+07 2.32175944e-16
3.26222201e+07 2.32210036e-16
3.10092664e+07 2.32245904e-16
2.94760626e+07 2.32283638e-16
2.80186656e+07 2.32323333e-16
2.66333273e+07 2.32365093e-16
2.53164848e+07 2.32409027e-16
2.40647515e+07 2.32455244e-16
2.28749082e+07 2.32503867e-16
2.17438948e+07 2.32555018e-16
2.06688025e+07 2.32608830e-16
1.96468665e+07 2.32665440e-16
1.86754584e+07 2.32724994e-16
1.77520801e+07 2.32787648e-16
1.68743568e+07 2.32853560e-16
1.60400311e+07 2.32922901e-16
1.52469573e+07 2.32995848e-16
1.44930957e+07 2.33072589e-16
1.37765077e+07 2.33153323e-16
1.30953502e+07 2.33238255e-16
1.24478715e+07 2.33327605e-16
1.18324063e+07 2.33421603e-16
1.12473718e+07 2.33520491e-16
1.06912634e+07 2.33624522e-16
1.01626509e+07 2.33733964e-16
9.66017480e+06 2.33849099e-16
9.18254284e+06 2.33970223e-16
8.72852662e+06 2.34097647e-16
8.29695852e+06 2.34231698e-16
7.88672862e+06 2.34372723e-16
7.49678187e+06 2.34521083e-16
7.12611543e+06 2.34677160e-16
6.77377600e+06 2.34841356e-16
6.43885743e+06 2.35014092e-16
6.12049837e+06 2.35195813e-16
5.81788007e+06 2.35386986e-16
5.53022426e+06 2.35588103e-16
5.25679112e+06 2.35799681e-16
4.99687745e+06 2.36022265e-16
4.74981480e+06 2.36256427e-16
4.51496777e+06 2.36502768e-16
4.29173238e+06 2.36761922e-16
4.07953450e+06 2.37034557e-16
3.87782841e+06 2.37321373e-16
3.68609536e+06 2.37623108e-16
3.50384225e+06 2.37940537e-16
3.33060034e+06 2.38274478e-16
3.16592411e+06 2.38625789e-16
3.00939003e+06 2.38995373e-16
2.86059554e+06 2.39384181e-16
2.71915794e+06 2.39793214e-16
2.58471351e+06 2.40223522e-16
2.45691646e+06 2.40676212e-16
2.33543814e+06 2.41152450e-16
2.21996612e+06 2.41653459e-16
2.11020343e+06 2.42180528e-16
2.00586778e+06 2.42735013e-16
1.90669084e+06 2.43318340e-16
1.81241755e+06 2.43932008e-16
1.72280545e+06 2.44577597e-16
1.63762407e+06 2.45256765e-16
1.55665436e+06 2.45971261e-16
1.47968806e+06 2.46722922e-16
1.40652724e+06 2.47513681e-16
1.33698374e+06 2.48345571e-16
1.27087871e+06 2.49220732e-16
1.20804213e+06 2.50141415e-16
1.14831241e+06 2.51109987e-16
1.09153594e+06 2.52128940e-16
1.03756668e+06 2.53200894e-16
9.86265846e+05 2.54328606e-16
9.37501502e+05 2.55514976e-16
8.91148232e+05 2.56763055e-16
8.47086827e+05 2.58076054e-16
8.05203967e+05 2.59457349e-16
7.65391939e+05 2.60910492e-16
7.27548353e+05 2.62439220e-16
6.91575883e+05 2.64047466e-16
6.57382014e+05 2.65739365e-16
6.24878807e+05 2.67519269e-16
5.93982669e+05 2.69391755e-16
5.64614142e+05 2.71361639e-16
5.36697695e+05 2.73433987e-16
5.10161531e+05 2.75614129e-16
4.84937407e+05 2.77907672e-16
4.60960449e+05 2.80320514e-16
4.38168993e+05 2.82858860e-16
4.16504425e+05 2.85529240e-16
3.95911027e+05 2.88338520e-16
3.76335836e+05 2.91293926e-16
3.57728510e+05 2.94403058e-16
3.40041193e+05 2.97673912e-16
3.23228398e+05 3.01140474e-16
3.07246884e+05 3.04760446e-16
2.92055551e+05 3.08568711e-16
2.77615329e+05 3.12575065e-16
2.63889081e+05 3.16789811e-16
2.50841506e+05 3.21223788e-16
2.38439047e+05 3.25888400e-16
2.26649808e+05 3.30795644e-16
2.15443469e+05 3.35958140e-16
2.04791210e+05 3.41389166e-16
1.94665634e+05 3.47102688e-16
1.85040702e+05 3.53113402e-16
1.75891659e+05 3.59436766e-16
1.67194976e+05 3.66089042e-16
1.58928287e+05 3.73087339e-16
1.51070330e+05 3.80449657e-16
1.43600898e+05 3.88194929e-16
1.36500781e+05 3.96343074e-16
1.29751717e+05 4.04915050e-16
1.23336350e+05 4.14005333e-16
1.17238180e+05 4.23492224e-16
1.11441525e+05 4.33472581e-16
1.05931476e+05 4.43972072e-16
1.00693863e+05 4.55017701e-16
9.57152154e+04 4.66637874e-16
9.09827289e+04 4.78862479e-16
8.64842328e+04 4.91928418e-16
8.22081576e+04 5.05457643e-16
7.81435061e+04 5.19690601e-16
7.42798248e+04 5.34663896e-16
7.06071771e+04 5.50416039e-16
6.71161177e+04 5.66987542e-16
6.37976681e+04 5.84421025e-16
6.06432940e+04 6.02761326e-16
5.76448828e+04 6.22055614e-16
5.47947234e+04 6.42353512e-16
5.20854855e+04 6.63707224e-16
4.95102016e+04 6.86171671e-16
4.70622485e+04 7.09804630e-16
4.47353305e+04 7.34666883e-16
4.25234633e+04 7.60822373e-16
4.04209584e+04 7.88338372e-16
3.84224085e+04 8.17285649e-16
3.65226736e+04 8.47738656e-16
3.47168682e+04 8.79775717e-16
3.30003479e+04 9.13479229e-16
3.13686982e+04 9.48935879e-16
2.98177229e+04 9.86236859e-16
2.83434331e+04 1.02547811e-15
2.69420371e+04 1.06676056e-15
2.56099310e+04 1.11019038e-15
2.43436887e+04 1.15587929e-15
2.31400538e+04 1.20394479e-15
2.19959307e+04 1.25451052e-15
2.09083769e+04 1.30770652e-15
1.98745955e+04 1.36366963e-15
1.88919278e+04 1.42254378e-15
1.79578465e+04 1.48448042e-15
1.70699493e+04 1.54963884e-15
1.62259529e+04 1.61818665e-15
1.54236865e+04 1.69030015e-15
1.46610868e+04 1.76616485e-15
1.39361927e+04 1.84597588e-15
1.32471399e+04 1.92993852e-15
1.25921561e+04 2.01826876e-15
1.19695570e+04 2.11119380e-15
1.13777413e+04 2.20895268e-15
1.08151870e+04 2.31241075e-15
1.02804473e+04 2.42060549e-15
9.77214697e+03 2.53442842e-15
9.28897872e+03 2.65417235e-15
8.82969996e+03 2.78014531e-15
8.39312950e+03 2.91267137e-15
7.97814457e+03 3.05209143e-15
7.58367791e+03 3.19876417e-15
7.20871503e+03 3.35306691e-15
6.85229160e+03 3.51539661e-15
6.51349095e+03 3.68617089e-15
6.19144176e+03 3.86582909e-15
5.88531578e+03 4.05483343e-15
5.59432571e+03 4.25367018e-15
5.31772318e+03 4.46285092e-15
5.05479682e+03 4.68291383e-15
4.80487044e+03 4.91442514e-15
4.56730127e+03 5.15798051e-15
4.34147833e+03 5.41420665e-15
4.12682085e+03 5.68376284e-15
3.92277676e+03 5.96734272e-15
3.72882131e+03 6.26567601e-15
3.54445567e+03 6.57953044e-15
3.36920571e+03 6.90971368e-15
3.20262069e+03 7.25707547e-15
3.04427221e+03 7.62250978e-15
2.89375302e+03 8.00695714e-15
2.75067601e+03 8.41140704e-15
2.61467321e+03 8.83690049e-15
2.48539486e+03 9.28453272e-15
2.36250847e+03 9.75545601e-15
2.24569800e+03 1.02508826e-14
2.13466303e+03 1.07720880e-14
2.02911802e+03 1.13204140e-14
1.92879151e+03 1.18972723e-14
1.83342548e+03 1.25041483e-14
1.74277468e+03 1.31426047e-14
1.65660596e+03 1.38142856e-14
1.57469771e+03 1.45209208e-14
1.49683929e+03 1.52643302e-14
1.42283046e+03 1.60464286e-14
1.35248087e+03 1.68692307e-14
1.28560961e+03 1.77348561e-14
1.22204469e+03 1.86455350e-14
1.16162263e+03 1.96036138e-14
1.10418805e+03 2.06115614e-14
1.04959323e+03 2.16719753e-14
9.97697764e+02 2.27875888e-14
9.48368187e+02 2.39612776e-14
9.01477631e+02 2.51960674e-14
8.56905505e+02 2.64951420e-14
8.14537177e+02 2.78618514e-14
7.74263683e+02 2.92997205e-14
7.35981448e+02 3.08124582e-14
6.99592017e+02 3.24039673e-14
6.65001803e+02 3.40783544e-14
6.32121848e+02 3.58399407e-14
6.00867589e+02 3.76932736e-14
5.71158648e+02 3.96431379e-14
5.42918618e+02 4.16945689e-14
5.16074871e+02 4.38528654e-14
4.90558371e+02 4.61236035e-14
4.66303493e+02 4.85126512e-14
4.43247859e+02 5.10261840e-14
4.21332174e+02 5.36707010e-14
4.00500076e+02 5.64530419e-14
3.80697987e+02 5.93804052e-14
3.61874981e+02 6.24603670e-14
3.43982649e+02 6.57009015e-14
3.26974974e+02 6.91104014e-14
3.10808217e+02 7.26977006e-14
2.95440800e+02 7.64720977e-14
2.80833200e+02 8.04433805e-14
2.66947849e+02 8.46218522e-14
2.53749038e+02 8.90183591e-14
2.41202821e+02 9.36443195e-14
2.29276931e+02 9.85117544e-14
2.17940698e+02 1.03633320e-13
2.07164968e+02 1.09022341e-13
1.96922026e+02 1.14692849e-13
1.87185529e+02 1.20659617e-13
1.77930439e+02 1.26938204e-13
1.69132952e+02 1.33544994e-13
1.60770442e+02 1.40497243e-13
1.52821404e+02 1.47813125e-13
1.45265393e+02 1.55511785e-13
1.38082977e+02 1.63613390e-13
1.31255684e+02 1.72139186e-13
1.24765955e+02 1.81111558e-13
1.18597101e+02 1.90554093e-13
1.12733256e+02 2.00491651e-13
1.07159340e+02 2.10950427e-13
1.01861017e+02 2.21958039e-13
9.68246612e+01 2.33543597e-13
9.20373200e+01 2.45737796e-13
8.74866812e+01 2.58573004e-13
8.31610415e+01 2.72083359e-13
7.90492762e+01 2.86304872e-13
7.51408106e+01 3.01275538e-13
7.14255929e+01 3.17035449e-13
6.78940681e+01 3.33626926e-13
6.45371540e+01 3.51094645e-13
6.13462172e+01 3.69485787e-13
5.83130511e+01 3.88850185e-13
5.54298552e+01 4.09240492e-13
5.26892142e+01 4.30712358e-13
5.00840799e+01 4.53324616e-13
4.76077523e+01 4.77139486e-13
4.52538628e+01 5.02222798e-13
4.30163576e+01 5.28644226e-13
4.08894823e+01 5.56477543e-13
3.88677669e+01 5.85800899e-13
3.69460121e+01 6.16697121e-13
3.51192753e+01 6.49254035e-13
3.33828586e+01 6.83564823e-13
3.17322963e+01 7.19728401e-13
3.01633435e+01 7.57849844e-13
2.86719650e+01 7.96566690e-13
2.72543253e+01 8.38708878e-13
2.59067786e+01 8.83127960e-13
2.46258592e+01 9.29952629e-13
2.34082728e+01 9.79319548e-13
2.22508880e+01 1.03137392e-12
2.11507282e+01 1.08627010e-12
2.01049642e+01 1.14417230e-12
1.91109062e+01 1.20525532e-12
1.81659979e+01 1.26970534e-12
1.72678090e+01 1.33772079e-12
1.64140297e+01 1.40951336e-12
1.56024641e+01 1.48530900e-12
1.48310251e+01 1.56534589e-12
1.40977287e+01 1.64984366e-12
1.34006890e+01 1.73908104e-12
1.27381132e+01 1.83340722e-12
1.21082975e+01 1.93316115e-12
1.15096220e+01 2.03861894e-12
1.09405471e+01 2.15017867e-12
1.03996091e+01 2.26822392e-12
9.88541702e+00 2.39316775e-12
9.39664831e+00 2.52546530e-12
8.93204600e+00 2.66560132e-12
8.49041520e+00 2.81410077e-12
8.07062014e+00 2.97152838e-12
7.67158118e+00 3.13849352e-12
7.29227206e+00 3.31565411e-12
6.93171728e+00 3.50372005e-12
6.58898955e+00 3.70345819e-12
6.26320745e+00 3.91569674e-12
5.95353313e+00 4.14133042e-12
5.65917016e+00 4.38132571e-12
5.37936150e+00 4.63672637e-12
5.11338754e+00 4.90865925e-12
4.86056423e+00 5.19834016e-12
4.62024137e+00 5.50707989e-12
4.39180089e+00 5.83629008e-12
4.17465529e+00 6.18748885e-12
3.96824610e+00 6.56230587e-12
3.77204249e+00 6.96248638e-12
3.58553986e+00 7.38989353e-12
3.40825855e+00 7.84650809e-12
3.23974263e+00 8.33442415e-12
3.07955871e+00 8.85583910e-12
2.92729484e+00 9.41303532e-12
2.78255940e+00 1.00083507e-11
2.64498018e+00 1.06441345e-11
2.51420335e+00 1.13226840e-11
2.38989257e+00 1.20461586e-11
2.27172813e+00 1.28164665e-11
2.15940615e+00 1.36351215e-11
2.05263775e+00 1.45030688e-11
1.95114835e+00 1.54204801e-11
1.85467692e+00 1.63641217e-11
1.76297538e+00 1.73729407e-11
1.67580786e+00 1.84243265e-11
1.59295021e+00 1.95129723e-11
1.51418933e+00 2.06316913e-11
1.43932264e+00 2.17713213e-11
1.36815763e+00 2.29732221e-11
1.30051125e+00 2.41265534e-11
1.23620954e+00 2.52629500e-11
1.17508713e+00 2.63668152e-11
1.11698682e+00 2.74219245e-11
1.06175918e+00 2.84119275e-11
1.00926219e+00 2.93213590e-11
9.59360829e-01 3.01356556e-11
9.11926760e-01 3.08420888e-11
8.66837993e-01 3.14300787e-11
8.23978568e-01 3.18914760e-11
7.83238260e-01 3.22207030e-11
7.44512291e-01 3.24147665e-11
7.07701066e-01 3.24731660e-11
6.72709914e-01 3.23977254e-11
6.39448843e-01 3.21920217e-11
6.07832313e-01 3.18622766e-11
5.77779012e-01 3.14157172e-11
5.49211648e-01 3.08610937e-11
5.22056753e-01 3.02082653e-11
4.96244488e-01 2.94679461e-11
4.71708469e-01 2.86514496e-11
4.48385595e-01 2.77704305e-11
4.26215883e-01 2.68366289e-11
4.05142317e-01 2.58616215e-11
3.85110700e-01 2.48565895e-11
3.66069515e-01 2.38321121e-11
3.47969790e-01 2.27979960e-11
3.30764978e-01 2.13460621e-11
3.14410830e-01 2.03389318e-11
2.98865287e-01 1.93506642e-11
2.84088369e-01 1.83865256e-11
2.70042072e-01 1.77584504e-11
2.56690272e-01 1.68174103e-11
2.43998630e-01 1.59075867e-11
2.31934506e-01 1.50310593e-11
2.20466874e-01 1.41892000e-11
2.09566240e-01 1.33827739e-11
1.99204571e-01 1.26120377e-11
1.89355218e-01 1.18768320e-11
1.79992851e-01 1.11766662e-11
1.71093391e-01 1.05107935e-11
1.62633950e-01 9.87827569e-12
1.54592774e-01 9.27803931e-12
1.46949180e-01 8.70892081e-12
1.39683512e-01 8.16970409e-12
1.32777083e-01 7.65915005e-12
1.26212131e-01 7.17601931e-12
1.19971774e-01 6.71908926e-12
1.14039960e-01 6.28716632e-12
1.08401436e-01 5.87909416e-12
1.03041699e-01 5.49375891e-12
9.79469667e-02 5.13009184e-12
9.31041349e-02 4.78707014e-12
8.85007491e-02 4.46468470e-12
8.41249705e-02 4.15998124e-12
7.99655453e-02 3.87308277e-12
7.60117762e-02 3.60314360e-12
7.22534949e-02 3.34935628e-12
6.86810359e-02 3.11094837e-12
6.52852114e-02 2.88713257e-12
6.20572881e-02 2.67746850e-12
5.89889643e-02 2.48103156e-12
5.60723488e-02 2.29715475e-12
5.32999408e-02 2.12519541e-12
5.06646101e-02 1.96453406e-12
4.81595791e-02 1.81457337e-12
4.57784054e-02 1.67473741e-12
4.35149650e-02 1.54447101e-12
4.13634368e-02 1.42329035e-12
3.93182876e-02 1.31057498e-12
3.73742574e-02 1.20588169e-12
3.55263468e-02 1.10873519e-12
3.37698031e-02 1.01867958e-12
3.21001090e-02 9.35278171e-13
3.05129702e-02 8.58113298e-13
2.90043049e-02 7.86786056e-13
2.75702333e-02 7.20916079e-13
2.62070670e-02 6.60141280e-13
2.49113003e-02 6.06302853e-13
2.36796007e-02 5.54378177e-13
2.25088005e-02 5.06586549e-13
2.13958887e-02 4.62641138e-13
2.03380031e-02 4.22269839e-13
1.93324229e-02 3.85215006e-13
1.83765620e-02 3.51233193e-13
1.74679622e-02 3.20094868e-13
1.66042866e-02 2.91584104e-13
1.57833141e-02 2.65384699e-13
1.50029332e-02 2.41625651e-13
1.42611371e-02 2.19903676e-13
1.35560179e-02 2.00056180e-13
1.28857621e-02 1.81931986e-13
1.22486461e-02 1.65390727e-13
1.16430313e-02 1.50302247e-13
1.10673602e-02 1.36546011e-13
1.05201522e-02 1.24010538e-13
1.00000000e-02 1.12592841e-13
