1.00000000e+20 0.00000000e+00
9.50556592e+19 0.00000000e+00
9.03557835e+19 0.00000000e+00
8.58882856e+19 0.00000000e+00
8.16416760e+19 0.00000000e+00
7.76050334e+19 0.00000000e+00
7.37679760e+19 0.00000000e+00
7.01206359e+19 0.00000000e+00
6.66536327e+19 0.00000000e+00
6.33580499e+19 0.00000000e+00
6.02254120e+19 0.00000000e+00
5.72476624e+19 0.00000000e+00
5.44171429e+19 0.00000000e+00
5.17265739e+19 0.00000000e+00
4.91690358e+19 0.00000000e+00
4.67379511e+19 0.00000000e+00
4.44270675e+19 0.00000000e+00
4.22304419e+19 0.00000000e+00
4.01424249e+19 0.00000000e+00
3.81576466e+19 0.00000000e+00
3.62710025e+19 0.00000000e+00
3.44776405e+19 0.00000000e+00
3.27729485e+19 0.00000000e+00
3.11525422e+19 0.00000000e+00
2.96122544e+19 0.00000000e+00
2.81481236e+19 0.00000000e+00
2.67563844e+19 0.00000000e+00
2.54334576e+19 0.00000000e+00
2.41759408e+19 0.00000000e+00
2.29805999e+19 0.00000000e+00
2.18443607e+19 0.00000000e+00
2.07643011e+19 0.00000000e+00
1.97376433e+19 0.00000000e+00
1.87617469e+19 0.00000000e+00
1.78341022e+19 0.00000000e+00
1.69523234e+19 0.00000000e+00
1.61141428e+19 0.00000000e+00
1.53174046e+19 0.00000000e+00
1.45600600e+19 0.00000000e+00
1.38401610e+19 0.00000000e+00
1.31558562e+19 0.00000000e+00
1.25053859e+19 0.00000000e+00
1.18870770e+19 0.00000000e+00
1.12993394e+19 0.00000000e+00
1.07406615e+19 0.00000000e+00
1.02096066e+19 0.00000000e+00
9.70480888e+18 0.00000000e+00
9.22497005e+18 0.00000000e+00
8.76885609e+18 0.00000000e+00
8.33529397e+18 0.00000000e+00
7.92316862e+18 0.00000000e+00
7.53142017e+18 0.00000000e+00
7.15904109e+18 0.00000000e+00
6.80507370e+18 0.00000000e+00
6.46860766e+18 0.00000000e+00
6.14877765e+18 0.00000000e+00
5.84476113e+18 0.00000000e+00
5.55577622e+18 0.00000000e+00
5.28107971e+18 0.00000000e+00
5.01996513e+18 0.00000000e+00
4.77176095e+18 0.00000000e+00
4.53582883e+18 0.00000000e+00
4.31156199e+18 0.00000000e+00
4.09838367e+18 0.00000000e+00
3.89574562e+18 0.00000000e+00
3.70312668e+18 0.00000000e+00
3.52003147e+18 0.00000000e+00
3.34598912e+18 0.00000000e+00
3.18055202e+18 0.00000000e+00
3.02329468e+18 0.00000000e+00
2.87381269e+18 0.00000000e+00
2.73172160e+18 0.00000000e+00
2.59665597e+18 0.00000000e+00
2.46826845e+18 0.00000000e+00
2.34622885e+18 0.00000000e+00
2.23022330e+18 0.00000000e+00
2.11995346e+18 0.00000000e+00
2.01513573e+18 0.00000000e+00
1.91550056e+18 0.00000000e+00
1.82079168e+18 0.00000000e+00
1.73076553e+18 0.00000000e+00
1.64519059e+18 0.00000000e+00
1.56384676e+18 0.00000000e+00
1.48652484e+18 0.00000000e+00
1.41302599e+18 0.00000000e+00
1.34316117e+18 0.00000000e+00
1.27675070e+18 0.00000000e+00
1.21362380e+18 0.00000000e+00
1.15361810e+18 0.00000000e+00
1.09657929e+18 0.00000000e+00
1.04236067e+18 0.00000000e+00
9.90822810e+17 0.00000000e+00
9.41833153e+17 0.00000000e+00
8.95265713e+17 0.00000000e+00
8.51000725e+17 0.00000000e+00
8.08924349e+17 0.00000000e+00
7.68928372e+17 0.00000000e+00
7.30909933e+17 0.00000000e+00
6.94771255e+17 0.00000000e+00
6.60419396e+17 0.00000000e+00
6.27766011e+17 0.00000000e+00
5.96727120e+17 0.00000000e+00
5.67222897e+17 0.00000000e+00
5.39177464e+17 0.00000000e+00
5.12518693e+17 0.00000000e+00
4.87178022e+17 0.00000000e+00
4.63090280e+17 0.00000000e+00
4.40193519e+17 0.00000000e+00
4.18428851e+17 0.00000000e+00
3.97740302e+17 0.00000000e+00
3.78074666e+17 0.00000000e+00
3.59381366e+17 1.27878655e-57
3.41612327e+17 5.53302068e-56
3.24721849e+17 1.86210566e-54
3.08666494e+17 5.80734844e-53
2.93404971e+17 1.66693898e-51
2.78898029e+17 3.19027083e-50
2.65108360e+17 7.06817330e-49
2.52000499e+17 1.08366801e-47
2.39540736e+17 1.28712714e-46
2.27697026e+17 1.98639521e-45
2.16438909e+17 1.81581599e-44
2.05737431e+17 1.67083344e-43
1.95565072e+17 1.56500862e-42
1.85895668e+17 1.26365708e-41
1.76704353e+17 9.31476002e-41
1.67967487e+17 5.91253563e-40
1.59662602e+17 3.24207399e-39
1.51768339e+17 1.67510038e-38
1.44264395e+17 8.13229538e-38
1.37131472e+17 3.51658144e-37
1.30351224e+17 1.47719695e-36
1.23906216e+17 5.16388404e-36
1.17779870e+17 2.04063151e-35
1.11956432e+17 7.71888438e-35
1.06420924e+17 2.36308189e-34
1.01159111e+17 6.92476192e-34
9.61574600e+16 1.85608360e-33
9.14031075e+16 5.12231391e-33
8.68838264e+16 1.31126632e-32
8.25879939e+16 3.08955639e-32
7.85045620e+16 7.13971018e-32
7.46230289e+16 1.91199710e-31
7.09334120e+16 3.48818330e-31
6.74262224e+16 8.06090410e-31
6.40924402e+16 1.67146486e-30
6.09234915e+16 2.67120395e-30
5.79112265e+16 5.43024474e-30
5.50478981e+16 8.87311102e-30
5.23261424e+16 1.83987963e-29
4.97389596e+16 2.94035123e-29
4.72796959e+16 4.82065041e-29
4.49420266e+16 7.91146400e-29
4.27199397e+16 1.20753212e-28
4.06077203e+16 1.97456105e-28
3.85999362e+16 2.48629540e-28
3.66914238e+16 3.80235671e-28
3.48772747e+16 5.78207624e-28
3.31528234e+16 8.27803949e-28
3.15136348e+16 1.26348310e-27
2.99554933e+16 1.59009556e-27
2.84743917e+16 2.01433670e-27
2.70665207e+16 2.53639026e-27
2.57282597e+16 3.87899176e-27
2.44561668e+16 4.51158392e-27
2.32469706e+16 5.75131144e-27
2.20975611e+16 6.91038236e-27
2.10049824e+16 8.02843697e-27
1.99664245e+16 9.66508368e-27
1.89792164e+16 1.19483080e-26
1.80408193e+16 1.50400962e-26
1.71488197e+16 1.90578593e-26
1.63009236e+16 2.40025772e-26
1.54949504e+16 2.34161642e-26
1.47288272e+16 2.89846058e-26
1.40005838e+16 3.49611165e-26
1.33083472e+16 3.41155108e-26
1.26503372e+16 3.97349479e-26
1.20248614e+16 4.42545063e-26
1.14303113e+16 4.95368295e-26
1.08651577e+16 5.97004608e-26
1.03279473e+16 5.83867963e-26
9.81729841e+15 6.79140029e-26
9.33189772e+15 6.65289763e-26
8.87049689e+15 8.06039315e-26
8.43190929e+15 7.90973958e-26
8.01500696e+15 9.80507057e-26
7.61871770e+15 9.64570926e-26
7.24202233e+15 9.55533031e-26
6.88395207e+15 1.19998095e-25
6.54358602e+15 1.18838960e-25
6.22004883e+15 1.18433440e-25
5.91250841e+15 1.15727492e-25
5.62017385e+15 1.46642383e-25
5.34229330e+15 1.47371696e-25
5.07815211e+15 1.44246545e-25
4.82707097e+15 1.45623337e-25
4.58840413e+15 1.82281739e-25
4.36153779e+15 1.83564636e-25
4.14588850e+15 1.84364010e-25
3.94090164e+15 1.84174336e-25
3.74605003e+15 1.86695432e-25
3.56083255e+15 1.87440056e-25
3.38477286e+15 2.29570383e-25
3.21741815e+15 2.29036586e-25
3.05833803e+15 2.34582487e-25
2.90712338e+15 2.34335425e-25
2.76338529e+15 2.35528329e-25
2.62675410e+15 2.49948541e-25
2.49687843e+15 2.48028601e-25
2.37342425e+15 2.82290343e-25
2.25607407e+15 3.01679983e-25
2.14452608e+15 3.05484622e-25
2.03849340e+15 3.01596384e-25
1.93770334e+15 3.29778107e-25
1.84189668e+15 3.37627294e-25
1.75082703e+15 3.77762327e-25
1.66426018e+15 3.41450151e-25
1.58197348e+15 3.54104957e-25
1.50375532e+15 3.65712504e-25
1.42940453e+15 3.58089211e-25
1.35872990e+15 4.30529242e-25
1.29154967e+15 4.39464331e-25
1.22769105e+15 4.44133415e-25
1.16698982e+15 4.79757805e-25
1.10928986e+15 5.07875062e-25
1.05444279e+15 5.11568234e-25
1.00230755e+15 5.10512924e-25
9.52750047e+14 5.02279371e-25
9.05642838e+14 5.87277079e-25
8.60864770e+14 5.91015058e-25
8.18300682e+14 6.26009884e-25
7.77841107e+14 6.88081068e-25
7.39381992e+14 7.05169704e-25
7.02824426e+14 7.20737643e-25
6.68074392e+14 7.75636398e-25
6.35042517e+14 8.17624437e-25
6.03643851e+14 8.48218492e-25
5.73797641e+14 8.68229130e-25
5.45427131e+14 8.75563005e-25
5.18459354e+14 9.35002844e-25
4.92824957e+14 1.00382878e-24
4.68458012e+14 1.07569349e-24
4.45295851e+14 1.04865849e-24
4.23278907e+14 1.14830697e-24
4.02350555e+14 1.24675055e-24
3.82456972e+14 1.26158102e-24
3.63546996e+14 1.31128073e-24
3.45571994e+14 1.42653079e-24
3.28485737e+14 1.42462252e-24
3.12244282e+14 1.53409214e-24
2.96805861e+14 1.56831081e-24
2.82130768e+14 1.61373129e-24
2.68181261e+14 1.78724662e-24
2.54921465e+14 1.83843525e-24
2.42317279e+14 1.97466986e-24
2.30336287e+14 1.99211053e-24
2.18947676e+14 2.19241013e-24
2.08122157e+14 2.21289950e-24
1.97831888e+14 2.37958134e-24
1.88050406e+14 2.54368489e-24
1.78752553e+14 2.56724833e-24
1.69914417e+14 2.72503753e-24
1.61513269e+14 2.96006715e-24
1.53527503e+14 3.05829443e-24
1.45936580e+14 3.21692053e-24
1.38720978e+14 3.41738484e-24
1.31862140e+14 3.57234987e-24
1.25342427e+14 3.71884830e-24
1.19145070e+14 3.91489373e-24
1.13254132e+14 4.17521213e-24
1.07654461e+14 4.36489237e-24
1.02331658e+14 4.55316709e-24
9.72720319e+13 4.74013197e-24
9.24625712e+13 5.04922964e-24
8.78909065e+13 5.30996124e-24
8.35452806e+13 5.58965628e-24
7.94145172e+13 5.90824936e-24
7.54879928e+13 6.24861848e-24
7.17556092e+13 6.49657919e-24
6.82077673e+13 6.85780637e-24
6.48353429e+13 7.18177776e-24
6.16296626e+13 7.53455525e-24
5.85824820e+13 8.03674797e-24
5.56859644e+13 8.37788026e-24
5.29326606e+13 8.79355762e-24
5.03154895e+13 9.24185844e-24
4.78277202e+13 9.71583005e-24
4.54629547e+13 1.01877163e-23
4.32151113e+13 1.07369965e-23
4.10784089e+13 1.13519223e-23
3.90473524e+13 1.19142343e-23
3.71167182e+13 1.24799893e-23
3.52815412e+13 1.30782988e-23
3.35371015e+13 1.38556023e-23
3.18789129e+13 1.45952186e-23
3.03027108e+13 1.52155080e-23
2.88044415e+13 1.61542291e-23
2.73802518e+13 1.70064789e-23
2.60264788e+13 1.77899281e-23
2.47396410e+13 1.87471295e-23
2.35164288e+13 1.97470802e-23
2.23536965e+13 2.07225773e-23
2.12484535e+13 2.18370717e-23
2.01978576e+13 2.29911006e-23
1.91992067e+13 2.41772747e-23
1.82499324e+13 2.53468305e-23
1.73475936e+13 2.67199706e-23
1.64898694e+13 2.80517414e-23
1.56745541e+13 2.95917773e-23
1.48995507e+13 3.11171297e-23
1.41628662e+13 3.27313665e-23
1.34626058e+13 3.44835302e-23
1.27969687e+13 3.61818198e-23
1.21642429e+13 3.81141772e-23
1.15628013e+13 4.01227878e-23
1.09910970e+13 4.21381435e-23
1.04476597e+13 4.43578924e-23
9.93109181e+12 4.65519321e-23
9.44006479e+12 4.90516238e-23
8.97331581e+12 5.15803889e-23
8.52964450e+12 5.42773148e-23
8.10790981e+12 5.70580883e-23
7.70702711e+12 6.01203919e-23
7.32596543e+12 6.32730540e-23
6.96374473e+12 6.65400666e-23
6.61943346e+12 6.98853773e-23
6.29214611e+12 7.35987206e-23
5.98104096e+12 7.74367009e-23
5.68531791e+12 8.14121689e-23
5.40421642e+12 8.57040817e-23
5.13701354e+12 9.01000523e-23
4.88302209e+12 9.48135555e-23
4.64158883e+12 9.97268375e-23
4.41209286e+12 1.04917048e-22
4.19394396e+12 1.10385401e-22
3.98658107e+12 1.16145914e-22
3.78947092e+12 1.22170506e-22
3.60210656e+12 1.28470423e-22
3.42400614e+12 1.35236683e-22
3.25471161e+12 1.42219823e-22
3.09378757e+12 1.49611183e-22
2.94082017e+12 1.57404187e-22
2.79541600e+12 1.65570423e-22
2.65720111e+12 1.74212487e-22
2.52582003e+12 1.83266458e-22
2.40093488e+12 1.92793660e-22
2.28222447e+12 2.02813495e-22
2.16938352e+12 2.13306305e-22
2.06212180e+12 2.24394722e-22
1.96016347e+12 2.36132277e-22
1.86324631e+12 2.48298127e-22
1.77112106e+12 2.61319064e-22
1.68355080e+12 2.74942215e-22
1.60031031e+12 2.89173303e-22
1.52118552e+12 3.04157346e-22
1.44597292e+12 3.20049880e-22
1.37447909e+12 3.36683916e-22
1.30652016e+12 3.54149318e-22
1.24192135e+12 3.72696213e-22
1.18051653e+12 3.92032342e-22
1.12214777e+12 4.12402172e-22
1.06666496e+12 4.33873021e-22
1.01392541e+12 4.56461278e-22
9.63793480e+11 4.80170356e-22
9.16140246e+11 5.05149333e-22
8.70843150e+11 5.31449980e-22
8.27785697e+11 5.59074460e-22
7.86857151e+11 5.88085890e-22
7.47952252e+11 6.18777963e-22
7.10970943e+11 6.50894193e-22
6.75818117e+11 6.84731338e-22
6.42403366e+11 7.20343149e-22
6.10640754e+11 7.57926039e-22
5.80448594e+11 7.97203980e-22
5.51749238e+11 8.38684181e-22
5.24468875e+11 8.82415585e-22
4.98537346e+11 9.28180892e-22
4.73887961e+11 9.76562317e-22
4.50457325e+11 1.02732048e-21
4.28185180e+11 1.08068642e-21
4.07014245e+11 1.13690055e-21
3.86890074e+11 1.19605107e-21
3.67760910e+11 1.25829759e-21
3.49577557e+11 1.32370729e-21
3.32293252e+11 1.39260115e-21
3.15863541e+11 1.46500234e-21
3.00246171e+11 1.54127324e-21
2.85400977e+11 1.62144538e-21
2.71289780e+11 1.70569236e-21
2.57876289e+11 1.79434198e-21
2.45126006e+11 1.88777852e-21
2.33006141e+11 1.98601010e-21
2.21485523e+11 2.08933753e-21
2.10534524e+11 2.19796765e-21
2.00124980e+11 2.31228729e-21
1.90230119e+11 2.43251538e-21
1.80824493e+11 2.55903190e-21
1.71883914e+11 2.69216007e-21
1.63385388e+11 2.83221924e-21
1.55307057e+11 2.97949380e-21
1.47628147e+11 3.13452252e-21
1.40328908e+11 3.29746677e-21
1.33390569e+11 3.46902228e-21
1.26795285e+11 3.64939907e-21
1.20526094e+11 3.83928348e-21
1.14566873e+11 4.03895691e-21
1.08902296e+11 4.24906588e-21
1.03517796e+11 4.47009043e-21
9.83995230e+10 4.70261545e-21
9.35343152e+10 4.94720980e-21
8.89096599e+10 5.20454898e-21
8.45136633e+10 5.47523515e-21
8.03350198e+10 5.76005021e-21
7.63629826e+10 6.05972423e-21
7.25873365e+10 6.37487876e-21
6.89983712e+10 6.70643423e-21
6.55868566e+10 7.05531021e-21
6.23440189e+10 7.42227081e-21
5.92615181e+10 7.80831816e-21
5.63314267e+10 8.21447785e-21
5.35462090e+10 8.64173000e-21
5.08987019e+10 9.09120478e-21
4.83820966e+10 9.56418687e-21
4.59899209e+10 1.00616391e-20
4.37160225e+10 1.05848810e-20
4.15545533e+10 1.11355195e-20
3.94999546e+10 1.17147299e-20
3.75469422e+10 1.23240990e-20
3.56904935e+10 1.29651031e-20
3.39258338e+10 1.36394641e-20
3.22484250e+10 1.43489702e-20
3.06539530e+10 1.50953615e-20
2.91383170e+10 1.58805333e-20
2.76976194e+10 1.67065912e-20
2.63281547e+10 1.75755643e-20
2.50264010e+10 1.84896983e-20
2.37890104e+10 1.94514669e-20
2.26128007e+10 2.04632163e-20
2.14947467e+10 2.15276489e-20
2.04319732e+10 2.26474571e-20
1.94217468e+10 2.38253583e-20
1.84614695e+10 2.50647787e-20
1.75486715e+10 2.63684338e-20
1.66810054e+10 2.77399219e-20
1.58562396e+10 2.91828485e-20
1.50722531e+10 3.07008587e-20
1.43270295e+10 3.22977385e-20
1.36186524e+10 3.39776826e-20
1.29452998e+10 3.57451481e-20
1.23052400e+10 3.76044026e-20
1.16968270e+10 3.95602974e-20
1.11184960e+10 4.16180553e-20
1.05687597e+10 4.37828465e-20
1.00462042e+10 4.60602380e-20
9.54948564e+09 4.84561822e-20
9.07732653e+09 5.09765802e-20
8.62851257e+09 5.36281463e-20
8.20188950e+09 5.64174586e-20
7.79636013e+09 5.93520906e-20
7.41088152e+09 6.24393409e-20
7.04446228e+09 6.56870650e-20
6.69616005e+09 6.91038359e-20
6.36507908e+09 7.26983071e-20
6.05036788e+09 7.64797541e-20
5.75121707e+09 8.04578799e-20
5.46685730e+09 8.46429397e-20
5.19655724e+09 8.90455198e-20
4.93962174e+09 9.36772789e-20
4.69539001e+09 9.85499353e-20
4.46323393e+09 1.03675853e-19
4.24255643e+09 1.09068716e-19
4.03278998e+09 1.14741933e-19
3.83339510e+09 1.20710240e-19
3.64385898e+09 1.26988962e-19
3.46369418e+09 1.33594411e-19
3.29243733e+09 1.40543419e-19
3.12964801e+09 1.47853753e-19
2.97490755e+09 1.55544397e-19
2.82781798e+09 1.63635123e-19
2.68800102e+09 1.72146683e-19
2.55509709e+09 1.81100841e-19
2.42876438e+09 1.90520865e-19
2.30867799e+09 2.00430727e-19
2.19452909e+09 2.10856264e-19
2.08602409e+09 2.21823997e-19
1.98288395e+09 2.33362097e-19
1.88484341e+09 2.45500500e-19
1.79165033e+09 2.58270381e-19
1.70306503e+09 2.71704301e-19
1.61885969e+09 2.85837047e-19
1.53881775e+09 3.00704941e-19
1.46273336e+09 3.16346119e-19
1.39041083e+09 3.32800947e-19
1.32166418e+09 3.50111682e-19
1.25631660e+09 3.68322864e-19
1.19420003e+09 3.87481188e-19
1.13515471e+09 4.07636115e-19
1.07902879e+09 4.28839477e-19
1.02567793e+09 4.51145612e-19
9.74964918e+08 4.74612083e-19
9.26759330e+08 4.99299013e-19
8.80937190e+08 5.25270242e-19
8.37380654e+08 5.52592240e-19
7.95977700e+08 5.81335398e-19
7.56621850e+08 6.11573801e-19
7.19211887e+08 6.43384983e-19
6.83651600e+08 6.76850723e-19
6.49849535e+08 7.12057263e-19
6.17718760e+08 7.49095128e-19
5.87176639e+08 7.88059486e-19
5.58144625e+08 8.29050469e-19
5.30548053e+08 8.72173720e-19
5.04315949e+08 9.17539961e-19
4.79380850e+08 9.65266041e-19
4.55678627e+08 1.01547451e-18
4.33148322e+08 1.06829466e-18
4.11731993e+08 1.12386226e-18
3.91374560e+08 1.18232011e-18
3.72023668e+08 1.24381893e-18
3.53629550e+08 1.30851632e-18
3.36144900e+08 1.37657908e-18
3.19524751e+08 1.44818228e-18
3.03726358e+08 1.52350981e-18
2.88709092e+08 1.60275541e-18
2.74434330e+08 1.68612308e-18
2.60865362e+08 1.77382704e-18
2.47967289e+08 1.86609303e-18
2.35706941e+08 1.96315838e-18
2.24052787e+08 2.06527233e-18
2.12974854e+08 2.17269797e-18
2.02444651e+08 2.28571135e-18
1.92435098e+08 2.40460305e-18
1.82920450e+08 2.52967907e-18
1.73876240e+08 2.66126091e-18
1.65279206e+08 2.79968691e-18
1.57107239e+08 2.94531317e-18
1.49339322e+08 3.09851437e-18
1.41955477e+08 3.25968423e-18
1.34936714e+08 3.42923753e-18
1.28264983e+08 3.60761000e-18
1.21923125e+08 3.79526058e-18
1.15894830e+08 3.99267186e-18
1.10164595e+08 4.20035167e-18
1.04717682e+08 4.41883378e-18
9.95400829e+07 4.64868028e-18
9.46184819e+07 4.89048252e-18
8.99402217e+07 5.14486200e-18
8.54932707e+07 5.41247312e-18
8.12661920e+07 5.69400426e-18
7.72481145e+07 5.99017889e-18
7.34287045e+07 6.30175943e-18
6.97981391e+07 6.62954687e-18
6.63470812e+07 6.97438419e-18
6.30666554e+07 7.33715830e-18
5.99484250e+07 7.71880221e-18
5.69843706e+07 8.12029731e-18
5.41668691e+07 8.54267639e-18
5.14886745e+07 8.98702553e-18
4.89428990e+07 9.45448763e-18
4.65229952e+07 9.94626484e-18
4.42227398e+07 1.04636219e-17
4.20362168e+07 1.10078896e-17
3.99578030e+07 1.15804673e-17
3.79821531e+07 1.21828278e-17
3.61041860e+07 1.28165200e-17
3.43190720e+07 1.34831744e-17
3.26222201e+07 1.41845045e-17
3.10092664e+07 1.49223146e-17
2.94760626e+07 1.56985021e-17
2.80186656e+07 1.65150631e-17
2.66333273e+07 1.73740977e-17
2.53164848e+07 1.82778152e-17
2.40647515e+07 1.92285396e-17
2.28749082e+07 2.02287164e-17
2.17438948e+07 2.12809175e-17
2.06688025e+07 2.23878491e-17
1.96468665e+07 2.35523578e-17
1.86754584e+07 2.47774387e-17
1.77520801e+07 2.60662427e-17
1.68743568e+07 2.74220841e-17
1.60400311e+07 2.88484497e-17
1.52469573e+07 3.03490080e-17
1.44930957e+07 3.19276182e-17
1.37765077e+07 3.35883403e-17
1.30953502e+07 3.53354451e-17
1.24478715e+07 3.71734258e-17
1.18324063e+07 3.91070097e-17
1.12473718e+07 4.11411694e-17
1.06912634e+07 4.32811363e-17
1.01626509e+07 4.55324139e-17
9.66017480e+06 4.79007923e-17
9.18254284e+06 5.03923625e-17
8.72852662e+06 5.30135323e-17
8.29695852e+06 5.57710425e-17
7.88672862e+06 5.86719855e-17
7.49678187e+06 6.17238216e-17
7.12611543e+06 6.49343996e-17
6.77377600e+06 6.83119765e-17
6.43885743e+06 7.18652387e-17
6.12049837e+06 7.56033247e-17
5.81788007e+06 7.95358481e-17
5.53022426e+06 8.36729224e-17
5.25679112e+06 8.80251876e-17
4.99687745e+06 9.26038370e-17
4.74981480e+06 9.74206458e-17
4.51496777e+06 1.02488002e-16
4.29173238e+06 1.07818937e-16
4.07953450e+06 1.13427163e-16
3.87782841e+06 1.19327101e-16
3.68609536e+06 1.25533926e-16
3.50384225e+06 1.32063601e-16
3.33060034e+06 1.38932917e-16
3.16592411e+06 1.46159543e-16
3.00939003e+06 1.53762064e-16
2.86059554e+06 1.61760031e-16
2.71915794e+06 1.70174014e-16
2.58471351e+06 1.79025652e-16
2.45691646e+06 1.88337710e-16
2.33543814e+06 1.98134137e-16
2.21996612e+06 2.08440127e-16
2.11020343e+06 2.19282185e-16
2.00586778e+06 2.30688196e-16
1.90669084e+06 2.42687492e-16
1.81241755e+06 2.55310934e-16
1.72280545e+06 2.68590988e-16
1.63762407e+06 2.82561806e-16
1.55665436e+06 2.97259320e-16
1.47968806e+06 3.12721327e-16
1.40652724e+06 3.28987595e-16
1.33698374e+06 3.46099956e-16
1.27087871e+06 3.64102419e-16
1.20804213e+06 3.83041285e-16
1.14831241e+06 4.02965260e-16
1.09153594e+06 4.23925585e-16
1.03756668e+06 4.45976166e-16
9.86265846e+05 4.69173712e-16
9.37501502e+05 4.93577884e-16
8.91148232e+05 5.19251444e-16
8.47086827e+05 5.46260419e-16
8.05203967e+05 5.74674272e-16
7.65391939e+05 6.04566078e-16
7.27548353e+05 6.36012712e-16
6.91575883e+05 6.69095049e-16
6.57382014e+05 7.03898172e-16
6.24878807e+05 7.40511586e-16
5.93982669e+05 7.79029454e-16
5.64614142e+05 8.19550837e-16
5.36697695e+05 8.62179949e-16
5.10161531e+05 9.07026423e-16
4.84937407e+05 9.54205596e-16
4.60960449e+05 1.00383880e-15
4.38168993e+05 1.05605369e-15
4.16504425e+05 1.11098455e-15
3.95911027e+05 1.16877264e-15
3.76335836e+05 1.22956660e-15
3.57728510e+05 1.29352277e-15
3.40041193e+05 1.36080563e-15
3.23228398e+05 1.43158822e-15
3.07246884e+05 1.50605258e-15
2.92055551e+05 1.58439022e-15
2.77615329e+05 1.66680261e-15
2.63889081e+05 1.75350170e-15
2.50841506e+05 1.84471045e-15
2.38439047e+05 1.94066345e-15
2.26649808e+05 2.04160746e-15
2.15443469e+05 2.14780210e-15
2.04791210e+05 2.25952047e-15
1.94665634e+05 2.37704989e-15
1.85040702e+05 2.50069263e-15
1.75891659e+05 2.63076667e-15
1.67194976e+05 2.76760653e-15
1.58928287e+05 2.91156415e-15
1.51070330e+05 3.06300975e-15
1.43600898e+05 3.22233282e-15
1.36500781e+05 3.38994311e-15
1.29751717e+05 3.56627167e-15
1.23336350e+05 3.75177201e-15
1.17238180e+05 3.94692117e-15
1.11441525e+05 4.15222105e-15
1.05931476e+05 4.36819965e-15
1.00693863e+05 4.59541240e-15
9.57152154e+04 4.83444367e-15
9.09827289e+04 5.08590819e-15
8.64842328e+04 5.35045267e-15
8.22081576e+04 5.62875749e-15
7.81435061e+04 5.92153837e-15
7.42798248e+04 6.22954829e-15
7.06071771e+04 6.55357940e-15
6.71161177e+04 6.89446504e-15
6.37976681e+04 7.25308189e-15
6.06432940e+04 7.63035225e-15
5.76448828e+04 8.02724639e-15
5.47947234e+04 8.44478502e-15
5.20854855e+04 8.88404198e-15
4.95102016e+04 9.34614695e-15
4.70622485e+04 9.83228837e-15
4.47353305e+04 1.03437165e-14
4.25234633e+04 1.08817466e-14
4.04209584e+04 1.14477624e-14
3.84224085e+04 1.20432196e-14
3.65226736e+04 1.26696495e-14
3.47168682e+04 1.33286633e-14
3.30003479e+04 1.40219557e-14
3.13686982e+04 1.47513097e-14
2.98177229e+04 1.55186012e-14
2.83434331e+04 1.63258034e-14
2.69420371e+04 1.71749922e-14
2.56099310e+04 1.80683516e-14
2.43436887e+04 1.90081792e-14
2.31400538e+04 1.99968919e-14
2.19959307e+04 2.10370325e-14
2.09083769e+04 2.21312761e-14
1.98745955e+04 2.32824367e-14
1.88919278e+04 2.44934749e-14
1.79578465e+04 2.57675052e-14
1.70699493e+04 2.71078042e-14
1.62259529e+04 2.85178187e-14
1.54236865e+04 3.00011751e-14
1.46610868e+04 3.15616881e-14
1.39361927e+04 3.32033711e-14
1.32471399e+04 3.49304460e-14
1.25921561e+04 3.67473545e-14
1.19695570e+04 3.86587691e-14
1.13777413e+04 4.06696058e-14
1.08151870e+04 4.27850357e-14
1.02804473e+04 4.50104992e-14
9.77214697e+03 4.73517197e-14
9.28897872e+03 4.98147182e-14
8.82969996e+03 5.24058289e-14
8.39312950e+03 5.51317155e-14
7.97814457e+03 5.79993881e-14
7.58367791e+03 6.10162217e-14
7.20871503e+03 6.41899747e-14
6.85229160e+03 6.75288092e-14
6.51349095e+03 7.10413116e-14
6.19144176e+03 7.47365151e-14
5.88531578e+03 7.86239228e-14
5.59432571e+03 8.27135318e-14
5.31772318e+03 8.70158593e-14
5.05479682e+03 9.15419697e-14
4.80487044e+03 9.63035027e-14
4.56730127e+03 1.01312703e-13
4.34147833e+03 1.06582454e-13
4.12682085e+03 1.12126306e-13
3.92277676e+03 1.17958516e-13
3.72882131e+03 1.24094084e-13
3.54445567e+03 1.30548787e-13
3.36920571e+03 1.37339225e-13
3.20262069e+03 1.44482860e-13
3.04427221e+03 1.51998063e-13
2.89375302e+03 1.59904160e-13
2.75067601e+03 1.68221482e-13
2.61467321e+03 1.76971418e-13
2.48539486e+03 1.86176469e-13
2.36250847e+03 1.95860306e-13
2.24569800e+03 2.06047832e-13
2.13466303e+03 2.16765246e-13
2.02911802e+03 2.28040105e-13
1.92879151e+03 2.39901406e-13
1.83342548e+03 2.52379647e-13
1.74277468e+03 2.65506918e-13
1.65660596e+03 2.79316975e-13
1.57469771e+03 2.93845330e-13
1.49683929e+03 3.09129341e-13
1.42283046e+03 3.25208310e-13
1.35248087e+03 3.42123583e-13
1.28560961e+03 3.59918656e-13
1.22204469e+03 3.78639287e-13
1.16162263e+03 3.98333613e-13
1.10418805e+03 4.19052274e-13
1.04959323e+03 4.40848545e-13
9.97697764e+02 4.63778472e-13
9.48368187e+02 4.87901012e-13
9.01477631e+02 5.13278192e-13
8.56905505e+02 5.39975261e-13
8.14537177e+02 5.68060865e-13
7.74263683e+02 5.97607217e-13
7.35981448e+02 6.28690286e-13
6.99592017e+02 6.61389990e-13
6.65001803e+02 6.95790406e-13
6.32121848e+02 7.31979980e-13
6.00867589e+02 7.70051759e-13
5.71158648e+02 8.10103630e-13
5.42918618e+02 8.52238566e-13
5.16074871e+02 8.96564899e-13
4.90558371e+02 9.43196592e-13
4.66303493e+02 9.92253536e-13
4.43247859e+02 1.04386186e-12
4.21332174e+02 1.09815424e-12
4.00500076e+02 1.15527026e-12
3.80697987e+02 1.21535677e-12
3.61874981e+02 1.27856825e-12
3.43982649e+02 1.34506721e-12
3.26974974e+02 1.41502463e-12
3.10808217e+02 1.48862035e-12
2.95440800e+02 1.56604360e-12
2.80833200e+02 1.64749344e-12
2.66947849e+02 1.73317928e-12
2.53749038e+02 1.82332144e-12
2.41202821e+02 1.91815167e-12
2.29276931e+02 2.01791383e-12
2.17940698e+02 2.12286443e-12
2.07164968e+02 2.23327335e-12
1.96922026e+02 2.34942452e-12
1.87185529e+02 2.47161664e-12
1.77930439e+02 2.60016399e-12
1.69132952e+02 2.73539720e-12
1.60770442e+02 2.87766413e-12
1.52821404e+02 3.02733078e-12
1.45265393e+02 3.18478221e-12
1.38082977e+02 3.35042358e-12
1.31255684e+02 3.52468119e-12
1.24765955e+02 3.70800357e-12
1.18597101e+02 3.90086268e-12
1.12733256e+02 4.10375516e-12
1.07159340e+02 4.31720357e-12
1.01861017e+02 4.54175783e-12
9.68246612e+01 4.77799665e-12
9.20373200e+01 5.02652906e-12
8.74866812e+01 5.28799600e-12
8.31610415e+01 5.56307208e-12
7.90492762e+01 5.85246733e-12
7.51408106e+01 6.15692916e-12
7.14255929e+01 6.47724432e-12
6.78940681e+01 6.81424107e-12
6.45371540e+01 7.16879144e-12
6.13462172e+01 7.54181358e-12
5.83130511e+01 7.93427434e-12
5.54298552e+01 8.34719193e-12
5.26892142e+01 8.78163877e-12
5.00840799e+01 9.23874453e-12
4.76077523e+01 9.71969933e-12
4.52538628e+01 1.02257571e-11
4.30163576e+01 1.07582395e-11
4.08894823e+01 1.13185392e-11
3.88677669e+01 1.19081246e-11
3.69460121e+01 1.25285441e-11
3.51192753e+01 1.31814305e-11
3.33828586e+01 1.38685063e-11
3.17322963e+01 1.45915889e-11
3.01633435e+01 1.53525966e-11
2.86719650e+01 1.61237156e-11
2.72543253e+01 1.69619922e-11
2.59067786e+01 1.78438613e-11
2.46258592e+01 1.87715922e-11
2.34082728e+01 1.97475723e-11
2.22508880e+01 2.07743132e-11
2.11507282e+01 2.18544570e-11
2.01049642e+01 2.29907831e-11
1.91109062e+01 2.41862145e-11
1.81659979e+01 2.54438256e-11
1.72678090e+01 2.67668490e-11
1.64140297e+01 2.81586830e-11
1.56024641e+01 2.96228996e-11
1.48310251e+01 3.11631868e-11
1.40977287e+01 3.27822884e-11
1.34006890e+01 3.44846079e-11
1.27381132e+01 3.62774831e-11
1.21082975e+01 3.81631683e-11
1.15096220e+01 4.01462386e-11
1.09405471e+01 4.22323261e-11
1.03996091e+01 4.44264994e-11
9.88541702e+00 4.67340799e-11
9.39664831e+00 4.91608051e-11
8.93204600e+00 5.17125652e-11
8.49041520e+00 5.43955288e-11
8.07062014e+00 5.72160782e-11
7.67158118e+00 6.01808228e-11
7.29227206e+00 6.32965873e-11
6.93171728e+00 6.65703851e-11
6.58898955e+00 7.00094021e-11
6.26320745e+00 7.36209626e-11
5.95353313e+00 7.74124923e-11
5.65917016e+00 8.13914694e-11
5.37936150e+00 8.55653655e-11
5.11338754e+00 8.99415746e-11
4.86056423e+00 9.45273280e-11
4.62024137e+00 9.93295933e-11
4.39180089e+00 1.04354956e-10
4.17465529e+00 1.09609483e-10
3.96824610e+00 1.15098555e-10
3.77204249e+00 1.20826685e-10
3.58553986e+00 1.26797285e-10
3.40825855e+00 1.33012399e-10
3.23974263e+00 1.39472376e-10
3.07955871e+00 1.46175465e-10
2.92729484e+00 1.53117317e-10
2.78255940e+00 1.60290370e-10
2.64498018e+00 1.67683079e-10
2.51420335e+00 1.75279000e-10
2.38989257e+00 1.83055682e-10
2.27172813e+00 1.90983412e-10
2.15940615e+00 1.99023810e-10
2.05263775e+00 2.07128376e-10
1.95114835e+00 2.15237061e-10
1.85467692e+00 2.23277066e-10
1.76297538e+00 2.31162028e-10
1.67580786e+00 2.38791829e-10
1.59295021e+00 2.46053264e-10
1.51418933e+00 2.52821804e-10
1.43932264e+00 2.58964578e-10
1.36815763e+00 2.64344610e-10
1.30051125e+00 2.68826217e-10
1.23620954e+00 2.72281254e-10
1.17508713e+00 2.74595776e-10
1.11698682e+00 2.75676515e-10
1.06175918e+00 2.75456554e-10
1.00926219e+00 2.73899586e-10
9.59360829e-01 2.71002336e-10
9.11926760e-01 2.66794886e-10
8.66837993e-01 2.61338955e-10
8.23978568e-01 2.54724374e-10
7.83238260e-01 2.47064234e-10
7.44512291e-01 2.38489221e-10
7.07701066e-01 2.29142436e-10
6.72709914e-01 2.19170758e-10
6.39448843e-01 2.08724109e-10
6.07832313e-01 1.97948145e-10
5.77779012e-01 1.86981466e-10
5.49211648e-01 1.75952920e-10
5.22056753e-01 1.64979659e-10
4.96244488e-01 1.54165850e-10
4.71708469e-01 1.43601925e-10
4.48385595e-01 1.33364305e-10
4.26215883e-01 1.23515495e-10
4.05142317e-01 1.14104517e-10
3.85110700e-01 1.05167617e-10
3.66069515e-01 9.67292072e-11
3.47969790e-01 8.88029872e-11
3.30764978e-01 8.13931978e-11
3.14410830e-01 7.44959472e-11
2.98865287e-01 6.81029350e-11
2.84088369e-01 6.21934706e-11
2.70042072e-01 5.67493290e-11
2.56690272e-01 5.17471104e-11
2.43998630e-01 4.71613845e-11
2.31934506e-01 4.29655723e-11
2.20466874e-01 3.91326825e-11
2.09566240e-01 3.56359090e-11
1.99204571e-01 3.24490962e-11
1.89355218e-01 2.95470875e-11
1.79992851e-01 2.69057322e-11
1.71093391e-01 2.45035197e-11
1.62633950e-01 2.23186645e-11
1.54592774e-01 2.03316649e-11
1.46949180e-01 1.85245421e-11
1.39683512e-01 1.68807991e-11
1.32777083e-01 1.53853587e-11
1.26212131e-01 1.40244847e-11
1.19971774e-01 1.27856948e-11
1.14039960e-01 1.16576686e-11
1.08401436e-01 1.06301549e-11
1.03041699e-01 9.69388075e-12
9.79469667e-02 8.84046367e-12
9.31041349e-02 8.06232900e-12
8.85007491e-02 7.35263238e-12
8.41249705e-02 6.70518820e-12
7.99655453e-02 6.11440386e-12
7.60117762e-02 5.57522006e-12
7.22534949e-02 5.08305655e-12
6.86810359e-02 4.64679677e-12
6.52852114e-02 4.23518957e-12
6.20572881e-02 3.85925878e-12
5.89889643e-02 3.51593929e-12
5.60723488e-02 3.20243976e-12
5.32999408e-02 2.91621480e-12
5.06646101e-02 2.65494045e-12
4.81595791e-02 2.41649259e-12
4.57784054e-02 2.19892793e-12
4.35149650e-02 2.00046723e-12
4.13634368e-02 1.81801413e-12
3.93182876e-02 1.65359461e-12
3.73742574e-02 1.50368143e-12
3.55263468e-02 1.36702846e-12
3.37698031e-02 1.24252420e-12
3.21001090e-02 1.12905206e-12
3.05129702e-02 1.02569866e-12
2.90043049e-02 9.31588001e-13
2.75702333e-02 8.45917703e-13
2.62070670e-02 7.67979867e-13
2.49113003e-02 6.97054814e-13
2.36796007e-02 6.32544488e-13
2.25088005e-02 5.73884824e-13
2.13958887e-02 5.20559654e-13
2.03380031e-02 4.72096782e-13
1.93324229e-02 4.28064380e-13
1.83765620e-02 3.88067670e-13
1.74679622e-02 3.51745874e-13
1.66042866e-02 3.18702069e-13
1.57833141e-02 2.88761378e-13
1.50029332e-02 2.61594307e-13
1.42611371e-02 2.36949336e-13
1.35560179e-02 2.14597014e-13
1.28857621e-02 1.94328121e-13
1.22486461e-02 1.75951970e-13
1.16430313e-02 1.59294839e-13
1.10673602e-02 1.44198536e-13
1.05201522e-02 1.30519060e-13
1.00000000e-02 1.18125383e-13
