1.00000000e+20 0.00000000e+00
9.50556592e+19 0.00000000e+00
9.03557835e+19 0.00000000e+00
8.58882856e+19 0.00000000e+00
8.16416760e+19 0.00000000e+00
7.76050334e+19 0.00000000e+00
7.37679760e+19 0.00000000e+00
7.01206359e+19 0.00000000e+00
6.66536327e+19 0.00000000e+00
6.33580499e+19 0.00000000e+00
6.02254120e+19 0.00000000e+00
5.72476624e+19 0.00000000e+00
5.44171429e+19 0.00000000e+00
5.17265739e+19 0.00000000e+00
4.91690358e+19 0.00000000e+00
4.67379511e+19 0.00000000e+00
4.44270675e+19 0.00000000e+00
4.22304419e+19 0.00000000e+00
4.01424249e+19 0.00000000e+00
3.81576466e+19 0.00000000e+00
3.62710025e+19 0.00000000e+00
3.44776405e+19 0.00000000e+00
3.27729485e+19 0.00000000e+00
3.11525422e+19 0.00000000e+00
2.96122544e+19 0.00000000e+00
2.81481236e+19 0.00000000e+00
2.67563844e+19 0.00000000e+00
2.54334576e+19 0.00000000e+00
2.41759408e+19 0.00000000e+00
2.29805999e+19 0.00000000e+00
2.18443607e+19 0.00000000e+00
2.07643011e+19 0.00000000e+00
1.97376433e+19 0.00000000e+00
1.87617469e+19 0.00000000e+00
1.78341022e+19 0.00000000e+00
1.69523234e+19 0.00000000e+00
1.61141428e+19 0.00000000e+00
1.53174046e+19 0.00000000e+00
1.45600600e+19 0.00000000e+00
1.38401610e+19 0.00000000e+00
1.31558562e+19 0.00000000e+00
1.25053859e+19 0.00000000e+00
1.18870770e+19 0.00000000e+00
1.12993394e+19 0.00000000e+00
1.07406615e+19 0.00000000e+00
1.02096066e+19 0.00000000e+00
9.70480888e+18 0.00000000e+00
9.22497005e+18 0.00000000e+00
8.76885609e+18 0.00000000e+00
8.33529397e+18 0.00000000e+00
7.92316862e+18 0.00000000e+00
7.53142017e+18 0.00000000e+00
7.15904109e+18 0.00000000e+00
6.80507370e+18 0.00000000e+00
6.46860766e+18 0.00000000e+00
6.14877765e+18 0.00000000e+00
5.84476113e+18 0.00000000e+00
5.55577622e+18 0.00000000e+00
5.28107971e+18 0.00000000e+00
5.01996513e+18 0.00000000e+00
4.77176095e+18 0.00000000e+00
4.53582883e+18 0.00000000e+00
4.31156199e+18 0.00000000e+00
4.09838367e+18 0.00000000e+00
3.89574562e+18 0.00000000e+00
3.70312668e+18 0.00000000e+00
3.52003147e+18 0.00000000e+00
3.34598912e+18 0.00000000e+00
3.18055202e+18 0.00000000e+00
3.02329468e+18 0.00000000e+00
2.87381269e+18 0.00000000e+00
2.73172160e+18 0.00000000e+00
2.59665597e+18 0.00000000e+00
2.46826845e+18 0.00000000e+00
2.34622885e+18 0.00000000e+00
2.23022330e+18 0.00000000e+00
2.11995346e+18 0.00000000e+00
2.01513573e+18 0.00000000e+00
1.91550056e+18 0.00000000e+00
1.82079168e+18 0.00000000e+00
1.73076553e+18 0.00000000e+00
1.64519059e+18 0.00000000e+00
1.56384676e+18 0.00000000e+00
1.48652484e+18 0.00000000e+00
1.41302599e+18 0.00000000e+00
1.34316117e+18 0.00000000e+00
1.27675070e+18 0.00000000e+00
1.21362380e+18 0.00000000e+00
1.15361810e+18 0.00000000e+00
1.09657929e+18 0.00000000e+00
1.04236067e+18 0.00000000e+00
9.90822810e+17 0.00000000e+00
9.41833153e+17 0.00000000e+00
8.95265713e+17 0.00000000e+00
8.51000725e+17 0.00000000e+00
8.08924349e+17 0.00000000e+00
7.68928372e+17 0.00000000e+00
7.30909933e+17 0.00000000e+00
6.94771255e+17 0.00000000e+00
6.60419396e+17 0.00000000e+00
6.27766011e+17 9.75085474e-48
5.96727120e+17 6.63012831e-46
5.67222897e+17 2.49151840e-44
5.39177464e+17 9.29396769e-43
5.12518693e+17 2.61651847e-41
4.87178022e+17 5.08691589e-40
4.63090280e+17 1.01389253e-38
4.40193519e+17 1.88898362e-37
4.18428851e+17 3.05272305e-36
3.97740302e+17 4.03938009e-35
3.78074666e+17 4.66168856e-34
3.59381366e+17 4.48477820e-33
3.41612327e+17 4.46533617e-32
3.24721849e+17 3.38117990e-31
3.08666494e+17 2.39321302e-30
2.93404971e+17 1.73660487e-29
2.78898029e+17 9.92550820e-29
2.65108360e+17 5.52373517e-28
2.52000499e+17 3.02887954e-27
2.39540736e+17 1.36518695e-26
2.27697026e+17 5.88273215e-26
2.16438909e+17 2.23340219e-25
2.05737431e+17 8.79804964e-25
1.95565072e+17 3.08164581e-24
1.85895668e+17 1.01882734e-23
1.76704353e+17 2.99498949e-23
1.67967487e+17 9.13527494e-23
1.59662602e+17 2.73496000e-22
1.51768339e+17 6.30743692e-22
1.44264395e+17 1.69061845e-21
1.37131472e+17 3.91572927e-21
1.30351224e+17 9.19221046e-21
1.23906216e+17 1.90874879e-20
1.17779870e+17 4.42095230e-20
1.11956432e+17 8.04005944e-20
1.06420924e+17 1.69794762e-19
1.01159111e+17 3.09767861e-19
9.61574600e+16 5.79841896e-19
9.14031075e+16 1.14239236e-18
8.68838264e+16 1.86903076e-18
8.25879939e+16 2.85835729e-18
7.85045620e+16 4.70159756e-18
7.46230289e+16 7.68248929e-18
7.09334120e+16 1.22601687e-17
6.74262224e+16 2.00584613e-17
6.40924402e+16 2.48207133e-17
6.09234915e+16 4.06930945e-17
5.79112265e+16 5.60493292e-17
5.50478981e+16 8.03845087e-17
5.23261424e+16 9.93810253e-17
4.97389596e+16 1.25070982e-16
4.72796959e+16 2.04625361e-16
4.49420266e+16 2.53208866e-16
4.27199397e+16 3.05105655e-16
4.06077203e+16 4.04741650e-16
3.85999362e+16 4.89310611e-16
3.66914238e+16 6.47667355e-16
3.48772747e+16 7.79550133e-16
3.31528234e+16 9.63854500e-16
3.15136348e+16 1.21317384e-15
2.99554933e+16 1.18280202e-15
2.84743917e+16 1.49863003e-15
2.70665207e+16 1.88774876e-15
2.57282597e+16 2.33612615e-15
2.44561668e+16 2.27943594e-15
2.32469706e+16 2.74703954e-15
2.20975611e+16 3.19741349e-15
2.10049824e+16 3.55907813e-15
1.99664245e+16 3.76099770e-15
1.89792164e+16 4.20788983e-15
1.80408193e+16 4.67678173e-15
1.71488197e+16 5.44775713e-15
1.63009236e+16 5.32756291e-15
1.54949504e+16 6.41647480e-15
1.47288272e+16 6.27893203e-15
1.40005838e+16 6.17188055e-15
1.33083472e+16 7.62659621e-15
1.26503372e+16 7.49396453e-15
1.20248614e+16 7.35016312e-15
1.14303113e+16 9.23816613e-15
1.08651577e+16 9.09842748e-15
1.03279473e+16 8.99690387e-15
9.81729841e+15 1.13978691e-14
9.33189772e+15 1.11244729e-14
8.87049689e+15 1.10382925e-14
8.43190929e+15 1.09980633e-14
8.01500696e+15 1.07443458e-14
7.61871770e+15 1.34815278e-14
7.24202233e+15 1.33886572e-14
6.88395207e+15 1.32764921e-14
6.54358602e+15 1.32100367e-14
6.22004883e+15 1.30919759e-14
5.91250841e+15 1.30938852e-14
5.62017385e+15 1.59687675e-14
5.34229330e+15 1.56838171e-14
5.07815211e+15 1.59496722e-14
4.82707097e+15 1.55925539e-14
4.58840413e+15 1.60063872e-14
4.36153779e+15 1.57746831e-14
4.14588850e+15 1.55503057e-14
3.94090164e+15 1.88545793e-14
3.74605003e+15 1.84753122e-14
3.56083255e+15 1.82384883e-14
3.38477286e+15 1.80889277e-14
3.21741815e+15 1.87311855e-14
3.05833803e+15 1.86710160e-14
2.90712338e+15 1.83373132e-14
2.76338529e+15 1.83965045e-14
2.62675410e+15 2.48517192e-14
2.49687843e+15 2.42705869e-14
2.37342425e+15 2.36635198e-14
2.25607407e+15 2.07753243e-14
2.14452608e+15 2.17282568e-14
2.03849340e+15 2.12013679e-14
1.93770334e+15 2.06729406e-14
1.84189668e+15 2.14725122e-14
1.75082703e+15 2.11102287e-14
1.66426018e+15 2.10664833e-14
1.58197348e+15 2.06547769e-14
1.50375532e+15 2.10508939e-14
1.42940453e+15 2.07598378e-14
1.35872990e+15 2.19141598e-14
1.29154967e+15 2.30026186e-14
1.22769105e+15 2.27354406e-14
1.16698982e+15 2.30426995e-14
1.10928986e+15 2.30861176e-14
1.05444279e+15 2.30980794e-14
1.00230755e+15 2.27887276e-14
9.52750047e+14 2.23839265e-14
9.05642838e+14 2.52741852e-14
8.60864770e+14 2.46699155e-14
8.18300682e+14 2.39487021e-14
7.77841107e+14 2.36148850e-14
7.39381992e+14 2.34683319e-14
7.02824426e+14 2.34443713e-14
6.68074392e+14 2.30748980e-14
6.35042517e+14 2.30854230e-14
6.03643851e+14 2.31106482e-14
5.73797641e+14 2.31926103e-14
5.45427131e+14 2.29516461e-14
5.18459354e+14 2.33049385e-14
4.92824957e+14 2.39534611e-14
4.68458012e+14 2.38164156e-14
4.45295851e+14 2.36212172e-14
4.23278907e+14 2.42640145e-14
4.02350555e+14 2.34027043e-14
3.82456972e+14 2.40648482e-14
3.63546996e+14 2.45244840e-14
3.45571994e+14 2.42232193e-14
3.28485737e+14 2.40735482e-14
3.12244282e+14 2.42356205e-14
2.96805861e+14 2.41089254e-14
2.82130768e+14 2.40083280e-14
2.68181261e+14 2.44304415e-14
2.54921465e+14 2.42649606e-14
2.42317279e+14 2.41799542e-14
2.30336287e+14 2.43561161e-14
2.18947676e+14 2.40842074e-14
2.08122157e+14 2.41524848e-14
1.97831888e+14 2.43058138e-14
1.88050406e+14 2.43845939e-14
1.78752553e+14 2.43906401e-14
1.69914417e+14 2.42938983e-14
1.61513269e+14 2.44646924e-14
1.53527503e+14 2.44938221e-14
1.45936580e+14 2.43192486e-14
1.38720978e+14 2.43274296e-14
1.31862140e+14 2.44350375e-14
1.25342427e+14 2.45566482e-14
1.19145070e+14 2.44902493e-14
1.13254132e+14 2.44943022e-14
1.07654461e+14 2.44942638e-14
1.02331658e+14 2.45143164e-14
9.72720319e+13 2.45384118e-14
9.24625712e+13 2.44522474e-14
8.78909065e+13 2.45599816e-14
8.35452806e+13 2.45610890e-14
7.94145172e+13 2.44408707e-14
7.54879928e+13 2.45188883e-14
7.17556092e+13 2.45876654e-14
6.82077673e+13 2.46059491e-14
6.48353429e+13 2.46129737e-14
6.16296626e+13 2.46028318e-14
5.85824820e+13 2.45187341e-14
5.56859644e+13 2.45737721e-14
5.29326606e+13 2.45876147e-14
5.03154895e+13 2.46012155e-14
4.78277202e+13 2.45318962e-14
4.54629547e+13 2.45918093e-14
4.32151113e+13 2.46337224e-14
4.10784089e+13 2.45589691e-14
3.90473524e+13 2.45877501e-14
3.71167182e+13 2.45974407e-14
3.52815412e+13 2.45674348e-14
3.35371015e+13 2.46330861e-14
3.18789129e+13 2.45969500e-14
3.03027108e+13 2.45697776e-14
2.88044415e+13 2.45812743e-14
2.73802518e+13 2.46319720e-14
2.60264788e+13 2.46116413e-14
2.47396410e+13 2.46023859e-14
2.35164288e+13 2.46433199e-14
2.23536965e+13 2.46096661e-14
2.12484535e+13 2.46256847e-14
2.01978576e+13 2.46476002e-14
1.91992067e+13 2.46201946e-14
1.82499324e+13 2.46271794e-14
1.73475936e+13 2.46288858e-14
1.64898694e+13 2.46390675e-14
1.56745541e+13 2.46302285e-14
1.48995507e+13 2.46346457e-14
1.41628662e+13 2.46322255e-14
1.34626058e+13 2.46328897e-14
1.27969687e+13 2.46295329e-14
1.21642429e+13 2.46465896e-14
1.15628013e+13 2.46453915e-14
1.09910970e+13 2.46406489e-14
1.04476597e+13 2.46438622e-14
9.93109181e+12 2.46346392e-14
9.44006479e+12 2.46402261e-14
8.97331581e+12 2.46434703e-14
8.52964450e+12 2.46512223e-14
8.10790981e+12 2.46363241e-14
7.70702711e+12 2.46513858e-14
7.32596543e+12 2.46471334e-14
6.96374473e+12 2.46320426e-14
6.61943346e+12 2.46429455e-14
6.29214611e+12 2.46489918e-14
5.98104096e+12 2.46458011e-14
5.68531791e+12 2.46422526e-14
5.40421642e+12 2.46499501e-14
5.13701354e+12 2.46477419e-14
4.88302209e+12 2.46513272e-14
4.64158883e+12 2.46489172e-14
4.41209286e+12 2.46443639e-14
4.19394396e+12 2.46451005e-14
3.98658107e+12 2.46456951e-14
3.78947092e+12 2.46504736e-14
3.60210656e+12 2.46511437e-14
3.42400614e+12 2.46509965e-14
3.25471161e+12 2.46522885e-14
3.09378757e+12 2.46512233e-14
2.94082017e+12 2.46484400e-14
2.79541600e+12 2.46471181e-14
2.65720111e+12 2.46501005e-14
2.52582003e+12 2.46512398e-14
2.40093488e+12 2.46538131e-14
2.28222447e+12 2.46536569e-14
2.16938352e+12 2.46556766e-14
2.06212180e+12 2.46558081e-14
1.96016347e+12 2.46515573e-14
1.86324631e+12 2.46538167e-14
1.77112106e+12 2.46524206e-14
1.68355080e+12 2.46534290e-14
1.60031031e+12 2.46538570e-14
1.52118552e+12 2.46522438e-14
1.44597292e+12 2.46513303e-14
1.37447909e+12 2.46527025e-14
1.30652016e+12 2.46532111e-14
1.24192135e+12 2.46546323e-14
1.18051653e+12 2.46533087e-14
1.12214777e+12 2.46532677e-14
1.06666496e+12 2.46544368e-14
1.01392541e+12 2.46535874e-14
9.63793480e+11 2.46537452e-14
9.16140246e+11 2.46545080e-14
8.70843150e+11 2.46539066e-14
8.27785697e+11 2.46542746e-14
7.86857151e+11 2.46532471e-14
7.47952252e+11 2.46541971e-14
7.10970943e+11 2.46540894e-14
6.75818117e+11 2.46544259e-14
6.42403366e+11 2.46542785e-14
6.10640754e+11 2.46541203e-14
5.80448594e+11 2.46542072e-14
5.51749238e+11 2.46542765e-14
5.24468875e+11 2.46543378e-14
4.98537346e+11 2.46545569e-14
4.73887961e+11 2.46547071e-14
4.50457325e+11 2.46545847e-14
4.28185180e+11 2.46549488e-14
4.07014245e+11 2.46546295e-14
3.86890074e+11 2.46551756e-14
3.67760910e+11 2.46547162e-14
3.49577557e+11 2.46547716e-14
3.32293252e+11 2.46551507e-14
3.15863541e+11 2.46550815e-14
3.00246171e+11 2.46544084e-14
2.85400977e+11 2.46551746e-14
2.71289780e+11 2.46550503e-14
2.57876289e+11 2.46552999e-14
2.45126006e+11 2.46550374e-14
2.33006141e+11 2.46549326e-14
2.21485523e+11 2.46553093e-14
2.10534524e+11 2.46546639e-14
2.00124980e+11 2.46550212e-14
1.90230119e+11 2.46549705e-14
1.80824493e+11 2.46551694e-14
1.71883914e+11 2.46550689e-14
1.63385388e+11 2.46551175e-14
1.55307057e+11 2.46550750e-14
1.47628147e+11 2.46552550e-14
1.40328908e+11 2.46551417e-14
1.33390569e+11 2.46551945e-14
1.26795285e+11 2.46551626e-14
1.20526094e+11 2.46550111e-14
1.14566873e+11 2.46552732e-14
1.08902296e+11 2.46552269e-14
1.03517796e+11 2.46552516e-14
9.83995230e+10 2.46550464e-14
9.35343152e+10 2.46552058e-14
8.89096599e+10 2.46552194e-14
8.45136633e+10 2.46551243e-14
8.03350198e+10 2.46552643e-14
7.63629826e+10 2.46552652e-14
7.25873365e+10 2.46552379e-14
6.89983712e+10 2.46551826e-14
6.55868566e+10 2.46551891e-14
6.23440189e+10 2.46552702e-14
5.92615181e+10 2.46552265e-14
5.63314267e+10 2.46553461e-14
5.35462090e+10 2.46552962e-14
5.08987019e+10 2.46552873e-14
4.83820966e+10 2.46553077e-14
4.59899209e+10 2.46553087e-14
4.37160225e+10 2.46552638e-14
4.15545533e+10 2.46553579e-14
3.94999546e+10 2.46552895e-14
3.75469422e+10 2.46552854e-14
3.56904935e+10 2.46553449e-14
3.39258338e+10 2.46553351e-14
3.22484250e+10 2.46553675e-14
3.06539530e+10 2.46553323e-14
2.91383170e+10 2.46553250e-14
2.76976194e+10 2.46553281e-14
2.63281547e+10 2.46553032e-14
2.50264010e+10 2.46553512e-14
2.37890104e+10 2.46553099e-14
2.26128007e+10 2.46553356e-14
2.14947467e+10 2.46553274e-14
2.04319732e+10 2.46553346e-14
1.94217468e+10 2.46553415e-14
1.84614695e+10 2.46553418e-14
1.75486715e+10 2.46553466e-14
1.66810054e+10 2.46553237e-14
1.58562396e+10 2.46553276e-14
1.50722531e+10 2.46553261e-14
1.43270295e+10 2.46553258e-14
1.36186524e+10 2.46553358e-14
1.29452998e+10 2.46553480e-14
1.23052400e+10 2.46553414e-14
1.16968270e+10 2.46553647e-14
1.11184960e+10 2.46553620e-14
1.05687597e+10 2.46553432e-14
1.00462042e+10 2.46553546e-14
9.54948564e+09 2.46553653e-14
9.07732653e+09 2.46553366e-14
8.62851257e+09 2.46553600e-14
8.20188950e+09 2.46553539e-14
7.79636013e+09 2.46553408e-14
7.41088152e+09 2.46553569e-14
7.04446228e+09 2.46553764e-14
6.69616005e+09 2.46553524e-14
6.36507908e+09 2.46553509e-14
6.05036788e+09 2.46553700e-14
5.75121707e+09 2.46553614e-14
5.46685730e+09 2.46553485e-14
5.19655724e+09 2.46553477e-14
4.93962174e+09 2.46553779e-14
4.69539001e+09 2.46553367e-14
4.46323393e+09 2.46553603e-14
4.24255643e+09 2.46553630e-14
4.03278998e+09 2.46553602e-14
3.83339510e+09 2.46553683e-14
3.64385898e+09 2.46553700e-14
3.46369418e+09 2.46553609e-14
3.29243733e+09 2.46553610e-14
3.12964801e+09 2.46553777e-14
2.97490755e+09 2.46553679e-14
2.82781798e+09 2.46553722e-14
2.68800102e+09 2.46553736e-14
2.55509709e+09 2.46553734e-14
2.42876438e+09 2.46553561e-14
2.30867799e+09 2.46553633e-14
2.19452909e+09 2.46553554e-14
2.08602409e+09 2.46553646e-14
1.98288395e+09 2.46553674e-14
1.88484341e+09 2.46553732e-14
1.79165033e+09 2.46553680e-14
1.70306503e+09 2.46553688e-14
1.61885969e+09 2.46553665e-14
1.53881775e+09 2.46553726e-14
1.46273336e+09 2.46553658e-14
1.39041083e+09 2.46553724e-14
1.32166418e+09 2.46553652e-14
1.25631660e+09 2.46553729e-14
1.19420003e+09 2.46553770e-14
1.13515471e+09 2.46553776e-14
1.07902879e+09 2.46553784e-14
1.02567793e+09 2.46553769e-14
9.74964918e+08 2.46553795e-14
9.26759330e+08 2.46553759e-14
8.80937190e+08 2.46553784e-14
8.37380654e+08 2.46553760e-14
7.95977700e+08 2.46553784e-14
7.56621850e+08 2.46553767e-14
7.19211887e+08 2.46553769e-14
6.83651600e+08 2.46553820e-14
6.49849535e+08 2.46553830e-14
6.17718760e+08 2.46553867e-14
5.87176639e+08 2.46553838e-14
5.58144625e+08 2.46553860e-14
5.30548053e+08 2.46553863e-14
5.04315949e+08 2.46553887e-14
4.79380850e+08 2.46553878e-14
4.55678627e+08 2.46553901e-14
4.33148322e+08 2.46553925e-14
4.11731993e+08 2.46553922e-14
3.91374560e+08 2.46553950e-14
3.72023668e+08 2.46553976e-14
3.53629550e+08 2.46553970e-14
3.36144900e+08 2.46553995e-14
3.19524751e+08 2.46554007e-14
3.03726358e+08 2.46554035e-14
2.88709092e+08 2.46554048e-14
2.74434330e+08 2.46554085e-14
2.60865362e+08 2.46554108e-14
2.47967289e+08 2.46554124e-14
2.35706941e+08 2.46554149e-14
2.24052787e+08 2.46554190e-14
2.12974854e+08 2.46554209e-14
2.02444651e+08 2.46554238e-14
1.92435098e+08 2.46554274e-14
1.82920450e+08 2.46554306e-14
1.73876240e+08 2.46554347e-14
1.65279206e+08 2.46554372e-14
1.57107239e+08 2.46554413e-14
1.49339322e+08 2.46554461e-14
1.41955477e+08 2.46554491e-14
1.34936714e+08 2.46554546e-14
1.28264983e+08 2.46554590e-14
1.21923125e+08 2.46554637e-14
1.15894830e+08 2.46554692e-14
1.10164595e+08 2.46554750e-14
1.04717682e+08 2.46554804e-14
9.95400829e+07 2.46554869e-14
9.46184819e+07 2.46554929e-14
8.99402217e+07 2.46554999e-14
8.54932707e+07 2.46555067e-14
8.12661920e+07 2.46555139e-14
7.72481145e+07 2.46555222e-14
7.34287045e+07 2.46555303e-14
6.97981391e+07 2.46555391e-14
6.63470812e+07 2.46555482e-14
6.30666554e+07 2.46555577e-14
5.99484250e+07 2.46555678e-14
5.69843706e+07 2.46555784e-14
5.41668691e+07 2.46555894e-14
5.14886745e+07 2.46556015e-14
4.89428990e+07 2.46556135e-14
4.65229952e+07 2.46556268e-14
4.42227398e+07 2.46556402e-14
4.20362168e+07 2.46556547e-14
3.99578030e+07 2.46556698e-14
3.79821531e+07 2.46556856e-14
3.61041860e+07 2.46557023e-14
3.43190720e+07 2.46557200e-14
3.26222201e+07 2.46557386e-14
3.10092664e+07 2.46557581e-14
2.94760626e+07 2.46557785e-14
2.80186656e+07 2.46558001e-14
2.66333273e+07 2.46558228e-14
2.53164848e+07 2.46558467e-14
2.40647515e+07 2.46558718e-14
2.28749082e+07 2.46558981e-14
2.17438948e+07 2.46559261e-14
2.06688025e+07 2.46559553e-14
1.96468665e+07 2.46559860e-14
1.86754584e+07 2.46560183e-14
1.77520801e+07 2.46560523e-14
1.68743568e+07 2.46560882e-14
1.60400311e+07 2.46561258e-14
1.52469573e+07 2.46561655e-14
1.44930957e+07 2.46562072e-14
1.37765077e+07 2.46562510e-14
1.30953502e+07 2.46562972e-14
1.24478715e+07 2.46563457e-14
1.18324063e+07 2.46563968e-14
1.12473718e+07 2.46564505e-14
1.06912634e+07 2.46565070e-14
1.01626509e+07 2.46565665e-14
9.66017480e+06 2.46566289e-14
9.18254284e+06 2.46566948e-14
8.72852662e+06 2.46567640e-14
8.29695852e+06 2.46568368e-14
7.88672862e+06 2.46569134e-14
7.49678187e+06 2.46569940e-14
7.12611543e+06 2.46570788e-14
6.77377600e+06 2.46571680e-14
6.43885743e+06 2.46572618e-14
6.12049837e+06 2.46573605e-14
5.81788007e+06 2.46574644e-14
5.53022426e+06 2.46575736e-14
5.25679112e+06 2.46576886e-14
4.99687745e+06 2.46578094e-14
4.74981480e+06 2.46579366e-14
4.51496777e+06 2.46580705e-14
4.29173238e+06 2.46582112e-14
4.07953450e+06 2.46583593e-14
3.87782841e+06 2.46585151e-14
3.68609536e+06 2.46586790e-14
3.50384225e+06 2.46588515e-14
3.33060034e+06 2.46590329e-14
3.16592411e+06 2.46592237e-14
3.00939003e+06 2.46594244e-14
2.86059554e+06 2.46596357e-14
2.71915794e+06 2.46598578e-14
2.58471351e+06 2.46600916e-14
2.45691646e+06 2.46603375e-14
2.33543814e+06 2.46605962e-14
2.21996612e+06 2.46608683e-14
2.11020343e+06 2.46611546e-14
2.00586778e+06 2.46614558e-14
1.90669084e+06 2.46617727e-14
1.81241755e+06 2.46621060e-14
1.72280545e+06 2.46624567e-14
1.63762407e+06 2.46628256e-14
1.55665436e+06 2.46632138e-14
1.47968806e+06 2.46636221e-14
1.40652724e+06 2.46640516e-14
1.33698374e+06 2.46645035e-14
1.27087871e+06 2.46649789e-14
1.20804213e+06 2.46654790e-14
1.14831241e+06 2.46660051e-14
1.09153594e+06 2.46665586e-14
1.03756668e+06 2.46671409e-14
9.86265846e+05 2.46677535e-14
9.37501502e+05 2.46683979e-14
8.91148232e+05 2.46690759e-14
8.47086827e+05 2.46697891e-14
8.05203967e+05 2.46705394e-14
7.65391939e+05 2.46713287e-14
7.27548353e+05 2.46721592e-14
6.91575883e+05 2.46730328e-14
6.57382014e+05 2.46739518e-14
6.24878807e+05 2.46749186e-14
5.93982669e+05 2.46759358e-14
5.64614142e+05 2.46770058e-14
5.36697695e+05 2.46781315e-14
5.10161531e+05 2.46793158e-14
4.84937407e+05 2.46805616e-14
4.60960449e+05 2.46818723e-14
4.38168993e+05 2.46832511e-14
4.16504425e+05 2.46847017e-14
3.95911027e+05 2.46862277e-14
3.76335836e+05 2.46878330e-14
3.57728510e+05 2.46895219e-14
3.40041193e+05 2.46912986e-14
3.23228398e+05 2.46931678e-14
3.07246884e+05 2.46951342e-14
2.92055551e+05 2.46972028e-14
2.77615329e+05 2.46993791e-14
2.63889081e+05 2.47016685e-14
2.50841506e+05 2.47040771e-14
2.38439047e+05 2.47066109e-14
2.26649808e+05 2.47092765e-14
2.15443469e+05 2.47120808e-14
2.04791210e+05 2.47150309e-14
1.94665634e+05 2.47181345e-14
1.85040702e+05 2.47213995e-14
1.75891659e+05 2.47248344e-14
1.67194976e+05 2.47284479e-14
1.58928287e+05 2.47322494e-14
1.51070330e+05 2.47362486e-14
1.43600898e+05 2.47404558e-14
1.36500781e+05 2.47448819e-14
1.29751717e+05 2.47495382e-14
1.23336350e+05 2.47544367e-14
1.17238180e+05 2.47595900e-14
1.11441525e+05 2.47650114e-14
1.05931476e+05 2.47707147e-14
1.00693863e+05 2.47767147e-14
9.57152154e+04 2.47830269e-14
9.09827289e+04 2.47896673e-14
8.64842328e+04 2.47966531e-14
8.22081576e+04 2.48040024e-14
7.81435061e+04 2.48117339e-14
7.42798248e+04 2.48198675e-14
7.06071771e+04 2.48284242e-14
6.71161177e+04 2.48374261e-14
6.37976681e+04 2.48468961e-14
6.06432940e+04 2.48568588e-14
5.76448828e+04 2.48673397e-14
5.47947234e+04 2.48783657e-14
5.20854855e+04 2.48899653e-14
4.95102016e+04 2.49021682e-14
4.70622485e+04 2.49150059e-14
4.47353305e+04 2.49285114e-14
4.25234633e+04 2.49427193e-14
4.04209584e+04 2.49576663e-14
3.84224085e+04 2.49733908e-14
3.65226736e+04 2.49899333e-14
3.47168682e+04 2.50073362e-14
3.30003479e+04 2.50256443e-14
3.13686982e+04 2.50449048e-14
2.98177229e+04 2.50651672e-14
2.83434331e+04 2.50864835e-14
2.69420371e+04 2.51089086e-14
2.56099310e+04 2.51325003e-14
2.43436887e+04 2.51573191e-14
2.31400538e+04 2.51834289e-14
2.19959307e+04 2.52108968e-14
2.09083769e+04 2.52397936e-14
1.98745955e+04 2.52701935e-14
1.88919278e+04 2.53021747e-14
1.79578465e+04 2.53358196e-14
1.70699493e+04 2.53712145e-14
1.62259529e+04 2.54084507e-14
1.54236865e+04 2.54476238e-14
1.46610868e+04 2.54888346e-14
1.39361927e+04 2.55321891e-14
1.32471399e+04 2.55777989e-14
1.25921561e+04 2.56257813e-14
1.19695570e+04 2.56762596e-14
1.13777413e+04 2.57293638e-14
1.08151870e+04 2.57852304e-14
1.02804473e+04 2.58440032e-14
9.77214697e+03 2.59058333e-14
9.28897872e+03 2.59708799e-14
8.82969996e+03 2.60393102e-14
8.39312950e+03 2.61113003e-14
7.97814457e+03 2.61870354e-14
7.58367791e+03 2.62667103e-14
7.20871503e+03 2.63505300e-14
6.85229160e+03 2.64387101e-14
6.51349095e+03 2.65314776e-14
6.19144176e+03 2.66290711e-14
5.88531578e+03 2.67317417e-14
5.59432571e+03 2.68397536e-14
5.31772318e+03 2.69533846e-14
5.05479682e+03 2.70729272e-14
4.80487044e+03 2.71986890e-14
4.56730127e+03 2.73309935e-14
4.34147833e+03 2.74701813e-14
4.12682085e+03 2.76166105e-14
3.92277676e+03 2.77706579e-14
3.72882131e+03 2.79327201e-14
3.54445567e+03 2.81032139e-14
3.36920571e+03 2.82825784e-14
3.20262069e+03 2.84712751e-14
3.04427221e+03 2.86697898e-14
2.89375302e+03 2.88786333e-14
2.75067601e+03 2.90983433e-14
2.61467321e+03 2.93294854e-14
2.48539486e+03 2.95726547e-14
2.36250847e+03 2.98284772e-14
2.24569800e+03 3.00976115e-14
2.13466303e+03 3.03807506e-14
2.02911802e+03 3.06786237e-14
1.92879151e+03 3.09919977e-14
1.83342548e+03 3.13216798e-14
1.74277468e+03 3.16685190e-14
1.65660596e+03 3.20361263e-14
1.57469771e+03 3.24200059e-14
1.49683929e+03 3.28238648e-14
1.42283046e+03 3.32487436e-14
1.35248087e+03 3.36957369e-14
1.28560961e+03 3.41659967e-14
1.22204469e+03 3.46607348e-14
1.16162263e+03 3.51812264e-14
1.10418805e+03 3.57288132e-14
1.04959323e+03 3.63049068e-14
9.97697764e+02 3.69109927e-14
9.48368187e+02 3.75486338e-14
9.01477631e+02 3.82194747e-14
8.56905505e+02 3.89252456e-14
8.14537177e+02 3.96677676e-14
7.74263683e+02 4.04489564e-14
7.35981448e+02 4.12708283e-14
6.99592017e+02 4.21355046e-14
6.65001803e+02 4.30452178e-14
6.32121848e+02 4.40099871e-14
6.00867589e+02 4.50169391e-14
5.71158648e+02 4.60763504e-14
5.42918618e+02 4.71909587e-14
5.16074871e+02 4.83636449e-14
4.90558371e+02 4.95974412e-14
4.66303493e+02 5.08955383e-14
4.43247859e+02 5.22829996e-14
4.21332174e+02 5.37199195e-14
4.00500076e+02 5.52317515e-14
3.80697987e+02 5.68224106e-14
3.61874981e+02 5.84960179e-14
3.43982649e+02 6.02569108e-14
3.26974974e+02 6.21096552e-14
3.10808217e+02 6.40590572e-14
2.95440800e+02 6.61101761e-14
2.80833200e+02 6.82683379e-14
2.66947849e+02 7.05391495e-14
2.53749038e+02 7.29285139e-14
2.41202821e+02 7.54426462e-14
2.29276931e+02 7.80880899e-14
2.17940698e+02 8.08717354e-14
2.07164968e+02 8.38008379e-14
1.96922026e+02 8.68830379e-14
1.87185529e+02 9.01263817e-14
1.77930439e+02 9.35393435e-14
1.69132952e+02 9.71308492e-14
1.60770442e+02 1.00910301e-13
1.52821404e+02 1.04887602e-13
1.45265393e+02 1.09073187e-13
1.38082977e+02 1.13478050e-13
1.31255684e+02 1.18113774e-13
1.24765955e+02 1.22992567e-13
1.18597101e+02 1.28127295e-13
1.12733256e+02 1.33531519e-13
1.07159340e+02 1.39219535e-13
1.01861017e+02 1.45206414e-13
9.68246612e+01 1.51508052e-13
9.20373200e+01 1.58141209e-13
8.74866812e+01 1.65123567e-13
8.31610415e+01 1.72535147e-13
7.90492762e+01 1.80272720e-13
7.51408106e+01 1.88418589e-13
7.14255929e+01 1.96994678e-13
6.78940681e+01 2.06024142e-13
6.45371540e+01 2.15531430e-13
6.13462172e+01 2.25542372e-13
5.83130511e+01 2.36084265e-13
5.54298552e+01 2.47185957e-13
5.26892142e+01 2.58877955e-13
5.00840799e+01 2.71192525e-13
4.76077523e+01 2.84163809e-13
4.52538628e+01 2.97827944e-13
4.30163576e+01 3.12223202e-13
4.08894823e+01 3.27390127e-13
3.88677669e+01 3.43371695e-13
3.69460121e+01 3.60213480e-13
3.51192753e+01 3.77963838e-13
3.33828586e+01 3.96674110e-13
3.17322963e+01 4.16398834e-13
3.01633435e+01 4.37195985e-13
2.86719650e+01 4.58279129e-13
2.72543253e+01 4.81276231e-13
2.59067786e+01 5.05521868e-13
2.46258592e+01 5.31087277e-13
2.34082728e+01 5.58048178e-13
2.22508880e+01 5.86485104e-13
2.11507282e+01 6.16483761e-13
2.01049642e+01 6.48135425e-13
1.91109062e+01 6.81537367e-13
1.81659979e+01 7.16793324e-13
1.72678090e+01 7.54014014e-13
1.64140297e+01 7.93317693e-13
1.56024641e+01 8.34830777e-13
1.48310251e+01 8.78686321e-13
1.40977287e+01 9.24996329e-13
1.34006890e+01 9.73923128e-13
1.27381132e+01 1.02571046e-12
1.21082975e+01 1.08044445e-12
1.15096220e+01 1.13838693e-12
1.09405471e+01 1.19972147e-12
1.03996091e+01 1.26466592e-12
9.88541702e+00 1.33345540e-12
9.39664831e+00 1.40634942e-12
8.93204600e+00 1.48362516e-12
8.49041520e+00 1.56558356e-12
8.07062014e+00 1.65254931e-12
7.67158118e+00 1.74487381e-12
7.29227206e+00 1.84293767e-12
6.93171728e+00 1.94715301e-12
6.58898955e+00 2.05796660e-12
6.26320745e+00 2.17586286e-12
5.95353313e+00 2.30136731e-12
5.65917016e+00 2.43505015e-12
5.37936150e+00 2.57753015e-12
5.11338754e+00 2.72947880e-12
4.86056423e+00 2.89162467e-12
4.62024137e+00 3.06475807e-12
4.39180089e+00 3.24973575e-12
4.17465529e+00 3.44748599e-12
3.96824610e+00 3.65901352e-12
3.77204249e+00 3.88540466e-12
3.58553986e+00 4.12783215e-12
3.40825855e+00 4.38755978e-12
3.23974263e+00 4.66594635e-12
3.07955871e+00 4.96444861e-12
2.92729484e+00 5.28462265e-12
2.78255940e+00 5.62812274e-12
2.64498018e+00 5.99669667e-12
2.51420335e+00 6.39217574e-12
2.38989257e+00 6.81645759e-12
2.27172813e+00 7.27147912e-12
2.15940615e+00 7.75917657e-12
2.05263775e+00 8.28142942e-12
1.95114835e+00 8.82980455e-12
1.85467692e+00 9.42442392e-12
1.76297538e+00 1.00578328e-11
1.67580786e+00 1.07306720e-11
1.59295021e+00 1.14429039e-11
1.51418933e+00 1.22146069e-11
1.43932264e+00 1.30047029e-11
1.36815763e+00 1.38283630e-11
1.30051125e+00 1.46808664e-11
1.23620954e+00 1.55562158e-11
1.17508713e+00 1.64465478e-11
1.11698682e+00 1.73425421e-11
1.06175918e+00 1.82334780e-11
1.00926219e+00 1.91074953e-11
9.59360829e-01 1.99519602e-11
9.11926760e-01 2.07539132e-11
8.66837993e-01 2.15005661e-11
8.23978568e-01 2.21798070e-11
7.83238260e-01 2.27806691e-11
7.44512291e-01 2.32937258e-11
7.07701066e-01 2.37113868e-11
6.72709914e-01 2.40280801e-11
6.39448843e-01 2.42403246e-11
6.07832313e-01 2.43467038e-11
5.77779012e-01 2.43477647e-11
5.49211648e-01 2.42458616e-11
5.22056753e-01 2.40449666e-11
4.96244488e-01 2.37504627e-11
4.71708469e-01 2.33689286e-11
4.48385595e-01 2.29079196e-11
4.26215883e-01 2.23744523e-11
4.05142317e-01 2.17791110e-11
3.85110700e-01 2.11304146e-11
3.66069515e-01 2.04376291e-11
3.47969790e-01 1.97099266e-11
3.30764978e-01 1.89561946e-11
3.14410830e-01 1.81848669e-11
2.98865287e-01 1.74037808e-11
2.84088369e-01 1.66200574e-11
2.70042072e-01 1.58400762e-11
2.56690272e-01 1.50693440e-11
2.43998630e-01 1.40023212e-11
2.31934506e-01 1.32892285e-11
2.20466874e-01 1.25999813e-11
2.09566240e-01 1.21607125e-11
1.99204571e-01 1.14909628e-11
1.89355218e-01 1.08474164e-11
1.79992851e-01 1.02307577e-11
1.71093391e-01 9.64126203e-12
1.62633950e-01 9.07886859e-12
1.54592774e-01 8.54324797e-12
1.46949180e-01 8.03386194e-12
1.39683512e-01 7.55001585e-12
1.32777083e-01 7.09090284e-12
1.26212131e-01 6.65564073e-12
1.19971774e-01 6.24330206e-12
1.14039960e-01 5.85293798e-12
1.08401436e-01 5.48359681e-12
1.03041699e-01 5.13433787e-12
9.79469667e-02 4.80424162e-12
9.31041349e-02 4.49241647e-12
8.85007491e-02 4.19800323e-12
8.41249705e-02 3.92017744e-12
7.99655453e-02 3.65815022e-12
7.60117762e-02 3.41116806e-12
7.22534949e-02 3.17931390e-12
6.86810359e-02 2.96021329e-12
6.52852114e-02 2.75406622e-12
6.20572881e-02 2.56025231e-12
5.89889643e-02 2.37817895e-12
5.60723488e-02 2.20713402e-12
5.32999408e-02 2.04701522e-12
5.06646101e-02 1.89699239e-12
4.81595791e-02 1.75655511e-12
4.57784054e-02 1.62521201e-12
4.35149650e-02 1.50248972e-12
4.13634368e-02 1.38793212e-12
3.93182876e-02 1.28109962e-12
3.73742574e-02 1.18156869e-12
3.55263468e-02 1.08893143e-12
3.37698031e-02 1.00283761e-12
3.21001090e-02 9.22821330e-13
3.05129702e-02 8.48564202e-13
2.90043049e-02 7.79718844e-13
2.75702333e-02 7.15952554e-13
2.62070670e-02 6.56947127e-13
2.49113003e-02 6.02398673e-13
2.36796007e-02 5.52017409e-13
2.25088005e-02 5.05527455e-13
2.13958887e-02 4.64458280e-13
2.03380031e-02 4.24722264e-13
1.93324229e-02 3.88142461e-13
1.83765620e-02 3.54500831e-13
1.74679622e-02 3.23590414e-13
1.66042866e-02 2.95215140e-13
1.57833141e-02 2.69189629e-13
1.50029332e-02 2.45338992e-13
1.42611371e-02 2.23498601e-13
1.35560179e-02 2.03391599e-13
1.28857621e-02 1.85195004e-13
1.22486461e-02 1.68556947e-13
1.16430313e-02 1.53353228e-13
1.10673602e-02 1.39468348e-13
1.05201522e-02 1.26795046e-13
1.00000000e-02 1.15233842e-13
