1.00000000e+20 0.00000000e+00
9.50556592e+19 0.00000000e+00
9.03557835e+19 0.00000000e+00
8.58882856e+19 0.00000000e+00
8.16416760e+19 0.00000000e+00
7.76050334e+19 0.00000000e+00
7.37679760e+19 0.00000000e+00
7.01206359e+19 0.00000000e+00
6.66536327e+19 0.00000000e+00
6.33580499e+19 0.00000000e+00
6.02254120e+19 0.00000000e+00
5.72476624e+19 0.00000000e+00
5.44171429e+19 0.00000000e+00
5.17265739e+19 0.00000000e+00
4.91690358e+19 0.00000000e+00
4.67379511e+19 0.00000000e+00
4.44270675e+19 0.00000000e+00
4.22304419e+19 0.00000000e+00
4.01424249e+19 0.00000000e+00
3.81576466e+19 0.00000000e+00
3.62710025e+19 0.00000000e+00
3.44776405e+19 0.00000000e+00
3.27729485e+19 0.00000000e+00
3.11525422e+19 0.00000000e+00
2.96122544e+19 0.00000000e+00
2.81481236e+19 0.00000000e+00
2.67563844e+19 0.00000000e+00
2.54334576e+19 0.00000000e+00
2.41759408e+19 0.00000000e+00
2.29805999e+19 0.00000000e+00
2.18443607e+19 0.00000000e+00
2.07643011e+19 0.00000000e+00
1.97376433e+19 0.00000000e+00
1.87617469e+19 0.00000000e+00
1.78341022e+19 0.00000000e+00
1.69523234e+19 0.00000000e+00
1.61141428e+19 0.00000000e+00
1.53174046e+19 0.00000000e+00
1.45600600e+19 0.00000000e+00
1.38401610e+19 0.00000000e+00
1.31558562e+19 0.00000000e+00
1.25053859e+19 0.00000000e+00
1.18870770e+19 0.00000000e+00
1.12993394e+19 0.00000000e+00
1.07406615e+19 0.00000000e+00
1.02096066e+19 0.00000000e+00
9.70480888e+18 0.00000000e+00
9.22497005e+18 0.00000000e+00
8.76885609e+18 0.00000000e+00
8.33529397e+18 0.00000000e+00
7.92316862e+18 0.00000000e+00
7.53142017e+18 0.00000000e+00
7.15904109e+18 0.00000000e+00
6.80507370e+18 0.00000000e+00
6.46860766e+18 0.00000000e+00
6.14877765e+18 0.00000000e+00
5.84476113e+18 0.00000000e+00
5.55577622e+18 0.00000000e+00
5.28107971e+18 0.00000000e+00
5.01996513e+18 0.00000000e+00
4.77176095e+18 0.00000000e+00
4.53582883e+18 0.00000000e+00
4.31156199e+18 0.00000000e+00
4.09838367e+18 0.00000000e+00
3.89574562e+18 0.00000000e+00
3.70312668e+18 0.00000000e+00
3.52003147e+18 0.00000000e+00
3.34598912e+18 0.00000000e+00
3.18055202e+18 0.00000000e+00
3.02329468e+18 0.00000000e+00
2.87381269e+18 0.00000000e+00
2.73172160e+18 0.00000000e+00
2.59665597e+18 0.00000000e+00
2.46826845e+18 0.00000000e+00
2.34622885e+18 0.00000000e+00
2.23022330e+18 0.00000000e+00
2.11995346e+18 0.00000000e+00
2.01513573e+18 0.00000000e+00
1.91550056e+18 0.00000000e+00
1.82079168e+18 0.00000000e+00
1.73076553e+18 0.00000000e+00
1.64519059e+18 0.00000000e+00
1.56384676e+18 0.00000000e+00
1.48652484e+18 0.00000000e+00
1.41302599e+18 0.00000000e+00
1.34316117e+18 0.00000000e+00
1.27675070e+18 0.00000000e+00
1.21362380e+18 0.00000000e+00
1.15361810e+18 0.00000000e+00
1.09657929e+18 0.00000000e+00
1.04236067e+18 0.00000000e+00
9.90822810e+17 0.00000000e+00
9.41833153e+17 0.00000000e+00
8.95265713e+17 0.00000000e+00
8.51000725e+17 0.00000000e+00
8.08924349e+17 0.00000000e+00
7.68928372e+17 0.00000000e+00
7.30909933e+17 0.00000000e+00
6.94771255e+17 0.00000000e+00
6.60419396e+17 0.00000000e+00
6.27766011e+17 1.91457779e-49
5.96727120e+17 1.30182397e-47
5.67222897e+17 4.89208989e-46
5.39177464e+17 1.82486814e-44
5.12518693e+17 5.13752721e-43
4.87178022e+17 9.98814610e-42
4.63090280e+17 1.99077534e-40
4.40193519e+17 3.70901441e-39
4.18428851e+17 5.99401377e-38
3.97740302e+17 7.93131229e-37
3.78074666e+17 9.15321336e-36
3.59381366e+17 8.80585033e-35
3.41612327e+17 8.76767595e-34
3.24721849e+17 6.63893793e-33
3.08666494e+17 4.69906754e-32
2.93404971e+17 3.40981914e-31
2.78898029e+17 1.94887095e-30
2.65108360e+17 1.08458396e-29
2.52000499e+17 5.94719710e-29
2.39540736e+17 2.68054102e-28
2.27697026e+17 1.15507293e-27
2.16438909e+17 4.38527939e-27
2.05737431e+17 1.72749476e-26
1.95565072e+17 6.05080354e-26
1.85895668e+17 2.00046483e-25
1.76704353e+17 5.88065407e-25
1.67967487e+17 1.79370886e-24
1.59662602e+17 5.37008685e-24
1.51768339e+17 1.23846360e-23
1.44264395e+17 3.31952492e-23
1.37131472e+17 7.68852423e-23
1.30351224e+17 1.80488813e-22
1.23906216e+17 3.74782328e-22
1.17779870e+17 8.68052834e-22
1.11956432e+17 1.57866358e-21
1.06420924e+17 3.33391573e-21
1.01159111e+17 6.08228388e-21
9.61574600e+16 1.13851805e-20
9.14031075e+16 2.24308444e-20
8.68838264e+16 3.66983704e-20
8.25879939e+16 5.61237710e-20
7.85045620e+16 9.23157458e-20
7.46230289e+16 1.50845477e-19
7.09334120e+16 2.40728093e-19
6.74262224e+16 3.93847366e-19
6.40924402e+16 4.87354061e-19
6.09234915e+16 7.99007851e-19
5.79112265e+16 1.10052712e-18
5.50478981e+16 1.57834774e-18
5.23261424e+16 1.95134385e-18
4.97389596e+16 2.45576548e-18
4.72796959e+16 4.01781363e-18
4.49420266e+16 4.97174949e-18
4.27199397e+16 5.99074161e-18
4.06077203e+16 7.94709176e-18
3.85999362e+16 9.60760111e-18
3.66914238e+16 1.27169317e-17
3.48772747e+16 1.53064466e-17
3.31528234e+16 1.89252580e-17
3.15136348e+16 2.38206368e-17
2.99554933e+16 2.32242869e-17
2.84743917e+16 2.94255617e-17
2.70665207e+16 3.70658977e-17
2.57282597e+16 4.58697762e-17
2.44561668e+16 4.47566653e-17
2.32469706e+16 5.39380499e-17
2.20975611e+16 6.27811307e-17
2.10049824e+16 6.98824065e-17
1.99664245e+16 7.38470920e-17
1.89792164e+16 8.26218074e-17
1.80408193e+16 9.18284876e-17
1.71488197e+16 1.06966569e-16
1.63009236e+16 1.04606559e-16
1.54949504e+16 1.25987316e-16
1.47288272e+16 1.23286667e-16
1.40005838e+16 1.21184714e-16
1.33083472e+16 1.49748018e-16
1.26503372e+16 1.47143799e-16
1.20248614e+16 1.44320261e-16
1.14303113e+16 1.81391151e-16
1.08651577e+16 1.78647387e-16
1.03279473e+16 1.76653973e-16
9.81729841e+15 2.23796862e-16
9.33189772e+15 2.18428737e-16
8.87049689e+15 2.16736586e-16
8.43190929e+15 2.15946687e-16
8.01500696e+15 2.10964950e-16
7.61871770e+15 2.64709447e-16
7.24202233e+15 2.62885935e-16
6.88395207e+15 2.60683577e-16
6.54358602e+15 2.59378727e-16
6.22004883e+15 2.57060607e-16
5.91250841e+15 2.57098094e-16
5.62017385e+15 3.13546334e-16
5.34229330e+15 3.07951340e-16
5.07815211e+15 3.13171398e-16
4.82707097e+15 3.06159391e-16
4.58840413e+15 3.14284997e-16
4.36153779e+15 3.09735492e-16
4.14588850e+15 3.05329847e-16
3.94090164e+15 3.70209173e-16
3.74605003e+15 3.62762275e-16
3.56083255e+15 3.58112242e-16
3.38477286e+15 3.55175625e-16
3.21741815e+15 3.67786340e-16
3.05833803e+15 3.66604913e-16
2.90712338e+15 3.60052668e-16
2.76338529e+15 3.61214887e-16
2.62675410e+15 4.87962859e-16
2.49687843e+15 4.76552342e-16
2.37342425e+15 4.64632595e-16
2.25607407e+15 4.07922951e-16
2.14452608e+15 4.26633756e-16
2.03849340e+15 4.16288306e-16
1.93770334e+15 4.05912651e-16
1.84189668e+15 4.21612219e-16
1.75082703e+15 4.14498791e-16
1.66426018e+15 4.13639851e-16
1.58197348e+15 4.05556008e-16
1.50375532e+15 4.13333754e-16
1.42940453e+15 4.07618876e-16
1.35872990e+15 4.30283957e-16
1.29154967e+15 4.51655818e-16
1.22769105e+15 4.46409786e-16
1.16698982e+15 4.52442806e-16
1.10928986e+15 4.53295318e-16
1.05444279e+15 4.53530188e-16
1.00230755e+15 4.47456073e-16
9.52750047e+14 4.39507814e-16
9.05642838e+14 4.96257968e-16
8.60864770e+14 4.84393148e-16
8.18300682e+14 4.70232143e-16
7.77841107e+14 4.63677652e-16
7.39381992e+14 4.60800085e-16
7.02824426e+14 4.60329621e-16
6.68074392e+14 4.53075022e-16
6.35042517e+14 4.53281680e-16
6.03643851e+14 4.53776976e-16
5.73797641e+14 4.55386300e-16
5.45427131e+14 4.50654975e-16
5.18459354e+14 4.57591862e-16
4.92824957e+14 4.70325585e-16
4.68458012e+14 4.67634701e-16
4.45295851e+14 4.63801986e-16
4.23278907e+14 4.76423293e-16
4.02350555e+14 4.59511489e-16
3.82456972e+14 4.72512668e-16
3.63546996e+14 4.81537606e-16
3.45571994e+14 4.75622281e-16
3.28485737e+14 4.72683493e-16
3.12244282e+14 4.75865778e-16
2.96805861e+14 4.73378122e-16
2.82130768e+14 4.71402895e-16
2.68181261e+14 4.79691084e-16
2.54921465e+14 4.76441869e-16
2.42317279e+14 4.74772773e-16
2.30336287e+14 4.78231705e-16
2.18947676e+14 4.72892786e-16
2.08122157e+14 4.74233411e-16
1.97831888e+14 4.77244022e-16
1.88050406e+14 4.78790867e-16
1.78752553e+14 4.78909584e-16
1.69914417e+14 4.77010062e-16
1.61513269e+14 4.80363599e-16
1.53527503e+14 4.80935560e-16
1.45936580e+14 4.77507814e-16
1.38720978e+14 4.77668447e-16
1.31862140e+14 4.79781326e-16
1.25342427e+14 4.82169149e-16
1.19145070e+14 4.80865408e-16
1.13254132e+14 4.80944987e-16
1.07654461e+14 4.80944233e-16
1.02331658e+14 4.81337965e-16
9.72720319e+13 4.81811078e-16
9.24625712e+13 4.80119243e-16
8.78909065e+13 4.82234600e-16
8.35452806e+13 4.82256343e-16
7.94145172e+13 4.79895861e-16
7.54879928e+13 4.81427735e-16
7.17556092e+13 4.82778171e-16
6.82077673e+13 4.83137171e-16
6.48353429e+13 4.83275099e-16
6.16296626e+13 4.83075963e-16
5.85824820e+13 4.81424708e-16
5.56859644e+13 4.82505377e-16
5.29326606e+13 4.82777176e-16
5.03154895e+13 4.83044227e-16
4.78277202e+13 4.81683144e-16
4.54629547e+13 4.82859536e-16
4.32151113e+13 4.83682499e-16
4.10784089e+13 4.82214721e-16
3.90473524e+13 4.82779834e-16
3.71167182e+13 4.82970110e-16
3.52815412e+13 4.82380945e-16
3.35371015e+13 4.83670007e-16
3.18789129e+13 4.82960476e-16
3.03027108e+13 4.82426946e-16
2.88044415e+13 4.82652683e-16
2.73802518e+13 4.83648131e-16
2.60264788e+13 4.83248939e-16
2.47396410e+13 4.83067209e-16
2.35164288e+13 4.83870947e-16
2.23536965e+13 4.83210156e-16
2.12484535e+13 4.83524682e-16
2.01978576e+13 4.83954991e-16
1.91992067e+13 4.83416883e-16
1.82499324e+13 4.83554031e-16
1.73475936e+13 4.83587536e-16
1.64898694e+13 4.83787453e-16
1.56745541e+13 4.83613900e-16
1.48995507e+13 4.83700631e-16
1.41628662e+13 4.83653112e-16
1.34626058e+13 4.83666154e-16
1.27969687e+13 4.83600244e-16
1.21642429e+13 4.83935151e-16
1.15628013e+13 4.83911627e-16
1.09910970e+13 4.83818506e-16
1.04476597e+13 4.83881600e-16
9.93109181e+12 4.83700507e-16
9.44006479e+12 4.83810206e-16
8.97331581e+12 4.83873905e-16
8.52964450e+12 4.84026117e-16
8.10790981e+12 4.83733591e-16
7.70702711e+12 4.84029327e-16
7.32596543e+12 4.83945832e-16
6.96374473e+12 4.83649525e-16
6.61943346e+12 4.83863605e-16
6.29214611e+12 4.83982323e-16
5.98104096e+12 4.83919675e-16
5.68531791e+12 4.83850001e-16
5.40421642e+12 4.84001142e-16
5.13701354e+12 4.83957784e-16
4.88302209e+12 4.84028183e-16
4.64158883e+12 4.83980862e-16
4.41209286e+12 4.83891459e-16
4.19394396e+12 4.83905924e-16
3.98658107e+12 4.83917599e-16
3.78947092e+12 4.84011425e-16
3.60210656e+12 4.84024585e-16
3.42400614e+12 4.84021695e-16
3.25471161e+12 4.84047063e-16
3.09378757e+12 4.84026149e-16
2.94082017e+12 4.83971501e-16
2.79541600e+12 4.83945547e-16
2.65720111e+12 4.84004108e-16
2.52582003e+12 4.84026480e-16
2.40093488e+12 4.84077007e-16
2.28222447e+12 4.84073941e-16
2.16938352e+12 4.84113600e-16
2.06212180e+12 4.84116184e-16
1.96016347e+12 4.84032721e-16
1.86324631e+12 4.84077086e-16
1.77112106e+12 4.84049675e-16
1.68355080e+12 4.84069477e-16
1.60031031e+12 4.84077884e-16
1.52118552e+12 4.84046210e-16
1.44597292e+12 4.84028276e-16
1.37447909e+12 4.84055222e-16
1.30652016e+12 4.84065211e-16
1.24192135e+12 4.84093118e-16
1.18051653e+12 4.84067132e-16
1.12214777e+12 4.84066331e-16
1.06666496e+12 4.84089289e-16
1.01392541e+12 4.84072613e-16
9.63793480e+11 4.84075716e-16
9.16140246e+11 4.84090698e-16
8.70843150e+11 4.84078893e-16
8.27785697e+11 4.84086123e-16
7.86857151e+11 4.84065951e-16
7.47952252e+11 4.84084611e-16
7.10970943e+11 4.84082499e-16
6.75818117e+11 4.84089113e-16
6.42403366e+11 4.84086223e-16
6.10640754e+11 4.84083121e-16
5.80448594e+11 4.84084834e-16
5.51749238e+11 4.84086202e-16
5.24468875e+11 4.84087412e-16
4.98537346e+11 4.84091720e-16
4.73887961e+11 4.84094676e-16
4.50457325e+11 4.84092281e-16
4.28185180e+11 4.84099437e-16
4.07014245e+11 4.84093176e-16
3.86890074e+11 4.84103907e-16
3.67760910e+11 4.84094897e-16
3.49577557e+11 4.84095994e-16
3.32293252e+11 4.84103448e-16
3.15863541e+11 4.84102100e-16
3.00246171e+11 4.84088895e-16
2.85400977e+11 4.84103951e-16
2.71289780e+11 4.84101521e-16
2.57876289e+11 4.84106436e-16
2.45126006e+11 4.84101295e-16
2.33006141e+11 4.84099253e-16
2.21485523e+11 4.84106664e-16
2.10534524e+11 4.84094008e-16
2.00124980e+11 4.84101040e-16
1.90230119e+11 4.84100062e-16
1.80824493e+11 4.84103986e-16
1.71883914e+11 4.84102033e-16
1.63385388e+11 4.84103007e-16
1.55307057e+11 4.84102195e-16
1.47628147e+11 4.84105752e-16
1.40328908e+11 4.84103551e-16
1.33390569e+11 4.84104613e-16
1.26795285e+11 4.84104013e-16
1.20526094e+11 4.84101068e-16
1.14566873e+11 4.84106243e-16
1.08902296e+11 4.84105365e-16
1.03517796e+11 4.84105881e-16
9.83995230e+10 4.84101888e-16
9.35343152e+10 4.84105052e-16
8.89096599e+10 4.84105358e-16
8.45136633e+10 4.84103530e-16
8.03350198e+10 4.84106321e-16
7.63629826e+10 4.84106382e-16
7.25873365e+10 4.84105893e-16
6.89983712e+10 4.84104856e-16
6.55868566e+10 4.84105036e-16
6.23440189e+10 4.84106681e-16
5.92615181e+10 4.84105880e-16
5.63314267e+10 4.84108290e-16
5.35462090e+10 4.84107372e-16
5.08987019e+10 4.84107263e-16
4.83820966e+10 4.84107733e-16
4.59899209e+10 4.84107826e-16
4.37160225e+10 4.84107021e-16
4.15545533e+10 4.84108951e-16
3.94999546e+10 4.84107692e-16
3.75469422e+10 4.84107703e-16
3.56904935e+10 4.84108965e-16
3.39258338e+10 4.84108872e-16
3.22484250e+10 4.84109612e-16
3.06539530e+10 4.84109030e-16
2.91383170e+10 4.84109003e-16
2.76976194e+10 4.84109186e-16
2.63281547e+10 4.84108825e-16
2.50264010e+10 4.84109901e-16
2.37890104e+10 4.84109233e-16
2.26128007e+10 4.84109886e-16
2.14947467e+10 4.84109882e-16
2.04319732e+10 4.84110187e-16
1.94217468e+10 4.84110497e-16
1.84614695e+10 4.84110685e-16
1.75486715e+10 4.84110971e-16
1.66810054e+10 4.84110724e-16
1.58562396e+10 4.84111013e-16
1.50722531e+10 4.84111207e-16
1.43270295e+10 4.84111436e-16
1.36186524e+10 4.84111880e-16
1.29452998e+10 4.84112380e-16
1.23052400e+10 4.84112524e-16
1.16968270e+10 4.84113271e-16
1.11184960e+10 4.84113520e-16
1.05687597e+10 4.84113469e-16
1.00462042e+10 4.84114028e-16
9.54948564e+09 4.84114591e-16
9.07732653e+09 4.84114400e-16
8.62851257e+09 4.84115249e-16
8.20188950e+09 4.84115540e-16
7.79636013e+09 4.84115716e-16
7.41088152e+09 4.84116485e-16
7.04446228e+09 4.84117346e-16
6.69616005e+09 4.84117378e-16
6.36507908e+09 4.84117878e-16
6.05036788e+09 4.84118811e-16
5.75121707e+09 4.84119227e-16
5.46685730e+09 4.84119590e-16
5.19655724e+09 4.84120224e-16
4.93962174e+09 4.84121498e-16
4.69539001e+09 4.84121407e-16
4.46323393e+09 4.84122625e-16
4.24255643e+09 4.84123473e-16
4.03278998e+09 4.84124252e-16
3.83339510e+09 4.84125290e-16
3.64385898e+09 4.84126248e-16
3.46369418e+09 4.84127043e-16
3.29243733e+09 4.84128067e-16
3.12964801e+09 4.84129472e-16
2.97490755e+09 4.84130413e-16
2.82781798e+09 4.84131689e-16
2.68800102e+09 4.84132968e-16
2.55509709e+09 4.84134284e-16
2.42876438e+09 4.84135330e-16
2.30867799e+09 4.84136932e-16
2.19452909e+09 4.84138311e-16
2.08602409e+09 4.84140108e-16
1.98288395e+09 4.84141862e-16
1.88484341e+09 4.84143762e-16
1.79165033e+09 4.84145542e-16
1.70306503e+09 4.84147535e-16
1.61885969e+09 4.84149571e-16
1.53881775e+09 4.84151881e-16
1.46273336e+09 4.84154049e-16
1.39041083e+09 4.84156603e-16
1.32166418e+09 4.84159010e-16
1.25631660e+09 4.84161844e-16
1.19420003e+09 4.84164745e-16
1.13515471e+09 4.84167726e-16
1.07902879e+09 4.84170863e-16
1.02567793e+09 4.84174119e-16
9.74964918e+08 4.84177624e-16
9.26759330e+08 4.84181190e-16
8.80937190e+08 4.84185062e-16
8.37380654e+08 4.84189040e-16
7.95977700e+08 4.84193319e-16
7.56621850e+08 4.84197738e-16
7.19211887e+08 4.84202427e-16
6.83651600e+08 4.84207456e-16
6.49849535e+08 4.84212660e-16
6.17718760e+08 4.84218185e-16
5.87176639e+08 4.84223867e-16
5.58144625e+08 4.84229945e-16
5.30548053e+08 4.84236302e-16
5.04315949e+08 4.84243030e-16
4.79380850e+08 4.84250040e-16
4.55678627e+08 4.84257478e-16
4.33148322e+08 4.84265305e-16
4.11731993e+08 4.84273481e-16
3.91374560e+08 4.84282145e-16
3.72023668e+08 4.84291251e-16
3.53629550e+08 4.84300767e-16
3.36144900e+08 4.84310838e-16
3.19524751e+08 4.84321406e-16
3.03726358e+08 4.84332553e-16
2.88709092e+08 4.84344250e-16
2.74434330e+08 4.84356598e-16
2.60865362e+08 4.84369557e-16
2.47967289e+08 4.84383176e-16
2.35706941e+08 4.84397518e-16
2.24052787e+08 4.84412636e-16
2.12974854e+08 4.84428493e-16
2.02444651e+08 4.84445191e-16
1.92435098e+08 4.84462770e-16
1.82920450e+08 4.84481251e-16
1.73876240e+08 4.84500709e-16
1.65279206e+08 4.84521141e-16
1.57107239e+08 4.84542666e-16
1.49339322e+08 4.84565322e-16
1.41955477e+08 4.84589114e-16
1.34936714e+08 4.84614190e-16
1.28264983e+08 4.84640543e-16
1.21923125e+08 4.84668267e-16
1.15894830e+08 4.84697446e-16
1.10164595e+08 4.84728142e-16
1.04717682e+08 4.84760421e-16
9.95400829e+07 4.84794394e-16
9.46184819e+07 4.84830120e-16
8.99402217e+07 4.84867718e-16
8.54932707e+07 4.84907259e-16
8.12661920e+07 4.84948856e-16
7.72481145e+07 4.84992634e-16
7.34287045e+07 4.85038674e-16
6.97981391e+07 4.85087118e-16
6.63470812e+07 4.85138075e-16
6.30666554e+07 4.85191682e-16
5.99484250e+07 4.85248082e-16
5.69843706e+07 4.85307413e-16
5.41668691e+07 4.85369827e-16
5.14886745e+07 4.85435497e-16
4.89428990e+07 4.85504571e-16
4.65229952e+07 4.85577249e-16
4.42227398e+07 4.85653697e-16
4.20362168e+07 4.85734128e-16
3.99578030e+07 4.85818741e-16
3.79821531e+07 4.85907754e-16
3.61041860e+07 4.86001398e-16
3.43190720e+07 4.86099914e-16
3.26222201e+07 4.86203555e-16
3.10092664e+07 4.86312586e-16
2.94760626e+07 4.86427286e-16
2.80186656e+07 4.86547955e-16
2.66333273e+07 4.86674899e-16
2.53164848e+07 4.86808447e-16
2.40647515e+07 4.86948941e-16
2.28749082e+07 4.87096741e-16
2.17438948e+07 4.87252235e-16
2.06688025e+07 4.87415812e-16
1.96468665e+07 4.87587898e-16
1.86754584e+07 4.87768932e-16
1.77520801e+07 4.87959386e-16
1.68743568e+07 4.88159748e-16
1.60400311e+07 4.88370530e-16
1.52469573e+07 4.88592276e-16
1.44930957e+07 4.88825557e-16
1.37765077e+07 4.89070971e-16
1.30953502e+07 4.89329150e-16
1.24478715e+07 4.89600759e-16
1.18324063e+07 4.89886496e-16
1.12473718e+07 4.90187096e-16
1.06912634e+07 4.90503331e-16
1.01626509e+07 4.90836015e-16
9.66017480e+06 4.91186002e-16
9.18254284e+06 4.91554196e-16
8.72852662e+06 4.91941542e-16
8.29695852e+06 4.92349034e-16
7.88672862e+06 4.92777723e-16
7.49678187e+06 4.93228710e-16
7.12611543e+06 4.93703156e-16
6.77377600e+06 4.94202279e-16
6.43885743e+06 4.94727365e-16
6.12049837e+06 4.95279763e-16
5.81788007e+06 4.95860895e-16
5.53022426e+06 4.96472253e-16
5.25679112e+06 4.97115412e-16
4.99687745e+06 4.97792025e-16
4.74981480e+06 4.98503832e-16
4.51496777e+06 4.99252664e-16
4.29173238e+06 5.00040447e-16
4.07953450e+06 5.00869206e-16
3.87782841e+06 5.01741073e-16
3.68609536e+06 5.02658291e-16
3.50384225e+06 5.03623218e-16
3.33060034e+06 5.04638336e-16
3.16592411e+06 5.05706256e-16
3.00939003e+06 5.06829723e-16
2.86059554e+06 5.08011629e-16
2.71915794e+06 5.09255011e-16
2.58471351e+06 5.10563067e-16
2.45691646e+06 5.11939164e-16
2.33543814e+06 5.13386837e-16
2.21996612e+06 5.14909813e-16
2.11020343e+06 5.16512005e-16
2.00586778e+06 5.18197537e-16
1.90669084e+06 5.19970741e-16
1.81241755e+06 5.21836179e-16
1.72280545e+06 5.23798649e-16
1.63762407e+06 5.25863196e-16
1.55665436e+06 5.28035132e-16
1.47968806e+06 5.30320042e-16
1.40652724e+06 5.32723801e-16
1.33698374e+06 5.35252593e-16
1.27087871e+06 5.37912921e-16
1.20804213e+06 5.40711626e-16
1.14831241e+06 5.43655906e-16
1.09153594e+06 5.46753334e-16
1.03756668e+06 5.50011876e-16
9.86265846e+05 5.53439911e-16
9.37501502e+05 5.57046257e-16
8.91148232e+05 5.60840187e-16
8.47086827e+05 5.64831460e-16
8.05203967e+05 5.69030340e-16
7.65391939e+05 5.73447626e-16
7.27548353e+05 5.78094679e-16
6.91575883e+05 5.82983449e-16
6.57382014e+05 5.88126509e-16
6.24878807e+05 5.93537088e-16
5.93982669e+05 5.99229099e-16
5.64614142e+05 6.05217182e-16
5.36697695e+05 6.11516737e-16
5.10161531e+05 6.18143965e-16
4.84937407e+05 6.25115910e-16
4.60960449e+05 6.32503975e-16
4.38168993e+05 6.40220075e-16
4.16504425e+05 6.48337530e-16
3.95911027e+05 6.56877218e-16
3.76335836e+05 6.65861100e-16
3.57728510e+05 6.75312281e-16
3.40041193e+05 6.85255070e-16
3.23228398e+05 6.95715035e-16
3.07246884e+05 7.06719080e-16
2.92055551e+05 7.18295504e-16
2.77615329e+05 7.30474080e-16
2.63889081e+05 7.43286129e-16
2.50841506e+05 7.56764601e-16
2.38439047e+05 7.70944162e-16
2.26649808e+05 7.85861278e-16
2.15443469e+05 8.01554315e-16
2.04791210e+05 8.18063631e-16
1.94665634e+05 8.35431686e-16
1.85040702e+05 8.53703149e-16
1.75891659e+05 8.73076440e-16
1.67194976e+05 8.93298073e-16
1.58928287e+05 9.14571543e-16
1.51070330e+05 9.36951564e-16
1.43600898e+05 9.60495693e-16
1.36500781e+05 9.85264483e-16
1.29751717e+05 1.01132163e-15
1.23336350e+05 1.03916364e-15
1.17238180e+05 1.06800163e-15
1.11441525e+05 1.09833964e-15
1.05931476e+05 1.13025570e-15
1.00693863e+05 1.16383190e-15
9.57152154e+04 1.19915459e-15
9.09827289e+04 1.23631461e-15
8.64842328e+04 1.27540753e-15
8.22081576e+04 1.31653390e-15
7.81435061e+04 1.35979949e-15
7.42798248e+04 1.40531557e-15
7.06071771e+04 1.45319921e-15
6.71161177e+04 1.50357356e-15
6.37976681e+04 1.55656817e-15
6.06432940e+04 1.61231935e-15
5.76448828e+04 1.67097047e-15
5.47947234e+04 1.73267239e-15
5.20854855e+04 1.79758380e-15
4.95102016e+04 1.86587165e-15
4.70622485e+04 1.93771156e-15
4.47353305e+04 2.01328831e-15
4.25234633e+04 2.09279628e-15
4.04209584e+04 2.17643995e-15
3.84224085e+04 2.26443446e-15
3.65226736e+04 2.35700612e-15
3.47168682e+04 2.45439303e-15
3.30003479e+04 2.55684566e-15
3.13686982e+04 2.66462753e-15
2.98177229e+04 2.77801584e-15
2.83434331e+04 2.89730224e-15
2.69420371e+04 3.02279354e-15
2.56099310e+04 3.15481249e-15
2.43436887e+04 3.29369867e-15
2.31400538e+04 3.43980929e-15
2.19959307e+04 3.59352017e-15
2.09083769e+04 3.75522666e-15
1.98745955e+04 3.92534469e-15
1.88919278e+04 4.10431183e-15
1.79578465e+04 4.29258839e-15
1.70699493e+04 4.49065867e-15
1.62259529e+04 4.69903213e-15
1.54236865e+04 4.91952916e-15
1.46610868e+04 5.15014634e-15
1.39361927e+04 5.39275980e-15
1.32471399e+04 5.64799363e-15
1.25921561e+04 5.91650435e-15
1.19695570e+04 6.19898265e-15
1.13777413e+04 6.49615516e-15
1.08151870e+04 6.80878631e-15
1.02804473e+04 7.13768032e-15
9.77214697e+03 7.48368323e-15
9.28897872e+03 7.84768512e-15
8.82969996e+03 8.23062238e-15
8.39312950e+03 8.63348011e-15
7.97814457e+03 9.05729469e-15
7.58367791e+03 9.50315642e-15
7.20871503e+03 9.97221234e-15
6.85229160e+03 1.04656692e-14
6.51349095e+03 1.09847965e-14
6.19144176e+03 1.15309298e-14
5.88531578e+03 1.21054742e-14
5.59432571e+03 1.27099081e-14
5.31772318e+03 1.33457864e-14
5.05479682e+03 1.40147454e-14
4.80487044e+03 1.47185063e-14
4.56730127e+03 1.54588799e-14
4.34147833e+03 1.62377714e-14
4.12682085e+03 1.70571850e-14
3.92277676e+03 1.79192294e-14
3.72882131e+03 1.88261230e-14
3.54445567e+03 1.97801995e-14
3.36920571e+03 2.07839145e-14
3.20262069e+03 2.18398512e-14
3.04427221e+03 2.29507272e-14
2.89375302e+03 2.41194018e-14
2.75067601e+03 2.53488833e-14
2.61467321e+03 2.66423362e-14
2.48539486e+03 2.80030904e-14
2.36250847e+03 2.94346488e-14
2.24569800e+03 3.09406970e-14
2.13466303e+03 3.25251124e-14
2.02911802e+03 3.41919745e-14
1.92879151e+03 3.59455753e-14
1.83342548e+03 3.77904305e-14
1.74277468e+03 3.97312911e-14
1.65660596e+03 4.17731556e-14
1.57469771e+03 4.39212831e-14
1.49683929e+03 4.61812069e-14
1.42283046e+03 4.85587484e-14
1.35248087e+03 5.10600330e-14
1.28560961e+03 5.36915053e-14
1.22204469e+03 5.64599457e-14
1.16162263e+03 5.93724887e-14
1.10418805e+03 6.24366408e-14
1.04959323e+03 6.56603000e-14
9.97697764e+02 6.90517766e-14
9.48368187e+02 7.26198146e-14
9.01477631e+02 7.63736144e-14
8.56905505e+02 8.03228568e-14
8.14537177e+02 8.44777280e-14
7.74263683e+02 8.88489464e-14
7.35981448e+02 9.34477905e-14
6.99592017e+02 9.82861279e-14
6.65001803e+02 1.03376447e-13
6.32121848e+02 1.08731888e-13
6.00867589e+02 1.14366280e-13
5.71158648e+02 1.20294174e-13
5.42918618e+02 1.26530884e-13
5.16074871e+02 1.33092524e-13
4.90558371e+02 1.39996054e-13
4.66303493e+02 1.47259320e-13
4.43247859e+02 1.54901105e-13
4.21332174e+02 1.62941178e-13
4.00500076e+02 1.71400341e-13
3.80697987e+02 1.80300492e-13
3.61874981e+02 1.89664676e-13
3.43982649e+02 1.99517150e-13
3.26974974e+02 2.09883447e-13
3.10808217e+02 2.20790441e-13
2.95440800e+02 2.32266422e-13
2.80833200e+02 2.44341169e-13
2.66947849e+02 2.57046031e-13
2.53749038e+02 2.70414012e-13
2.41202821e+02 2.84479856e-13
2.29276931e+02 2.99280145e-13
2.17940698e+02 3.14853396e-13
2.07164968e+02 3.31240162e-13
1.96922026e+02 3.48483150e-13
1.87185529e+02 3.66627330e-13
1.77930439e+02 3.85720063e-13
1.69132952e+02 4.05811227e-13
1.60770442e+02 4.26953360e-13
1.52821404e+02 4.49201800e-13
1.45265393e+02 4.72614843e-13
1.38082977e+02 4.97253907e-13
1.31255684e+02 5.23183699e-13
1.24765955e+02 5.50472407e-13
1.18597101e+02 5.79191886e-13
1.12733256e+02 6.09417868e-13
1.07159340e+02 6.41230183e-13
1.01861017e+02 6.74712985e-13
9.68246612e+01 7.09955004e-13
9.20373200e+01 7.47049809e-13
8.74866812e+01 7.86096081e-13
8.31610415e+01 8.27197916e-13
7.90492762e+01 8.70465143e-13
7.51408106e+01 9.16013655e-13
7.14255929e+01 9.63965776e-13
6.78940681e+01 1.01445064e-12
6.45371540e+01 1.06760463e-12
6.13462172e+01 1.12357175e-12
5.83130511e+01 1.18250420e-12
5.54298552e+01 1.24456279e-12
5.26892142e+01 1.30991754e-12
5.00840799e+01 1.37874825e-12
4.76077523e+01 1.45124513e-12
4.52538628e+01 1.52760947e-12
4.30163576e+01 1.60805440e-12
4.08894823e+01 1.69280567e-12
3.88677669e+01 1.78210252e-12
3.69460121e+01 1.87619858e-12
3.51192753e+01 1.97536293e-12
3.33828586e+01 2.07988117e-12
3.17322963e+01 2.19005661e-12
3.01633435e+01 2.30621162e-12
2.86719650e+01 2.42420272e-12
2.72543253e+01 2.55264524e-12
2.59067786e+01 2.68804808e-12
2.46258592e+01 2.83080712e-12
2.34082728e+01 2.98134301e-12
2.22508880e+01 3.14010307e-12
2.11507282e+01 3.30756318e-12
2.01049642e+01 3.48423004e-12
1.91109062e+01 3.67064346e-12
1.81659979e+01 3.86737898e-12
1.72678090e+01 4.07505070e-12
1.64140297e+01 4.29431438e-12
1.56024641e+01 4.52587078e-12
1.48310251e+01 4.77045974e-12
1.40977287e+01 5.02876784e-12
1.34006890e+01 5.30166012e-12
1.27381132e+01 5.59022270e-12
1.21082975e+01 5.89551302e-12
1.15096220e+01 6.21839953e-12
1.09405471e+01 6.56012735e-12
1.03996091e+01 6.92190181e-12
9.88541702e+00 7.30502324e-12
9.39664831e+00 7.71092683e-12
8.93204600e+00 8.14114506e-12
8.49041520e+00 8.59734156e-12
8.07062014e+00 9.08131084e-12
7.67158118e+00 9.59499483e-12
7.29227206e+00 1.01404966e-11
6.93171728e+00 1.07200929e-11
6.58898955e+00 1.13362518e-11
6.26320745e+00 1.19916491e-11
5.95353313e+00 1.26891873e-11
5.65917016e+00 1.34320155e-11
5.37936150e+00 1.42235509e-11
5.11338754e+00 1.50675016e-11
4.86056423e+00 1.59678908e-11
4.62024137e+00 1.69290826e-11
4.39180089e+00 1.79558081e-11
4.17465529e+00 1.90531929e-11
3.96824610e+00 2.02267854e-11
3.77204249e+00 2.14825841e-11
3.58553986e+00 2.28270653e-11
3.40825855e+00 2.42672080e-11
3.23974263e+00 2.58105162e-11
3.07955871e+00 2.74650352e-11
2.92729484e+00 2.92393589e-11
2.78255940e+00 3.11426242e-11
2.64498018e+00 3.31844844e-11
2.51420335e+00 3.53750545e-11
2.38989257e+00 3.77248159e-11
2.27172813e+00 4.02444666e-11
2.15940615e+00 4.29447007e-11
2.05263775e+00 4.58358976e-11
1.95114835e+00 4.88712329e-11
1.85467692e+00 5.21623346e-11
1.76297538e+00 5.56677662e-11
1.67580786e+00 5.93910538e-11
1.59295021e+00 6.33319707e-11
1.51418933e+00 6.76016119e-11
1.43932264e+00 7.19726137e-11
1.36815763e+00 7.65289504e-11
1.30051125e+00 8.12444412e-11
1.23620954e+00 8.60860106e-11
1.17508713e+00 9.10100985e-11
1.11698682e+00 9.59651497e-11
1.06175918e+00 1.00891869e-10
1.00926219e+00 1.05724666e-10
9.59360829e-01 1.10393680e-10
9.11926760e-01 1.14827256e-10
8.66837993e-01 1.18954696e-10
8.23978568e-01 1.22709047e-10
7.83238260e-01 1.26029698e-10
7.44512291e-01 1.28864560e-10
7.07701066e-01 1.31171700e-10
6.72709914e-01 1.32920351e-10
6.39448843e-01 1.34091306e-10
6.07832313e-01 1.34676778e-10
5.77779012e-01 1.34679830e-10
5.49211648e-01 1.34113520e-10
5.22056753e-01 1.32999845e-10
4.96244488e-01 1.31368600e-10
4.71708469e-01 1.29256189e-10
4.48385595e-01 1.26704408e-10
4.26215883e-01 1.23752083e-10
4.05142317e-01 1.20457734e-10
3.85110700e-01 1.16868485e-10
3.66069515e-01 1.13035577e-10
3.47969790e-01 1.09009730e-10
3.30764978e-01 1.04840087e-10
3.14410830e-01 1.00573283e-10
2.98865287e-01 9.62526496e-11
2.84088369e-01 9.19176115e-11
2.70042072e-01 8.76032778e-11
2.56690272e-01 8.33402527e-11
2.43998630e-01 7.74390766e-11
2.31934506e-01 7.34949477e-11
2.20466874e-01 6.96827652e-11
2.09566240e-01 6.72529117e-11
1.99204571e-01 6.35487248e-11
1.89355218e-01 5.99894988e-11
1.79992851e-01 5.65790129e-11
1.71093391e-01 5.33187828e-11
1.62633950e-01 5.02084671e-11
1.54592774e-01 4.72462394e-11
1.46949180e-01 4.44291189e-11
1.39683512e-01 4.17532604e-11
1.32777083e-01 3.92141986e-11
1.26212131e-01 3.68070521e-11
1.19971774e-01 3.45266895e-11
1.14039960e-01 3.23678614e-11
1.08401436e-01 3.03253030e-11
1.03041699e-01 2.83938108e-11
9.79469667e-02 2.65682980e-11
9.31041349e-02 2.48438330e-11
8.85007491e-02 2.32156634e-11
8.41249705e-02 2.16792289e-11
7.99655453e-02 2.02301663e-11
7.60117762e-02 1.88643078e-11
7.22534949e-02 1.75821111e-11
6.86810359e-02 1.63704461e-11
6.52852114e-02 1.52304176e-11
6.20572881e-02 1.41585944e-11
5.89889643e-02 1.31516991e-11
5.60723488e-02 1.22057928e-11
5.32999408e-02 1.13203106e-11
5.06646101e-02 1.04906611e-11
4.81595791e-02 9.71402143e-12
4.57784054e-02 8.98767414e-12
4.35149650e-02 8.30900141e-12
4.13634368e-02 7.67548070e-12
3.93182876e-02 7.08468101e-12
3.73742574e-02 6.53426011e-12
3.55263468e-02 6.02196227e-12
3.37698031e-02 5.54585061e-12
3.21001090e-02 5.10334862e-12
3.05129702e-02 4.69269559e-12
2.90043049e-02 4.31197042e-12
2.75702333e-02 3.95933321e-12
2.62070670e-02 3.63302425e-12
2.49113003e-02 3.33136298e-12
2.36796007e-02 3.05274686e-12
2.25088005e-02 2.79565023e-12
2.13958887e-02 2.56853121e-12
2.03380031e-02 2.34878493e-12
1.93324229e-02 2.14649293e-12
1.83765620e-02 1.96044944e-12
1.74679622e-02 1.78950994e-12
1.66042866e-02 1.63259014e-12
1.57833141e-02 1.48866487e-12
1.50029332e-02 1.35676696e-12
1.42611371e-02 1.23598601e-12
1.35560179e-02 1.12479074e-12
1.28857621e-02 1.02416056e-12
1.22486461e-02 9.32149325e-13
1.16430313e-02 8.48070211e-13
1.10673602e-02 7.71284484e-13
1.05201522e-02 7.01198973e-13
1.00000000e-02 6.37263545e-13
