1.00000000e-02	8.10665237e-05
1.10684849e-02	7.24867741e-05
1.22511358e-02	6.39731657e-05
1.35601511e-02	5.58368407e-05
1.50090328e-02	4.82771691e-05
1.66127252e-02	4.14029433e-05
1.83877698e-02	3.52571443e-05
2.03524752e-02	2.98380771e-05
2.25271064e-02	2.51150800e-05
2.49340937e-02	2.10396029e-05
2.75982639e-02	1.75530548e-05
3.05470967e-02	1.45924644e-05
3.38110078e-02	1.20945177e-05
3.74236629e-02	9.99842410e-06
4.14223247e-02	8.24768942e-06
4.58482375e-02	6.79113657e-06
5.07470524e-02	5.58331756e-06
5.61692982e-02	4.58450008e-06
6.21709029e-02	3.76044899e-06
6.88137699e-02	3.08185881e-06
7.61664172e-02	2.52392492e-06
8.43046837e-02	2.06580213e-06
9.33125118e-02	1.69005350e-06
1.03282813e-01	1.38213293e-06
1.14318425e-01	1.12999446e-06
1.26533176e-01	9.23657728e-07
1.40053055e-01	7.54885661e-07
1.55017512e-01	6.16922606e-07
1.71580899e-01	5.04161029e-07
1.89914058e-01	4.12059280e-07
2.10206088e-01	3.36838285e-07
2.32666291e-01	2.75430174e-07
2.57526333e-01	2.25322085e-07
2.85042632e-01	1.84407210e-07
3.15499006e-01	1.51034076e-07
3.49209598e-01	1.23804800e-07
3.86522116e-01	1.01587151e-07
4.27821420e-01	8.34568168e-08
4.73533492e-01	6.86566451e-08
5.24129830e-01	5.65694498e-08
5.80132310e-01	4.66933029e-08
6.42118571e-01	3.86184619e-08
7.10727970e-01	3.20100565e-08
7.86668179e-01	2.65995668e-08
8.70722485e-01	2.21643449e-08
9.63757866e-01	1.85242528e-08
1.06673394e+00	1.55325508e-08
1.18071285e+00	1.30696716e-08
1.30687023e+00	1.10382002e-08
1.44650734e+00	9.35879245e-09
1.60106446e+00	7.96685009e-09
1.77213578e+00	6.80980570e-09
1.96148581e+00	5.84490233e-09
2.17106760e+00	5.03737699e-09
2.40304289e+00	4.35897574e-09
2.65980440e+00	3.78673757e-09
2.94400048e+00	3.30200164e-09
3.25856248e+00	2.88959621e-09
3.60673495e+00	2.53717752e-09
3.99210913e+00	2.23469305e-09
4.41865996e+00	1.97395094e-09
4.89078709e+00	1.74822388e-09
5.41336030e+00	1.55197685e-09
5.99176967e+00	1.38081316e-09
6.63198120e+00	1.23092458e-09
7.34059837e+00	1.09925826e-09
8.12493021e+00	9.83233399e-10
8.99306672e+00	8.80707383e-10
9.95396231e+00	7.89876693e-10
1.10175281e+01	7.09221085e-10
1.21947344e+01	6.37474142e-10
1.34977233e+01	5.73540590e-10
1.49399346e+01	5.16482133e-10
1.65362441e+01	4.65433790e-10
1.83031168e+01	4.19743501e-10
2.02587771e+01	3.78803826e-10
2.24233968e+01	3.42085180e-10
2.48193029e+01	3.09124244e-10
2.74712079e+01	2.79514270e-10
3.04064649e+01	2.53313668e-10
3.36553498e+01	2.29265899e-10
3.72513730e+01	2.07641905e-10
4.12316259e+01	1.88186147e-10
4.56371628e+01	1.70672415e-10
5.05134247e+01	1.54899958e-10
5.59107078e+01	1.40690238e-10
6.18846824e+01	1.27884162e-10
6.84969672e+01	1.16339727e-10
7.58157646e+01	1.05929997e-10
8.39165644e+01	9.65413545e-11
9.28829225e+01	8.80719916e-11
1.02807322e+02	8.04305910e-11
1.13792129e+02	7.35347452e-11
1.25950646e+02	6.73115920e-11
1.39408283e+02	6.16946257e-11
1.54303847e+02	5.66242204e-11
1.70790980e+02	5.20467744e-11
1.89039738e+02	4.79140262e-11
2.09238348e+02	4.41825051e-11
2.31595149e+02	4.08130429e-11
2.56340741e+02	3.77703373e-11
2.83730362e+02	3.50225617e-11
3.14046522e+02	3.25410168e-11
3.47601918e+02	3.02998171e-11
3.84742658e+02	2.82756119e-11
4.25851829e+02	2.64473328e-11
4.71353453e+02	2.47959682e-11
5.21716858e+02	2.33043605e-11
5.77461515e+02	2.19570233e-11
6.39162405e+02	2.07399774e-11
7.07455942e+02	1.96406027e-11
7.83046540e+02	1.86475055e-11
8.66713880e+02	1.77503985e-11
9.59320948e+02	1.69399925e-11
1.06182294e+03	1.62078994e-11
1.17527712e+03	1.55465444e-11
1.30085370e+03	1.49490864e-11
1.43984795e+03	1.44093474e-11
1.59369353e+03	1.39217473e-11
1.76397728e+03	1.34812464e-11
1.95245558e+03	1.30832925e-11
2.16107251e+03	1.27237741e-11
2.39197984e+03	1.23989773e-11
2.64755927e+03	1.21055472e-11
2.93044698e+03	1.18404537e-11
3.24356081e+03	1.16009592e-11
3.59013038e+03	1.13845911e-11
3.97373038e+03	1.11891156e-11
4.39831747e+03	1.10125148e-11
4.86827104e+03	1.08529657e-11
5.38843844e+03	1.07088217e-11
5.96418495e+03	1.05785949e-11
6.60144909e+03	1.04609416e-11
7.30680395e+03	1.03546474e-11
8.08752491e+03	1.02586157e-11
8.95166472e+03	1.01718554e-11
9.90813657e+03	1.00934713e-11
1.09668060e+04	1.00226547e-11
1.21385926e+04	9.95867486e-12
1.34355829e+04	9.90087180e-12
1.48711546e+04	9.84864909e-12
1.64601150e+04	9.80146797e-12
1.82188534e+04	9.75884171e-12
2.01655104e+04	9.72033056e-12
2.23201647e+04	9.68553722e-12
2.47050406e+04	9.65410276e-12
2.73447368e+04	9.62570291e-12
3.02664806e+04	9.60004474e-12
3.35004083e+04	9.57686351e-12
3.70798763e+04	9.55592129e-12
4.10418050e+04	9.53699971e-12
4.54270599e+04	9.51990475e-12
5.02808725e+04	9.50446008e-12
5.56533078e+04	9.49050636e-12
6.15997796e+04	9.47789969e-12
6.81816229e+04	9.46650999e-12
7.54667263e+04	9.45621981e-12
8.35302320e+04	9.44692300e-12
9.24553110e+04	9.43852366e-12
1.02334021e+05	9.43093513e-12
1.13268257e+05	9.42407919e-12
1.25370799e+05	9.41788506e-12
1.38766479e+05	9.41228888e-12
1.53593468e+05	9.40723293e-12
1.70004698e+05	9.40266381e-12
1.88169442e+05	9.39853690e-12
2.08275063e+05	9.39480793e-12
2.30528939e+05	9.39143934e-12
2.55160607e+05	9.38839593e-12
2.82424133e+05	9.38564629e-12
3.12600724e+05	9.38316211e-12
3.46001639e+05	9.38091773e-12
3.82971391e+05	9.37889002e-12
4.23891306e+05	9.37705806e-12
4.69183451e+05	9.37540276e-12
5.19314994e+05	9.37390742e-12
5.74803016e+05	9.37255641e-12
6.36219849e+05	9.37133586e-12
7.04198979e+05	9.37023309e-12
7.79441575e+05	9.36923679e-12
8.62723729e+05	9.36833666e-12
9.54904456e+05	9.36752345e-12
1.05693455e+06	9.36678872e-12
1.16986641e+06	9.36612492e-12
1.29486487e+06	9.36552519e-12
1.43321923e+06	9.36498337e-12
1.58635653e+06	9.36449385e-12
1.75585633e+06	9.36405158e-12
1.94346693e+06	9.36365196e-12
2.15112343e+06	9.36329096e-12
2.38096772e+06	9.36296480e-12
2.63537052e+06	9.36267013e-12
2.91695588e+06	9.36240392e-12
3.22862820e+06	9.36216340e-12
3.57360225e+06	9.36194608e-12
3.95543624e+06	9.36174977e-12
4.37806863e+06	9.36157237e-12
4.84585864e+06	9.36141213e-12
5.36363132e+06	9.36126735e-12
5.93672722e+06	9.36113654e-12
6.57105755e+06	9.36101836e-12
7.27316511e+06	9.36091161e-12
8.05029181e+06	9.36081514e-12
8.91045332e+06	9.36072799e-12
9.86252179e+06	9.36064925e-12
1.09163173e+07	9.36057811e-12
1.20827094e+07	9.36051385e-12
1.33737286e+07	9.36045577e-12
1.48026913e+07	9.36040332e-12
1.63843365e+07	9.36035592e-12
1.81349780e+07	9.36031309e-12
2.00726730e+07	9.36027441e-12
2.22174078e+07	9.36023945e-12
2.45913043e+07	9.36020788e-12
2.72188479e+07	9.36017934e-12
3.01271407e+07	9.36015356e-12
3.33461802e+07	9.36013026e-12
3.69091691e+07	9.36010922e-12
4.08528580e+07	9.36009022e-12
4.52179242e+07	9.36007305e-12
5.00493910e+07	9.36005753e-12
5.53970928e+07	9.36004351e-12
6.13161884e+07	9.36003085e-12
6.78677305e+07	9.36001943e-12
7.51192949e+07	9.36000908e-12
8.31456781e+07	9.35999971e-12
9.20296681e+07	9.35999129e-12
1.01862899e+08	9.35998367e-12
1.12746796e+08	9.35997678e-12
1.24793621e+08	9.35997050e-12
1.38127630e+08	9.35996496e-12
1.52886359e+08	9.35995982e-12
1.69222035e+08	9.35995523e-12
1.87303154e+08	9.35995098e-12
2.07316213e+08	9.35994734e-12
2.29467637e+08	9.35994394e-12
2.53985907e+08	9.35994083e-12
2.81123917e+08	9.35993818e-12
3.11161583e+08	9.35993566e-12
3.44408728e+08	9.35993339e-12
3.81208280e+08	9.35993114e-12
4.21939808e+08	9.35992953e-12
4.67023439e+08	9.35992776e-12
5.16924187e+08	9.35992621e-12
5.72156756e+08	9.35992477e-12
6.33290840e+08	9.35992367e-12
7.00957009e+08	9.35992248e-12
7.75853206e+08	9.35992133e-12
8.58751948e+08	9.35992036e-12
9.50508296e+08	9.35991898e-12
1.05206867e+09	9.35991890e-12
1.16448062e+09	9.35991819e-12
1.28890361e+09	9.35991771e-12
1.42662102e+09	9.35991654e-12
1.57905331e+09	9.35991647e-12
1.74777277e+09	9.35991607e-12
1.93451965e+09	9.35991564e-12
2.14122015e+09	9.35991463e-12
2.37000629e+09	9.35991449e-12
2.62323788e+09	9.35991401e-12
2.90352688e+09	9.35991342e-12
3.21376434e+09	9.35991200e-12
3.55715021e+09	9.35991283e-12
3.93722633e+09	9.35991180e-12
4.35791301e+09	9.35991061e-12
4.82354943e+09	9.35991216e-12
5.33893840e+09	9.35991111e-12
5.90939590e+09	9.35990925e-12
6.54080591e+09	9.35991355e-12
7.23968114e+09	9.35991286e-12
8.01323013e+09	9.35991285e-12
8.86943166e+09	9.35991116e-12
9.81711702e+09	9.35991059e-12
1.08660611e+10	9.35990345e-12
1.20270833e+10	9.35991272e-12
1.33121590e+10	9.35990583e-12
1.47345431e+10	9.35990789e-12
1.63089068e+10	9.35991007e-12
1.80514888e+10	9.35990522e-12
1.99802631e+10	9.35991433e-12
2.21151240e+10	9.35991046e-12
2.44780916e+10	9.35991182e-12
2.70935387e+10	9.35990185e-12
2.99884423e+10	9.35990122e-12
3.31926620e+10	9.35991414e-12
3.67392478e+10	9.35991691e-12
4.06647809e+10	9.35989707e-12
4.50097513e+10	9.35989701e-12
4.98189752e+10	9.35989605e-12
5.51420574e+10	9.35987951e-12
6.10339029e+10	9.35991665e-12
6.75552832e+10	9.35991798e-12
7.47734631e+10	9.35987891e-12
8.27628946e+10	9.35989738e-12
9.16059848e+10	9.35987392e-12
1.01393946e+11	9.35988839e-12
1.12227736e+11	9.35990336e-12
1.24219100e+11	9.35987060e-12
1.37491723e+11	9.35990908e-12
1.52182505e+11	9.35985067e-12
1.68442976e+11	9.35986981e-12
1.86440853e+11	9.35981501e-12
2.06361777e+11	9.35989779e-12
2.28411221e+11	9.35984153e-12
2.52816614e+11	9.35987094e-12
2.79829688e+11	9.35990815e-12
3.09729067e+11	9.35983803e-12
3.42823149e+11	9.35982595e-12
3.79453285e+11	9.35973715e-12
4.19997295e+11	9.35973540e-12
4.64873371e+11	9.35962853e-12
5.14544388e+11	9.35989816e-12
5.69522678e+11	9.35982079e-12
6.30375315e+11	9.35980790e-12
6.97729965e+11	9.36000392e-12
7.72281357e+11	9.35968880e-12
8.54798453e+11	9.35933424e-12
9.46132376e+11	9.35955597e-12
1.04722519e+12	9.35942799e-12
1.15911962e+12	9.35915146e-12
1.28296980e+12	9.35913534e-12
1.42005318e+12	9.35949338e-12
1.57178372e+12	9.35913543e-12
1.73972643e+12	9.35918639e-12
1.92561357e+12	9.35924671e-12
2.13136247e+12	9.35924359e-12
2.35909533e+12	9.35832077e-12
2.61116110e+12	9.35936830e-12
2.89015972e+12	9.35960575e-12
3.19896892e+12	9.35743204e-12
3.54077391e+12	9.35901806e-12
3.91910025e+12	9.35833830e-12
4.33785019e+12	9.35603275e-12
4.80134292e+12	9.35807539e-12
5.31435916e+12	9.35814198e-12
5.88219040e+12	9.35977432e-12
6.51069356e+12	9.35619237e-12
7.20635132e+12	9.35763030e-12
7.97633907e+12	9.35725759e-12
8.82859884e+12	9.36022844e-12
9.77192128e+12	9.35367456e-12
1.08160363e+13	9.35483577e-12
1.19717134e+13	9.35556722e-12
1.32508729e+13	9.35541525e-12
1.46667087e+13	9.35938860e-12
1.62338243e+13	9.35149617e-12
1.79683839e+13	9.35691333e-12
1.98882786e+13	9.35582874e-12
2.20133111e+13	9.34291060e-12
2.43654001e+13	9.34952413e-12
2.69688063e+13	9.35913429e-12
2.98503825e+13	9.34645406e-12
3.30398507e+13	9.36133902e-12
3.65701088e+13	9.34327402e-12
4.04775697e+13	9.36179436e-12
4.48025368e+13	9.36271405e-12
4.95896201e+13	9.34534411e-12
5.48881961e+13	9.34158171e-12
6.07529169e+13	9.33585320e-12
6.72442742e+13	9.29930185e-12
7.44292233e+13	9.32255965e-12
8.23818733e+13	9.32248923e-12
9.11842520e+13	9.33208738e-12
1.00927151e+14	9.34329562e-12
1.11711065e+14	9.34237388e-12
1.23647224e+14	9.39166615e-12
1.36858742e+14	9.28852181e-12
1.51481892e+14	9.34355402e-12
1.67667503e+14	9.35846275e-12
1.85582523e+14	9.27702511e-12
2.05411735e+14	9.37319537e-12
2.27359668e+14	9.36876995e-12
2.51652705e+14	9.29947288e-12
2.78541416e+14	9.41294744e-12
3.08303146e+14	9.41062875e-12
3.41244871e+14	9.11800787e-12
3.77706369e+14	9.14564290e-12
4.18063724e+14	9.10432207e-12
4.62733201e+14	9.23258844e-12
5.12175544e+14	9.35606500e-12
5.66900727e+14	9.07466143e-12
6.27473213e+14	9.21994972e-12
6.94517777e+14	9.24843769e-12
7.68725952e+14	9.17853574e-12
8.50863158e+14	8.91323054e-12
9.41776601e+14	8.91482264e-12
1.04240401e+15	8.91355177e-12
1.15378330e+15	9.02753336e-12
1.27706330e+15	8.84390097e-12
1.41351558e+15	9.02331337e-12
1.56454759e+15	9.06835721e-12
1.73171713e+15	8.51736382e-12
1.91674849e+15	8.62443495e-12
2.12155017e+15	8.63162188e-12
2.34823460e+15	8.75472999e-12
2.59913992e+15	7.97542727e-12
2.87685409e+15	8.13507448e-12
3.18424160e+15	8.26763948e-12
3.52447300e+15	8.39635990e-12
3.90105762e+15	7.54816224e-12
4.31787973e+15	7.71044604e-12
4.77923865e+15	7.92036315e-12
5.28989308e+15	7.06613278e-12
5.85511016e+15	7.23879431e-12
6.48071983e+15	6.42793229e-12
7.17317494e+15	6.64719972e-12
7.93961785e+15	5.93222170e-12
8.78795401e+15	5.34067849e-12
9.72693362e+15	5.55897480e-12
1.07662418e+16	5.10365469e-12
1.19165984e+16	4.41130319e-12
1.31898690e+16	4.04513906e-12
1.45991865e+16	3.50150094e-12
1.61590875e+16	2.77688224e-12
1.78856616e+16	2.48581590e-12
1.97967175e+16	2.21834349e-12
2.19119669e+16	1.71361027e-12
2.42532274e+16	1.30475239e-12
2.68446481e+16	9.89867638e-13
2.97129582e+16	7.86095140e-13
3.28877429e+16	5.10157926e-13
3.64017485e+16	3.63372684e-13
4.02912203e+16	2.22661312e-13
4.45962763e+16	1.46064798e-13
4.93613210e+16	8.17384650e-14
5.46355035e+16	3.99137694e-14
6.04732245e+16	2.29623035e-14
6.69346971e+16	1.08650742e-14
7.40865683e+16	4.39979016e-15
8.20026062e+16	1.82412055e-15
9.07644607e+16	5.55897473e-16
1.00462506e+17	1.81288518e-16
1.11196773e+17	4.96424187e-17
1.23077980e+17	1.18788766e-17
1.36228676e+17	2.41418671e-18
1.50784505e+17	3.84046364e-19
1.66895601e+17	5.44930935e-20
1.84728144e+17	6.57126714e-21
2.04466067e+17	5.55487455e-22
2.26312957e+17	3.49635011e-23
2.50494154e+17	1.84468863e-24
2.77259076e+17	6.43728338e-26
3.06883789e+17	1.83557657e-27
3.39673858e+17	2.88113363e-29
3.75967497e+17	3.03123398e-31
4.16139055e+17	0.00000000e+00
4.60602884e+17	0.00000000e+00
5.09817606e+17	0.00000000e+00
5.64290847e+17	0.00000000e+00
6.24584471e+17	0.00000000e+00
6.91320378e+17	0.00000000e+00
7.65186915e+17	0.00000000e+00
8.46945981e+17	0.00000000e+00
9.37440879e+17	0.00000000e+00
1.03760502e+18	0.00000000e+00
1.14847155e+18	0.00000000e+00
1.27118400e+18	0.00000000e+00
1.40700809e+18	0.00000000e+00
1.55734477e+18	0.00000000e+00
1.72374471e+18	0.00000000e+00
1.90792422e+18	0.00000000e+00
2.11178304e+18	0.00000000e+00
2.33742387e+18	0.00000000e+00
2.58717408e+18	0.00000000e+00
2.86360972e+18	0.00000000e+00
3.16958209e+18	0.00000000e+00
3.50824714e+18	0.00000000e+00
3.88309805e+18	0.00000000e+00
4.29800121e+18	0.00000000e+00
4.75723614e+18	0.00000000e+00
5.26553963e+18	0.00000000e+00
5.82815458e+18	0.00000000e+00
6.45088409e+18	0.00000000e+00
7.14015130e+18	0.00000000e+00
7.90306568e+18	0.00000000e+00
8.74749630e+18	0.00000000e+00
9.68215306e+18	0.00000000e+00
1.07166765e+19	0.00000000e+00
1.18617372e+19	0.00000000e+00
1.31291459e+19	0.00000000e+00
1.45319752e+19	0.00000000e+00
1.60846948e+19	0.00000000e+00
1.78033202e+19	0.00000000e+00
1.97055780e+19	0.00000000e+00
2.18110892e+19	0.00000000e+00
2.41415712e+19	0.00000000e+00
2.67210616e+19	0.00000000e+00
2.95761666e+19	0.00000000e+00
3.27363353e+19	0.00000000e+00
3.62341632e+19	0.00000000e+00
4.01057288e+19	0.00000000e+00
4.43909653e+19	0.00000000e+00
4.91340729e+19	0.00000000e+00
5.43839743e+19	0.00000000e+00
6.01948197e+19	0.00000000e+00
6.66265452e+19	0.00000000e+00
7.37454909e+19	0.00000000e+00
8.16250851e+19	0.00000000e+00
9.03466021e+19	0.00000000e+00
1.00000000e+20	0.00000000e+00
