1.00000000e+20 0.00000000e+00
9.03466021e+19 0.00000000e+00
8.16250851e+19 0.00000000e+00
7.37454909e+19 0.00000000e+00
6.66265452e+19 0.00000000e+00
6.01948197e+19 0.00000000e+00
5.43839743e+19 0.00000000e+00
4.91340729e+19 0.00000000e+00
4.43909653e+19 0.00000000e+00
4.01057288e+19 0.00000000e+00
3.62341632e+19 0.00000000e+00
3.27363353e+19 0.00000000e+00
2.95761666e+19 0.00000000e+00
2.67210616e+19 0.00000000e+00
2.41415712e+19 0.00000000e+00
2.18110892e+19 0.00000000e+00
1.97055780e+19 0.00000000e+00
1.78033202e+19 0.00000000e+00
1.60846948e+19 0.00000000e+00
1.45319752e+19 0.00000000e+00
1.31291459e+19 0.00000000e+00
1.18617372e+19 0.00000000e+00
1.07166765e+19 0.00000000e+00
9.68215306e+18 0.00000000e+00
8.74749630e+18 0.00000000e+00
7.90306568e+18 0.00000000e+00
7.14015130e+18 0.00000000e+00
6.45088409e+18 0.00000000e+00
5.82815458e+18 0.00000000e+00
5.26553963e+18 0.00000000e+00
4.75723614e+18 0.00000000e+00
4.29800121e+18 0.00000000e+00
3.88309805e+18 0.00000000e+00
3.50824714e+18 0.00000000e+00
3.16958209e+18 0.00000000e+00
2.86360972e+18 0.00000000e+00
2.58717408e+18 0.00000000e+00
2.33742387e+18 0.00000000e+00
2.11178304e+18 0.00000000e+00
1.90792422e+18 0.00000000e+00
1.72374471e+18 0.00000000e+00
1.55734477e+18 0.00000000e+00
1.40700809e+18 0.00000000e+00
1.27118400e+18 0.00000000e+00
1.14847155e+18 0.00000000e+00
1.03760502e+18 0.00000000e+00
9.37440879e+17 0.00000000e+00
8.46945981e+17 0.00000000e+00
7.65186915e+17 0.00000000e+00
6.91320378e+17 0.00000000e+00
6.24584471e+17 0.00000000e+00
5.64290847e+17 2.28343736e-57
5.09817606e+17 3.19016303e-54
4.60602884e+17 1.93686257e-51
4.16139055e+17 6.49090414e-49
3.75967497e+17 1.09102605e-46
3.39673858e+17 1.29170053e-44
3.06883789e+17 9.47972003e-43
2.77259076e+17 3.93583354e-41
2.50494154e+17 1.54851690e-39
2.26312957e+17 3.44669389e-38
2.04466067e+17 5.87094015e-37
1.84728144e+17 6.79829130e-36
1.66895601e+17 6.37647506e-35
1.50784505e+17 5.43896771e-34
1.36228676e+17 3.73309162e-33
1.23077980e+17 2.13381390e-32
1.11196773e+17 9.41050494e-32
1.00462506e+17 3.84968661e-31
9.07644607e+16 1.27871034e-30
8.20026062e+16 3.33845669e-30
7.40865683e+16 9.56769634e-30
6.69346971e+16 2.18968484e-29
6.04732245e+16 5.47848943e-29
5.46355035e+16 1.00094789e-28
4.93613210e+16 2.29079491e-28
4.45962763e+16 3.65390021e-28
4.02912203e+16 6.49896561e-28
3.64017485e+16 9.95386464e-28
3.28877429e+16 1.39180664e-27
2.97129582e+16 2.16594420e-27
2.68446481e+16 2.67649748e-27
2.42532274e+16 4.17203164e-27
2.19119669e+16 4.90774376e-27
1.97967175e+16 6.35560528e-27
1.78856616e+16 7.51741155e-27
1.61590875e+16 9.73752587e-27
1.45991865e+16 1.14778914e-26
1.31898690e+16 1.39463702e-26
1.19165984e+16 1.34608644e-26
1.07662418e+16 1.68230115e-26
9.72693362e+15 1.63393024e-26
8.78795401e+15 2.06402257e-26
7.93961785e+15 2.03752683e-26
7.17317494e+15 2.51551926e-26
6.48071983e+15 2.55823709e-26
5.85511016e+15 2.63071544e-26
5.28989308e+15 3.24964527e-26
4.77923865e+15 3.35528168e-26
4.31787973e+15 3.53020418e-26
3.90105762e+15 3.53316967e-26
3.52447300e+15 4.48057629e-26
3.18424160e+15 4.68410684e-26
2.87685409e+15 5.24809591e-26
2.59913992e+15 5.60951780e-26
2.34823460e+15 5.71340800e-26
2.12155017e+15 7.17901628e-26
1.91674849e+15 7.33885103e-26
1.73171713e+15 8.57999507e-26
1.56454759e+15 8.45066771e-26
1.41351558e+15 1.03173174e-25
1.27706330e+15 1.15215676e-25
1.15378330e+15 1.25334003e-25
1.04240401e+15 1.44280868e-25
9.41776601e+14 1.55960326e-25
8.50863158e+14 1.62339339e-25
7.68725952e+14 1.98367070e-25
6.94517777e+14 2.09772457e-25
6.27473213e+14 2.20862648e-25
5.66900727e+14 2.53244703e-25
5.12175544e+14 2.79169056e-25
4.62733201e+14 3.04075870e-25
4.18063724e+14 3.40923656e-25
3.77706369e+14 3.77502609e-25
3.41244871e+14 4.17786299e-25
3.08303146e+14 4.64735709e-25
2.78541416e+14 5.04998038e-25
2.51652705e+14 5.62085894e-25
2.27359668e+14 6.31874975e-25
2.05411735e+14 6.96691643e-25
1.85582523e+14 7.75170669e-25
1.67667503e+14 8.53605140e-25
1.51481892e+14 9.58042446e-25
1.36858742e+14 1.04288839e-24
1.23647224e+14 1.14770018e-24
1.11711065e+14 1.28767790e-24
1.00927151e+14 1.40675146e-24
9.11842520e+13 1.56721834e-24
8.23818733e+13 1.73904856e-24
7.44292233e+13 1.92711969e-24
6.72442742e+13 2.11845334e-24
6.07529169e+13 2.36276641e-24
5.48881961e+13 2.58928850e-24
4.95896201e+13 2.88504443e-24
4.48025368e+13 3.17601121e-24
4.04775697e+13 3.51093575e-24
3.65701088e+13 3.91609307e-24
3.30398507e+13 4.31443078e-24
2.98503825e+13 4.77876555e-24
2.69688063e+13 5.28094752e-24
2.43654001e+13 5.86403769e-24
2.20133111e+13 6.46460136e-24
1.98882786e+13 7.16942524e-24
1.79683839e+13 7.94320364e-24
1.62338243e+13 8.77974959e-24
1.46667087e+13 9.69754927e-24
1.32508729e+13 1.07639084e-23
1.19717134e+13 1.19190106e-23
1.08160363e+13 1.31709411e-23
9.77192128e+12 1.45786843e-23
8.82859884e+12 1.61443725e-23
7.97633907e+12 1.78626990e-23
7.20635132e+12 1.97839658e-23
6.51069356e+12 2.18969011e-23
5.88219040e+12 2.42404887e-23
5.31435916e+12 2.68190785e-23
4.80134292e+12 2.96919867e-23
4.33785019e+12 3.28631075e-23
3.91910025e+12 3.63744263e-23
3.54077391e+12 4.02420731e-23
3.19896892e+12 4.45548852e-23
2.89015972e+12 4.93095224e-23
2.61116110e+12 5.45883579e-23
2.35909533e+12 6.04105936e-23
2.13136247e+12 6.68682222e-23
1.92561357e+12 7.39900108e-23
1.73972643e+12 8.19157614e-23
1.57178372e+12 9.06675667e-23
1.42005318e+12 1.00366571e-22
1.28296980e+12 1.11067118e-22
1.15911962e+12 1.22936648e-22
1.04722519e+12 1.36068528e-22
9.46132376e+11 1.50601187e-22
8.54798453e+11 1.66718556e-22
7.72281357e+11 1.84500025e-22
6.97729965e+11 2.04228768e-22
6.30375315e+11 2.26056619e-22
5.69522678e+11 2.50196012e-22
5.14544388e+11 2.76936240e-22
4.64873371e+11 3.06511494e-22
4.19997295e+11 3.39274259e-22
3.79453285e+11 3.75524362e-22
3.42823149e+11 4.15654571e-22
3.09729067e+11 4.60059464e-22
2.79829688e+11 5.09222133e-22
2.52816614e+11 5.63632657e-22
2.28411221e+11 6.23868605e-22
2.06361777e+11 6.90518688e-22
1.86440853e+11 7.64292035e-22
1.68442976e+11 8.45962071e-22
1.52182505e+11 9.36350162e-22
1.37491723e+11 1.03638407e-21
1.24219100e+11 1.14711119e-21
1.12227736e+11 1.26970781e-21
1.01393946e+11 1.40537612e-21
9.16059848e+10 1.55552576e-21
8.27628946e+10 1.72173371e-21
7.47734631e+10 1.90568741e-21
6.75552832e+10 2.10931399e-21
6.10339029e+10 2.33467245e-21
5.51420574e+10 2.58413491e-21
4.98189752e+10 2.86024556e-21
4.50097513e+10 3.16587126e-21
4.06647809e+10 3.50413698e-21
3.67392478e+10 3.87854482e-21
3.31926620e+10 4.29294099e-21
2.99884423e+10 4.75164101e-21
2.70935387e+10 5.25935080e-21
2.44780916e+10 5.82131762e-21
2.21151240e+10 6.44331344e-21
1.99802631e+10 7.13178184e-21
1.80514888e+10 7.89378757e-21
1.63089068e+10 8.73722208e-21
1.47345431e+10 9.67079271e-21
1.33121590e+10 1.07041063e-20
1.20270833e+10 1.18478221e-20
1.08660611e+10 1.31137264e-20
9.81711702e+09 1.45149110e-20
8.86943166e+09 1.60658378e-20
8.01323013e+09 1.77824166e-20
7.23968114e+09 1.96824337e-20
6.54080591e+09 2.17854895e-20
5.90939590e+09 2.41132164e-20
5.33893840e+09 2.66897117e-20
4.82354943e+09 2.95414594e-20
4.35791301e+09 3.26979182e-20
3.93722633e+09 3.61916061e-20
3.55715021e+09 4.00586359e-20
3.21376434e+09 4.43388760e-20
2.90352688e+09 4.90764219e-20
2.62323788e+09 5.43201223e-20
2.37000629e+09 6.01241530e-20
2.14122015e+09 6.65483010e-20
1.93451965e+09 7.36589347e-20
1.74777277e+09 8.15292478e-20
1.57905331e+09 9.02405018e-20
1.42662102e+09 9.98826035e-20
1.28890361e+09 1.10554953e-19
1.16448062e+09 1.22367540e-19
1.05206867e+09 1.35442285e-19
9.50508296e+08 1.49914115e-19
8.58751948e+08 1.65932203e-19
7.75853206e+08 1.83661809e-19
7.00957009e+08 2.03285794e-19
6.33290840e+08 2.25006581e-19
5.72156756e+08 2.49048190e-19
5.16924187e+08 2.75658633e-19
4.67023439e+08 3.05112327e-19
4.21939808e+08 3.37713153e-19
3.81208280e+08 3.73797249e-19
3.44408728e+08 4.13736953e-19
3.11161583e+08 4.57944097e-19
2.81123917e+08 5.06874777e-19
2.53985907e+08 5.61033583e-19
2.29467637e+08 6.20979147e-19
2.07316213e+08 6.87329856e-19
1.87303154e+08 7.60769950e-19
1.69222035e+08 8.42057069e-19
1.52886359e+08 9.32029611e-19
1.38127630e+08 1.03161559e-18
1.24793621e+08 1.14184213e-18
1.12746796e+08 1.26384624e-18
1.01862899e+08 1.39888631e-18
9.20296681e+07 1.54835519e-18
8.31456781e+07 1.71379460e-18
7.51192949e+07 1.89691095e-18
6.78677305e+07 2.09959305e-18
6.13161884e+07 2.32393135e-18
5.53970928e+07 2.57223990e-18
5.00493910e+07 2.84707983e-18
4.52179242e+07 3.15128600e-18
4.08528580e+07 3.48799616e-18
3.69091691e+07 3.86068326e-18
3.33461802e+07 4.27319143e-18
3.01271407e+07 4.72977547e-18
2.72188479e+07 5.23514482e-18
2.45913043e+07 5.79451209e-18
2.22174078e+07 6.41364694e-18
2.00726730e+07 7.09893537e-18
1.81349780e+07 7.85744590e-18
1.63843365e+07 8.69700205e-18
1.48026913e+07 9.62626351e-18
1.33737286e+07 1.06548152e-17
1.20827094e+07 1.17932660e-17
1.09163173e+07 1.30533586e-17
9.86252179e+06 1.44480901e-17
8.91045332e+06 1.59918465e-17
8.05029181e+06 1.77005510e-17
7.27316511e+06 1.95918279e-17
6.57105755e+06 2.16851849e-17
5.93672722e+06 2.40022138e-17
5.36363132e+06 2.65668137e-17
4.84585864e+06 2.94054371e-17
4.37806863e+06 3.25473631e-17
3.95543624e+06 3.60249990e-17
3.57360225e+06 3.98742148e-17
3.22862820e+06 4.41347135e-17
2.91695588e+06 4.88504396e-17
2.63537052e+06 5.40700337e-17
2.38096772e+06 5.98473333e-17
2.15112343e+06 6.62419281e-17
1.94346693e+06 7.33197753e-17
1.75585633e+06 8.11538790e-17
1.58635653e+06 8.98250442e-17
1.43321923e+06 9.94227093e-17
1.29486487e+06 1.10045869e-16
1.16986641e+06 1.21804096e-16
1.05693455e+06 1.34818671e-16
9.54904456e+05 1.49223830e-16
8.62723729e+05 1.65168157e-16
7.79441575e+05 1.82816108e-16
7.04198979e+05 2.02349711e-16
6.36219849e+05 2.23970446e-16
5.74803016e+05 2.47901318e-16
5.19314994e+05 2.74389161e-16
4.69183451e+05 3.03707180e-16
4.23891306e+05 3.36157775e-16
3.82971391e+05 3.72075654e-16
3.46001639e+05 4.11831287e-16
3.12600724e+05 4.55834731e-16
2.82424133e+05 5.04539851e-16
2.55160607e+05 5.58449011e-16
2.30528939e+05 6.18118247e-16
2.08275063e+05 6.84163006e-16
1.88169442e+05 7.57264493e-16
1.70004698e+05 8.38176697e-16
1.53593468e+05 9.27734166e-16
1.38766479e+05 1.02686062e-15
1.25370799e+05 1.13657845e-15
1.13268257e+05 1.25801933e-15
1.02334021e+05 1.39243579e-15
9.24553110e+04 1.54121422e-15
8.35302320e+04 1.70588913e-15
7.54667263e+04 1.88815897e-15
6.81816229e+04 2.08990365e-15
6.15997796e+04 2.31320393e-15
5.56533078e+04 2.56036290e-15
5.02808725e+04 2.83392966e-15
4.54270599e+04 3.13672568e-15
4.10418050e+04 3.47187386e-15
3.70798763e+04 3.84283072e-15
3.35004083e+04 4.25342204e-15
3.02664806e+04 4.70788232e-15
2.73447368e+04 5.21089842e-15
2.47050406e+04 5.76765788e-15
2.23201647e+04 6.38390238e-15
2.01655104e+04 7.06598694e-15
1.82188534e+04 7.82094542e-15
1.64601150e+04 8.65656295e-15
1.48711546e+04 9.58145626e-15
1.34355829e+04 1.06051624e-14
1.21385926e+04 1.17382369e-14
1.09668060e+04 1.29923627e-14
9.90813657e+03 1.43804703e-14
8.95166472e+03 1.59168711e-14
8.08752491e+03 1.76174047e-14
7.30680395e+03 1.94996016e-14
6.60144909e+03 2.15828643e-14
5.96418495e+03 2.38886664e-14
5.38843844e+03 2.64407738e-14
4.86827104e+03 2.92654888e-14
4.39831747e+03 3.23919210e-14
3.97373038e+03 3.58522860e-14
3.59013038e+03 3.96822367e-14
3.24356081e+03 4.39212292e-14
2.93044698e+03 4.86129278e-14
2.64755927e+03 5.38056533e-14
2.39197984e+03 5.95528780e-14
2.16107251e+03 6.59137739e-14
1.95245558e+03 7.29538183e-14
1.76397728e+03 8.07454641e-14
1.59369353e+03 8.93688803e-14
1.43984795e+03 9.89127704e-14
1.30085370e+03 1.09475278e-13
1.17527712e+03 1.21164987e-13
1.06182294e+03 1.34102024e-13
9.59320948e+02 1.48419285e-13
8.66713880e+02 1.64263777e-13
7.83046540e+02 1.81798112e-13
7.07455942e+02 2.01202148e-13
6.39162405e+02 2.22674804e-13
5.77461515e+02 2.46436062e-13
5.21716858e+02 2.72729177e-13
4.71353453e+02 3.01823107e-13
4.25851829e+02 3.34015200e-13
3.84742658e+02 3.69634149e-13
3.47601918e+02 4.09043244e-13
3.14046522e+02 4.52643959e-13
2.83730362e+02 5.00879886e-13
2.56340741e+02 5.54241066e-13
2.31595149e+02 6.13268747e-13
2.09238348e+02 6.78560597e-13
1.89039738e+02 7.50776427e-13
1.70790980e+02 8.30644456e-13
1.54303847e+02 9.18968168e-13
1.39408283e+02 1.01663380e-12
1.25950646e+02 1.12461851e-12
1.13792129e+02 1.24399930e-12
1.02807322e+02 1.37596268e-12
9.28829225e+01 1.52181523e-12
8.39165644e+01 1.68299492e-12
7.58157646e+01 1.86108353e-12
6.84969672e+01 2.05781986e-12
6.18846824e+01 2.27511404e-12
5.59107078e+01 2.51506284e-12
5.05134247e+01 2.77996599e-12
4.56371628e+01 3.07234356e-12
4.12316259e+01 3.39495431e-12
3.72513730e+01 3.75081492e-12
3.36553498e+01 4.14322013e-12
3.04064649e+01 4.57576348e-12
2.74712079e+01 5.04222598e-12
2.48193029e+01 5.56367275e-12
2.24233968e+01 6.13688509e-12
2.02587771e+01 6.76648315e-12
1.83031168e+01 7.45736743e-12
1.65362441e+01 8.21469780e-12
1.49399346e+01 9.04383852e-12
1.34977233e+01 9.94932416e-12
1.21947344e+01 1.09383138e-11
1.10175281e+01 1.20160237e-11
9.95396231e+00 1.31879301e-11
8.99306672e+00 1.44586787e-11
8.12493021e+00 1.58329095e-11
7.34059837e+00 1.73141209e-11
6.63198120e+00 1.89044383e-11
5.99176967e+00 2.06040121e-11
5.41336030e+00 2.24101163e-11
4.89078709e+00 2.43157117e-11
4.41865996e+00 2.63071597e-11
3.99210913e+00 2.83608053e-11
3.60673495e+00 3.04384358e-11
3.25856248e+00 3.24822706e-11
2.94400048e+00 3.44110955e-11
2.65980440e+00 3.61200935e-11
2.40304289e+00 3.74871510e-11
2.17106760e+00 3.83871424e-11
1.96148581e+00 3.87126250e-11
1.77213578e+00 3.83955776e-11
1.60106446e+00 3.74227340e-11
1.44650734e+00 3.58387440e-11
1.30687023e+00 3.37365312e-11
1.18071285e+00 3.12394806e-11
1.06673394e+00 2.84822420e-11
9.63757866e-01 2.55952920e-11
8.70722485e-01 2.26950055e-11
7.86668179e-01 1.98783731e-11
7.10727970e-01 1.72206959e-11
6.42118571e-01 1.47750981e-11
5.80132310e-01 1.25734568e-11
5.24129830e-01 1.06286878e-11
4.73533492e-01 8.93818549e-12
4.27821420e-01 7.48792969e-12
3.86522116e-01 6.25662736e-12
3.49209598e-01 5.21940732e-12
3.15499006e-01 4.35041798e-12
2.85042632e-01 3.62498467e-12
2.57526333e-01 3.02060943e-12
2.32666291e-01 2.51750795e-12
2.10206088e-01 2.09870823e-12
1.89914058e-01 1.74989923e-12
1.71580899e-01 1.45915120e-12
1.55017512e-01 1.21658913e-12
1.40053055e-01 1.01588967e-12
1.26533176e-01 8.46437111e-13
1.14318425e-01 7.04737279e-13
1.03282813e-01 5.86251224e-13
9.33125118e-02 4.87213708e-13
8.43046837e-02 4.04487564e-13
7.61664172e-02 3.35229907e-13
6.88137699e-02 2.77818155e-13
6.21709029e-02 2.29989216e-13
5.61692982e-02 1.90188852e-13
5.07470524e-02 1.57109429e-13
4.58482375e-02 1.29650311e-13
4.14223247e-02 1.06885241e-13
3.74236629e-02 8.80352362e-14
3.38110078e-02 7.24458847e-14
3.05470967e-02 5.95607125e-14
2.75982639e-02 4.89322090e-14
2.49340937e-02 4.01728566e-14
2.25271064e-02 3.29609839e-14
2.03524752e-02 2.70285087e-14
1.83877698e-02 2.21524417e-14
1.66127252e-02 1.81476383e-14
1.50090328e-02 1.48606344e-14
1.35601511e-02 1.21644219e-14
1.22511358e-02 9.95403622e-15
1.10684849e-02 8.14284139e-15
1.00000000e-02 6.65941274e-15
