1.00000000e+20 0.00000000e+00
9.50556592e+19 0.00000000e+00
9.03557835e+19 0.00000000e+00
8.58882856e+19 0.00000000e+00
8.16416760e+19 0.00000000e+00
7.76050334e+19 0.00000000e+00
7.37679760e+19 0.00000000e+00
7.01206359e+19 0.00000000e+00
6.66536327e+19 0.00000000e+00
6.33580499e+19 0.00000000e+00
6.02254120e+19 0.00000000e+00
5.72476624e+19 0.00000000e+00
5.44171429e+19 0.00000000e+00
5.17265739e+19 0.00000000e+00
4.91690358e+19 0.00000000e+00
4.67379511e+19 0.00000000e+00
4.44270675e+19 0.00000000e+00
4.22304419e+19 0.00000000e+00
4.01424249e+19 0.00000000e+00
3.81576466e+19 0.00000000e+00
3.62710025e+19 0.00000000e+00
3.44776405e+19 0.00000000e+00
3.27729485e+19 0.00000000e+00
3.11525422e+19 0.00000000e+00
2.96122544e+19 0.00000000e+00
2.81481236e+19 0.00000000e+00
2.67563844e+19 0.00000000e+00
2.54334576e+19 0.00000000e+00
2.41759408e+19 0.00000000e+00
2.29805999e+19 0.00000000e+00
2.18443607e+19 0.00000000e+00
2.07643011e+19 0.00000000e+00
1.97376433e+19 0.00000000e+00
1.87617469e+19 0.00000000e+00
1.78341022e+19 0.00000000e+00
1.69523234e+19 0.00000000e+00
1.61141428e+19 0.00000000e+00
1.53174046e+19 0.00000000e+00
1.45600600e+19 0.00000000e+00
1.38401610e+19 0.00000000e+00
1.31558562e+19 0.00000000e+00
1.25053859e+19 0.00000000e+00
1.18870770e+19 0.00000000e+00
1.12993394e+19 0.00000000e+00
1.07406615e+19 0.00000000e+00
1.02096066e+19 0.00000000e+00
9.70480888e+18 0.00000000e+00
9.22497005e+18 0.00000000e+00
8.76885609e+18 0.00000000e+00
8.33529397e+18 0.00000000e+00
7.92316862e+18 0.00000000e+00
7.53142017e+18 0.00000000e+00
7.15904109e+18 0.00000000e+00
6.80507370e+18 0.00000000e+00
6.46860766e+18 0.00000000e+00
6.14877765e+18 0.00000000e+00
5.84476113e+18 0.00000000e+00
5.55577622e+18 0.00000000e+00
5.28107971e+18 0.00000000e+00
5.01996513e+18 0.00000000e+00
4.77176095e+18 0.00000000e+00
4.53582883e+18 0.00000000e+00
4.31156199e+18 0.00000000e+00
4.09838367e+18 0.00000000e+00
3.89574562e+18 0.00000000e+00
3.70312668e+18 0.00000000e+00
3.52003147e+18 0.00000000e+00
3.34598912e+18 0.00000000e+00
3.18055202e+18 0.00000000e+00
3.02329468e+18 0.00000000e+00
2.87381269e+18 0.00000000e+00
2.73172160e+18 0.00000000e+00
2.59665597e+18 0.00000000e+00
2.46826845e+18 0.00000000e+00
2.34622885e+18 0.00000000e+00
2.23022330e+18 0.00000000e+00
2.11995346e+18 0.00000000e+00
2.01513573e+18 0.00000000e+00
1.91550056e+18 0.00000000e+00
1.82079168e+18 0.00000000e+00
1.73076553e+18 0.00000000e+00
1.64519059e+18 0.00000000e+00
1.56384676e+18 0.00000000e+00
1.48652484e+18 0.00000000e+00
1.41302599e+18 0.00000000e+00
1.34316117e+18 0.00000000e+00
1.27675070e+18 0.00000000e+00
1.21362380e+18 0.00000000e+00
1.15361810e+18 0.00000000e+00
1.09657929e+18 0.00000000e+00
1.04236067e+18 0.00000000e+00
9.90822810e+17 0.00000000e+00
9.41833153e+17 0.00000000e+00
8.95265713e+17 0.00000000e+00
8.51000725e+17 0.00000000e+00
8.08924349e+17 0.00000000e+00
7.68928372e+17 0.00000000e+00
7.30909933e+17 0.00000000e+00
6.94771255e+17 0.00000000e+00
6.60419396e+17 0.00000000e+00
6.27766011e+17 0.00000000e+00
5.96727120e+17 0.00000000e+00
5.67222897e+17 0.00000000e+00
5.39177464e+17 0.00000000e+00
5.12518693e+17 0.00000000e+00
4.87178022e+17 0.00000000e+00
4.63090280e+17 0.00000000e+00
4.40193519e+17 3.35791253e-46
4.18428851e+17 1.67350431e-44
3.97740302e+17 5.97841553e-43
3.78074666e+17 1.95219446e-41
3.59381366e+17 4.46965225e-40
3.41612327e+17 9.62419913e-39
3.24721849e+17 1.87109261e-37
3.08666494e+17 2.88761637e-36
2.93404971e+17 3.42976757e-35
2.78898029e+17 5.26117847e-34
2.65108360e+17 4.83854826e-33
2.52000499e+17 4.42304393e-32
2.39540736e+17 4.06988910e-31
2.27697026e+17 3.08784177e-30
2.16438909e+17 2.17880272e-29
2.05737431e+17 1.21254536e-28
1.95565072e+17 8.58244477e-28
1.85895668e+17 4.23367872e-27
1.76704353e+17 2.11672786e-26
1.67967487e+17 9.14505921e-26
1.59662602e+17 3.61388751e-25
1.51768339e+17 1.36698760e-24
1.44264395e+17 4.77321317e-24
1.37131472e+17 1.58299214e-23
1.30351224e+17 5.52745242e-23
1.23906216e+17 1.42013317e-22
1.17779870e+17 4.70441011e-22
1.11956432e+17 1.29688550e-21
1.06420924e+17 2.68915064e-21
1.01159111e+17 7.22673895e-21
9.61574600e+16 1.85672004e-20
9.14031075e+16 3.92113192e-20
8.68838264e+16 8.15916168e-20
8.25879939e+16 1.65313369e-19
7.85045620e+16 3.42784736e-19
7.46230289e+16 6.77040564e-19
7.09334120e+16 1.26881507e-18
6.74262224e+16 2.30750025e-18
6.40924402e+16 3.77323310e-18
6.09234915e+16 6.03008499e-18
5.79112265e+16 9.88621066e-18
5.50478981e+16 1.62248645e-17
5.23261424e+16 2.47641205e-17
4.97389596e+16 4.04943837e-17
4.72796959e+16 6.47149452e-17
4.49420266e+16 9.30227153e-17
4.27199397e+16 1.28264356e-16
4.06077203e+16 1.69766246e-16
3.85999362e+16 2.59115386e-16
3.66914238e+16 3.26096622e-16
3.48772747e+16 4.13099358e-16
3.31528234e+16 5.20160222e-16
3.15136348e+16 7.95495810e-16
2.99554933e+16 9.25211960e-16
2.84743917e+16 1.17941026e-15
2.70665207e+16 1.41711480e-15
2.57282597e+16 2.03241970e-15
2.44561668e+16 2.51280416e-15
2.32469706e+16 2.44989595e-15
2.20975611e+16 3.08335729e-15
2.10049824e+16 3.90626221e-15
1.99664245e+16 4.91891729e-15
1.89792164e+16 4.79653144e-15
1.80408193e+16 5.93578933e-15
1.71488197e+16 7.15498149e-15
1.63009236e+16 6.97670987e-15
1.54949504e+16 8.11727991e-15
1.47288272e+16 9.77332884e-15
1.40005838e+16 1.09222230e-14
1.33083472e+16 1.21406691e-14
1.26503372e+16 1.18461940e-14
1.20248614e+16 1.37661338e-14
1.14303113e+16 1.34582122e-14
1.08651577e+16 1.62027739e-14
1.03279473e+16 1.58243639e-14
9.81729841e+15 1.95761469e-14
9.33189772e+15 1.91296097e-14
8.87049689e+15 1.87304246e-14
8.43190929e+15 2.35619138e-14
8.01500696e+15 2.30712656e-14
7.61871770e+15 2.26212509e-14
7.24202233e+15 2.20669931e-14
6.88395207e+15 2.79737363e-14
6.54358602e+15 2.74821868e-14
6.22004883e+15 2.68196641e-14
5.91250841e+15 2.64044192e-14
5.62017385e+15 3.31877921e-14
5.34229330e+15 3.26531229e-14
5.07815211e+15 3.21004402e-14
4.82707097e+15 3.15137460e-14
4.58840413e+15 3.10771392e-14
4.36153779e+15 3.05745671e-14
4.14588850e+15 3.76996609e-14
3.94090164e+15 3.69596519e-14
3.74605003e+15 3.65907708e-14
3.56083255e+15 3.59084318e-14
3.38477286e+15 3.52898058e-14
3.21741815e+15 3.53712569e-14
3.05833803e+15 3.47648699e-14
2.90712338e+15 4.08889561e-14
2.76338529e+15 4.10809832e-14
2.62675410e+15 4.04390680e-14
2.49687843e+15 3.98621429e-14
2.37342425e+15 4.01409726e-14
2.25607407e+15 3.97587784e-14
2.14452608e+15 3.89853911e-14
2.03849340e+15 3.82951444e-14
1.93770334e+15 3.81036519e-14
1.84189668e+15 4.41340034e-14
1.75082703e+15 4.34285763e-14
1.66426018e+15 4.33349892e-14
1.58197348e+15 4.27010621e-14
1.50375532e+15 4.18986548e-14
1.42940453e+15 4.24768796e-14
1.35872990e+15 4.29163938e-14
1.29154967e+15 5.06915898e-14
1.22769105e+15 4.94908911e-14
1.16698982e+15 4.82525714e-14
1.10928986e+15 4.71388828e-14
1.05444279e+15 4.76836275e-14
1.00230755e+15 4.65736596e-14
9.52750047e+14 4.54080563e-14
9.05642838e+14 4.43480424e-14
8.60864770e+14 4.38857974e-14
8.18300682e+14 4.42104013e-14
7.77841107e+14 4.46454405e-14
7.39381992e+14 4.41843664e-14
7.02824426e+14 4.33463526e-14
6.68074392e+14 4.30721291e-14
6.35042517e+14 4.67453473e-14
6.03643851e+14 4.38397718e-14
5.73797641e+14 4.45845527e-14
5.45427131e+14 4.40953668e-14
5.18459354e+14 4.35722080e-14
4.92824957e+14 4.33328284e-14
4.68458012e+14 4.57656125e-14
4.45295851e+14 4.57500002e-14
4.23278907e+14 4.48701233e-14
4.02350555e+14 4.62939378e-14
3.82456972e+14 4.63342218e-14
3.63546996e+14 4.51635926e-14
3.45571994e+14 4.41015300e-14
3.28485737e+14 4.44821805e-14
3.12244282e+14 4.51392745e-14
2.96805861e+14 4.48102642e-14
2.82130768e+14 4.45612719e-14
2.68181261e+14 4.44743323e-14
2.54921465e+14 4.37212516e-14
2.42317279e+14 4.44192141e-14
2.30336287e+14 4.46169309e-14
2.18947676e+14 4.41337657e-14
2.08122157e+14 4.38006993e-14
1.97831888e+14 4.51543734e-14
1.88050406e+14 4.46485530e-14
1.78752553e+14 4.45534093e-14
1.69914417e+14 4.40528110e-14
1.61513269e+14 4.40899012e-14
1.53527503e+14 4.47618381e-14
1.45936580e+14 4.40130745e-14
1.38720978e+14 4.44102582e-14
1.31862140e+14 4.39738544e-14
1.25342427e+14 4.40680453e-14
1.19145070e+14 4.46178694e-14
1.13254132e+14 4.40687380e-14
1.07654461e+14 4.43502401e-14
1.02331658e+14 4.42681348e-14
9.72720319e+13 4.45746121e-14
9.24625712e+13 4.41066875e-14
8.78909065e+13 4.43055594e-14
8.35452806e+13 4.41083394e-14
7.94145172e+13 4.41097824e-14
7.54879928e+13 4.39346685e-14
7.17556092e+13 4.44191047e-14
6.82077673e+13 4.42347864e-14
6.48353429e+13 4.40396008e-14
6.16296626e+13 4.42511639e-14
5.85824820e+13 4.43335131e-14
5.56859644e+13 4.43587016e-14
5.29326606e+13 4.42660249e-14
5.03154895e+13 4.43392065e-14
4.78277202e+13 4.43329150e-14
4.54629547e+13 4.42725322e-14
4.32151113e+13 4.41830375e-14
4.10784089e+13 4.42581061e-14
3.90473524e+13 4.42591918e-14
3.71167182e+13 4.42817085e-14
3.52815412e+13 4.43051913e-14
3.35371015e+13 4.42403357e-14
3.18789129e+13 4.41199792e-14
3.03027108e+13 4.42563496e-14
2.88044415e+13 4.42370780e-14
2.73802518e+13 4.42607401e-14
2.60264788e+13 4.42690422e-14
2.47396410e+13 4.42169343e-14
2.35164288e+13 4.42879672e-14
2.23536965e+13 4.41965979e-14
2.12484535e+13 4.42462749e-14
2.01978576e+13 4.42485817e-14
1.91992067e+13 4.42451274e-14
1.82499324e+13 4.42744273e-14
1.73475936e+13 4.42677043e-14
1.64898694e+13 4.42607807e-14
1.56745541e+13 4.42372206e-14
1.48995507e+13 4.42160614e-14
1.41628662e+13 4.42261117e-14
1.34626058e+13 4.42471521e-14
1.27969687e+13 4.42211352e-14
1.21642429e+13 4.42267374e-14
1.15628013e+13 4.42497541e-14
1.09910970e+13 4.42460045e-14
1.04476597e+13 4.42505229e-14
9.93109181e+12 4.42173708e-14
9.44006479e+12 4.42083777e-14
8.97331581e+12 4.42131906e-14
8.52964450e+12 4.42268407e-14
8.10790981e+12 4.42554504e-14
7.70702711e+12 4.42335183e-14
7.32596543e+12 4.42284399e-14
6.96374473e+12 4.42199786e-14
6.61943346e+12 4.42347444e-14
6.29214611e+12 4.42350482e-14
5.98104096e+12 4.42168482e-14
5.68531791e+12 4.42114886e-14
5.40421642e+12 4.42262698e-14
5.13701354e+12 4.42402231e-14
4.88302209e+12 4.42216357e-14
4.64158883e+12 4.42276682e-14
4.41209286e+12 4.42194145e-14
4.19394396e+12 4.42317253e-14
3.98658107e+12 4.42320141e-14
3.78947092e+12 4.42234314e-14
3.60210656e+12 4.42268413e-14
3.42400614e+12 4.42231238e-14
3.25471161e+12 4.42164493e-14
3.09378757e+12 4.42249781e-14
2.94082017e+12 4.42258201e-14
2.79541600e+12 4.42154894e-14
2.65720111e+12 4.42276417e-14
2.52582003e+12 4.42192490e-14
2.40093488e+12 4.42222342e-14
2.28222447e+12 4.42197481e-14
2.16938352e+12 4.42210528e-14
2.06212180e+12 4.42288493e-14
1.96016347e+12 4.42231383e-14
1.86324631e+12 4.42262037e-14
1.77112106e+12 4.42189657e-14
1.68355080e+12 4.42280467e-14
1.60031031e+12 4.42241553e-14
1.52118552e+12 4.42209876e-14
1.44597292e+12 4.42269667e-14
1.37447909e+12 4.42236980e-14
1.30652016e+12 4.42238090e-14
1.24192135e+12 4.42206731e-14
1.18051653e+12 4.42255086e-14
1.12214777e+12 4.42216767e-14
1.06666496e+12 4.42262372e-14
1.01392541e+12 4.42230746e-14
9.63793480e+11 4.42243153e-14
9.16140246e+11 4.42252382e-14
8.70843150e+11 4.42227343e-14
8.27785697e+11 4.42240177e-14
7.86857151e+11 4.42253141e-14
7.47952252e+11 4.42258101e-14
7.10970943e+11 4.42218671e-14
6.75818117e+11 4.42223370e-14
6.42403366e+11 4.42240426e-14
6.10640754e+11 4.42243395e-14
5.80448594e+11 4.42234723e-14
5.51749238e+11 4.42251438e-14
5.24468875e+11 4.42254865e-14
4.98537346e+11 4.42250507e-14
4.73887961e+11 4.42227947e-14
4.50457325e+11 4.42229504e-14
4.28185180e+11 4.42239480e-14
4.07014245e+11 4.42246314e-14
3.86890074e+11 4.42228080e-14
3.67760910e+11 4.42241675e-14
3.49577557e+11 4.42236540e-14
3.32293252e+11 4.42233809e-14
3.15863541e+11 4.42226341e-14
3.00246171e+11 4.42237610e-14
2.85400977e+11 4.42239478e-14
2.71289780e+11 4.42236932e-14
2.57876289e+11 4.42235723e-14
2.45126006e+11 4.42238045e-14
2.33006141e+11 4.42231347e-14
2.21485523e+11 4.42234585e-14
2.10534524e+11 4.42237453e-14
2.00124980e+11 4.42235537e-14
1.90230119e+11 4.42237117e-14
1.80824493e+11 4.42234173e-14
1.71883914e+11 4.42233505e-14
1.63385388e+11 4.42239600e-14
1.55307057e+11 4.42234869e-14
1.47628147e+11 4.42239690e-14
1.40328908e+11 4.42234562e-14
1.33390569e+11 4.42236053e-14
1.26795285e+11 4.42230693e-14
1.20526094e+11 4.42235367e-14
1.14566873e+11 4.42234222e-14
1.08902296e+11 4.42233090e-14
1.03517796e+11 4.42233038e-14
9.83995230e+10 4.42234847e-14
9.35343152e+10 4.42235247e-14
8.89096599e+10 4.42232997e-14
8.45136633e+10 4.42235214e-14
8.03350198e+10 4.42233374e-14
7.63629826e+10 4.42231361e-14
7.25873365e+10 4.42233428e-14
6.89983712e+10 4.42233766e-14
6.55868566e+10 4.42233434e-14
6.23440189e+10 4.42234749e-14
5.92615181e+10 4.42233559e-14
5.63314267e+10 4.42234655e-14
5.35462090e+10 4.42234617e-14
5.08987019e+10 4.42233451e-14
4.83820966e+10 4.42234508e-14
4.59899209e+10 4.42234285e-14
4.37160225e+10 4.42235937e-14
4.15545533e+10 4.42234870e-14
3.94999546e+10 4.42235183e-14
3.75469422e+10 4.42234562e-14
3.56904935e+10 4.42234310e-14
3.39258338e+10 4.42234849e-14
3.22484250e+10 4.42234895e-14
3.06539530e+10 4.42234403e-14
2.91383170e+10 4.42233841e-14
2.76976194e+10 4.42234373e-14
2.63281547e+10 4.42234764e-14
2.50264010e+10 4.42235221e-14
2.37890104e+10 4.42235096e-14
2.26128007e+10 4.42234513e-14
2.14947467e+10 4.42234580e-14
2.04319732e+10 4.42235043e-14
1.94217468e+10 4.42234646e-14
1.84614695e+10 4.42234226e-14
1.75486715e+10 4.42234751e-14
1.66810054e+10 4.42234963e-14
1.58562396e+10 4.42234568e-14
1.50722531e+10 4.42234792e-14
1.43270295e+10 4.42234674e-14
1.36186524e+10 4.42234764e-14
1.29452998e+10 4.42234205e-14
1.23052400e+10 4.42234521e-14
1.16968270e+10 4.42234588e-14
1.11184960e+10 4.42234405e-14
1.05687597e+10 4.42234551e-14
1.00462042e+10 4.42234456e-14
9.54948564e+09 4.42234566e-14
9.07732653e+09 4.42234630e-14
8.62851257e+09 4.42234733e-14
8.20188950e+09 4.42234707e-14
7.79636013e+09 4.42234677e-14
7.41088152e+09 4.42234146e-14
7.04446228e+09 4.42234470e-14
6.69616005e+09 4.42234574e-14
6.36507908e+09 4.42234832e-14
6.05036788e+09 4.42235058e-14
5.75121707e+09 4.42234279e-14
5.46685730e+09 4.42234286e-14
5.19655724e+09 4.42234579e-14
4.93962174e+09 4.42234481e-14
4.69539001e+09 4.42234902e-14
4.46323393e+09 4.42234588e-14
4.24255643e+09 4.42234718e-14
4.03278998e+09 4.42234573e-14
3.83339510e+09 4.42234552e-14
3.64385898e+09 4.42234410e-14
3.46369418e+09 4.42234508e-14
3.29243733e+09 4.42234538e-14
3.12964801e+09 4.42234531e-14
2.97490755e+09 4.42234355e-14
2.82781798e+09 4.42234212e-14
2.68800102e+09 4.42234514e-14
2.55509709e+09 4.42234730e-14
2.42876438e+09 4.42234604e-14
2.30867799e+09 4.42234522e-14
2.19452909e+09 4.42234290e-14
2.08602409e+09 4.42234559e-14
1.98288395e+09 4.42234528e-14
1.88484341e+09 4.42234531e-14
1.79165033e+09 4.42234476e-14
1.70306503e+09 4.42234487e-14
1.61885969e+09 4.42234489e-14
1.53881775e+09 4.42234598e-14
1.46273336e+09 4.42234516e-14
1.39041083e+09 4.42234582e-14
1.32166418e+09 4.42234480e-14
1.25631660e+09 4.42234626e-14
1.19420003e+09 4.42234539e-14
1.13515471e+09 4.42234626e-14
1.07902879e+09 4.42234484e-14
1.02567793e+09 4.42234628e-14
9.74964918e+08 4.42234543e-14
9.26759330e+08 4.42234562e-14
8.80937190e+08 4.42234612e-14
8.37380654e+08 4.42234628e-14
7.95977700e+08 4.42234576e-14
7.56621850e+08 4.42234588e-14
7.19211887e+08 4.42234578e-14
6.83651600e+08 4.42234635e-14
6.49849535e+08 4.42234632e-14
6.17718760e+08 4.42234632e-14
5.87176639e+08 4.42234707e-14
5.58144625e+08 4.42234656e-14
5.30548053e+08 4.42234645e-14
5.04315949e+08 4.42234669e-14
4.79380850e+08 4.42234664e-14
4.55678627e+08 4.42234735e-14
4.33148322e+08 4.42234710e-14
4.11731993e+08 4.42234743e-14
3.91374560e+08 4.42234729e-14
3.72023668e+08 4.42234748e-14
3.53629550e+08 4.42234784e-14
3.36144900e+08 4.42234801e-14
3.19524751e+08 4.42234813e-14
3.03726358e+08 4.42234828e-14
2.88709092e+08 4.42234831e-14
2.74434330e+08 4.42234887e-14
2.60865362e+08 4.42234896e-14
2.47967289e+08 4.42234921e-14
2.35706941e+08 4.42234948e-14
2.24052787e+08 4.42234956e-14
2.12974854e+08 4.42234982e-14
2.02444651e+08 4.42235027e-14
1.92435098e+08 4.42235050e-14
1.82920450e+08 4.42235077e-14
1.73876240e+08 4.42235122e-14
1.65279206e+08 4.42235144e-14
1.57107239e+08 4.42235174e-14
1.49339322e+08 4.42235221e-14
1.41955477e+08 4.42235252e-14
1.34936714e+08 4.42235285e-14
1.28264983e+08 4.42235347e-14
1.21923125e+08 4.42235397e-14
1.15894830e+08 4.42235443e-14
1.10164595e+08 4.42235497e-14
1.04717682e+08 4.42235551e-14
9.95400829e+07 4.42235609e-14
9.46184819e+07 4.42235665e-14
8.99402217e+07 4.42235735e-14
8.54932707e+07 4.42235800e-14
8.12661920e+07 4.42235863e-14
7.72481145e+07 4.42235943e-14
7.34287045e+07 4.42236022e-14
6.97981391e+07 4.42236098e-14
6.63470812e+07 4.42236180e-14
6.30666554e+07 4.42236271e-14
5.99484250e+07 4.42236366e-14
5.69843706e+07 4.42236470e-14
5.41668691e+07 4.42236569e-14
5.14886745e+07 4.42236679e-14
4.89428990e+07 4.42236799e-14
4.65229952e+07 4.42236920e-14
4.42227398e+07 4.42237050e-14
4.20362168e+07 4.42237182e-14
3.99578030e+07 4.42237329e-14
3.79821531e+07 4.42237476e-14
3.61041860e+07 4.42237633e-14
3.43190720e+07 4.42237801e-14
3.26222201e+07 4.42237975e-14
3.10092664e+07 4.42238158e-14
2.94760626e+07 4.42238349e-14
2.80186656e+07 4.42238555e-14
2.66333273e+07 4.42238768e-14
2.53164848e+07 4.42238993e-14
2.40647515e+07 4.42239228e-14
2.28749082e+07 4.42239476e-14
2.17438948e+07 4.42239740e-14
2.06688025e+07 4.42240013e-14
1.96468665e+07 4.42240304e-14
1.86754584e+07 4.42240607e-14
1.77520801e+07 4.42240927e-14
1.68743568e+07 4.42241265e-14
1.60400311e+07 4.42241620e-14
1.52469573e+07 4.42241992e-14
1.44930957e+07 4.42242384e-14
1.37765077e+07 4.42242797e-14
1.30953502e+07 4.42243230e-14
1.24478715e+07 4.42243688e-14
1.18324063e+07 4.42244168e-14
1.12473718e+07 4.42244674e-14
1.06912634e+07 4.42245205e-14
1.01626509e+07 4.42245766e-14
9.66017480e+06 4.42246354e-14
9.18254284e+06 4.42246973e-14
8.72852662e+06 4.42247625e-14
8.29695852e+06 4.42248310e-14
7.88672862e+06 4.42249030e-14
7.49678187e+06 4.42249789e-14
7.12611543e+06 4.42250587e-14
6.77377600e+06 4.42251427e-14
6.43885743e+06 4.42252310e-14
6.12049837e+06 4.42253238e-14
5.81788007e+06 4.42254216e-14
5.53022426e+06 4.42255244e-14
5.25679112e+06 4.42256326e-14
4.99687745e+06 4.42257464e-14
4.74981480e+06 4.42258661e-14
4.51496777e+06 4.42259920e-14
4.29173238e+06 4.42261245e-14
4.07953450e+06 4.42262638e-14
3.87782841e+06 4.42264105e-14
3.68609536e+06 4.42265648e-14
3.50384225e+06 4.42267270e-14
3.33060034e+06 4.42268977e-14
3.16592411e+06 4.42270774e-14
3.00939003e+06 4.42272663e-14
2.86059554e+06 4.42274650e-14
2.71915794e+06 4.42276741e-14
2.58471351e+06 4.42278941e-14
2.45691646e+06 4.42281256e-14
2.33543814e+06 4.42283690e-14
2.21996612e+06 4.42286252e-14
2.11020343e+06 4.42288946e-14
2.00586778e+06 4.42291781e-14
1.90669084e+06 4.42294763e-14
1.81241755e+06 4.42297900e-14
1.72280545e+06 4.42301200e-14
1.63762407e+06 4.42304673e-14
1.55665436e+06 4.42308325e-14
1.47968806e+06 4.42312168e-14
1.40652724e+06 4.42316210e-14
1.33698374e+06 4.42320463e-14
1.27087871e+06 4.42324937e-14
1.20804213e+06 4.42329644e-14
1.14831241e+06 4.42334596e-14
1.09153594e+06 4.42339805e-14
1.03756668e+06 4.42345285e-14
9.86265846e+05 4.42351050e-14
9.37501502e+05 4.42357115e-14
8.91148232e+05 4.42363496e-14
8.47086827e+05 4.42370208e-14
8.05203967e+05 4.42377270e-14
7.65391939e+05 4.42384698e-14
7.27548353e+05 4.42392514e-14
6.91575883e+05 4.42400735e-14
6.57382014e+05 4.42409385e-14
6.24878807e+05 4.42418484e-14
5.93982669e+05 4.42428057e-14
5.64614142e+05 4.42438127e-14
5.36697695e+05 4.42448722e-14
5.10161531e+05 4.42459867e-14
4.84937407e+05 4.42471592e-14
4.60960449e+05 4.42483927e-14
4.38168993e+05 4.42496904e-14
4.16504425e+05 4.42510556e-14
3.95911027e+05 4.42524917e-14
3.76335836e+05 4.42540026e-14
3.57728510e+05 4.42555921e-14
3.40041193e+05 4.42572642e-14
3.23228398e+05 4.42590233e-14
3.07246884e+05 4.42608740e-14
2.92055551e+05 4.42628208e-14
2.77615329e+05 4.42648690e-14
2.63889081e+05 4.42670237e-14
2.50841506e+05 4.42692904e-14
2.38439047e+05 4.42716751e-14
2.26649808e+05 4.42741838e-14
2.15443469e+05 4.42768230e-14
2.04791210e+05 4.42795995e-14
1.94665634e+05 4.42825204e-14
1.85040702e+05 4.42855932e-14
1.75891659e+05 4.42888259e-14
1.67194976e+05 4.42922267e-14
1.58928287e+05 4.42958044e-14
1.51070330e+05 4.42995682e-14
1.43600898e+05 4.43035278e-14
1.36500781e+05 4.43076934e-14
1.29751717e+05 4.43120756e-14
1.23336350e+05 4.43166857e-14
1.17238180e+05 4.43215357e-14
1.11441525e+05 4.43266379e-14
1.05931476e+05 4.43320056e-14
1.00693863e+05 4.43376524e-14
9.57152154e+04 4.43435930e-14
9.09827289e+04 4.43498425e-14
8.64842328e+04 4.43564172e-14
8.22081576e+04 4.43633338e-14
7.81435061e+04 4.43706102e-14
7.42798248e+04 4.43782651e-14
7.06071771e+04 4.43863181e-14
6.71161177e+04 4.43947901e-14
6.37976681e+04 4.44037027e-14
6.06432940e+04 4.44130789e-14
5.76448828e+04 4.44229429e-14
5.47947234e+04 4.44333199e-14
5.20854855e+04 4.44442367e-14
4.95102016e+04 4.44557213e-14
4.70622485e+04 4.44678034e-14
4.47353305e+04 4.44805139e-14
4.25234633e+04 4.44938855e-14
4.04209584e+04 4.45079528e-14
3.84224085e+04 4.45227517e-14
3.65226736e+04 4.45383204e-14
3.47168682e+04 4.45546990e-14
3.30003479e+04 4.45719295e-14
3.13686982e+04 4.45900563e-14
2.98177229e+04 4.46091260e-14
2.83434331e+04 4.46291877e-14
2.69420371e+04 4.46502929e-14
2.56099310e+04 4.46724959e-14
2.43436887e+04 4.46958539e-14
2.31400538e+04 4.47204269e-14
2.19959307e+04 4.47462781e-14
2.09083769e+04 4.47734741e-14
1.98745955e+04 4.48020847e-14
1.88919278e+04 4.48321836e-14
1.79578465e+04 4.48638482e-14
1.70699493e+04 4.48971599e-14
1.62259529e+04 4.49322044e-14
1.54236865e+04 4.49690720e-14
1.46610868e+04 4.50078573e-14
1.39361927e+04 4.50486602e-14
1.32471399e+04 4.50915856e-14
1.25921561e+04 4.51367440e-14
1.19695570e+04 4.51842515e-14
1.13777413e+04 4.52342303e-14
1.08151870e+04 4.52868091e-14
1.02804473e+04 4.53421230e-14
9.77214697e+03 4.54003144e-14
9.28897872e+03 4.54615329e-14
8.82969996e+03 4.55259361e-14
8.39312950e+03 4.55936896e-14
7.97814457e+03 4.56649678e-14
7.58367791e+03 4.57399541e-14
7.20871503e+03 4.58188413e-14
6.85229160e+03 4.59018325e-14
6.51349095e+03 4.59891411e-14
6.19144176e+03 4.60809919e-14
5.88531578e+03 4.61776211e-14
5.59432571e+03 4.62792774e-14
5.31772318e+03 4.63862224e-14
5.05479682e+03 4.64987313e-14
4.80487044e+03 4.66170936e-14
4.56730127e+03 4.67416139e-14
4.34147833e+03 4.68726127e-14
4.12682085e+03 4.70104270e-14
3.92277676e+03 4.71554117e-14
3.72882131e+03 4.73079398e-14
3.54445567e+03 4.74684040e-14
3.36920571e+03 4.76372173e-14
3.20262069e+03 4.78148142e-14
3.04427221e+03 4.80016519e-14
2.89375302e+03 4.81982115e-14
2.75067601e+03 4.84049989e-14
2.61467321e+03 4.86225465e-14
2.48539486e+03 4.88514146e-14
2.36250847e+03 4.90921925e-14
2.24569800e+03 4.93455001e-14
2.13466303e+03 4.96119899e-14
2.02911802e+03 4.98923481e-14
1.92879151e+03 5.01872970e-14
1.83342548e+03 5.04975962e-14
1.74277468e+03 5.08240451e-14
1.65660596e+03 5.11674848e-14
1.57469771e+03 5.15288001e-14
1.49683929e+03 5.19089222e-14
1.42283046e+03 5.23088306e-14
1.35248087e+03 5.27295560e-14
1.28560961e+03 5.31721830e-14
1.22204469e+03 5.36378526e-14
1.16162263e+03 5.41277655e-14
1.10418805e+03 5.46431850e-14
1.04959323e+03 5.51854403e-14
9.97697764e+02 5.57559302e-14
9.48368187e+02 5.63561264e-14
9.01477631e+02 5.69875776e-14
8.56905505e+02 5.76567778e-14
8.14537177e+02 5.83557114e-14
7.74263683e+02 5.90910486e-14
7.35981448e+02 5.98646883e-14
6.99592017e+02 6.06786285e-14
6.65001803e+02 6.15349719e-14
6.32121848e+02 6.24359313e-14
6.00867589e+02 6.33838353e-14
5.71158648e+02 6.43811346e-14
5.42918618e+02 6.54304081e-14
5.16074871e+02 6.65343702e-14
4.90558371e+02 6.76958774e-14
4.66303493e+02 6.89179363e-14
4.43247859e+02 7.02037114e-14
4.21332174e+02 7.15565331e-14
4.00500076e+02 7.29799072e-14
3.80697987e+02 7.44775237e-14
3.61874981e+02 7.60532667e-14
3.43982649e+02 7.77249212e-14
3.26974974e+02 7.94693861e-14
3.10808217e+02 8.13049010e-14
2.95440800e+02 8.32362358e-14
2.80833200e+02 8.52684128e-14
2.66947849e+02 8.74067194e-14
2.53749038e+02 8.96567232e-14
2.41202821e+02 9.20629779e-14
2.29276931e+02 9.45542076e-14
2.17940698e+02 9.71756667e-14
2.07164968e+02 9.99342014e-14
1.96922026e+02 1.02837022e-13
1.87185529e+02 1.05891722e-13
1.77930439e+02 1.09106301e-13
1.69132952e+02 1.12489187e-13
1.60770442e+02 1.16049256e-13
1.52821404e+02 1.19795864e-13
1.45265393e+02 1.23738865e-13
1.38082977e+02 1.27888647e-13
1.31255684e+02 1.32256156e-13
1.24765955e+02 1.36852930e-13
1.18597101e+02 1.41691132e-13
1.12733256e+02 1.46783585e-13
1.07159340e+02 1.52143813e-13
1.01861017e+02 1.57786073e-13
9.68246612e+01 1.63725407e-13
9.20373200e+01 1.69977683e-13
8.74866812e+01 1.76559641e-13
8.31610415e+01 1.83488951e-13
7.90492762e+01 1.90784260e-13
7.51408106e+01 1.98465259e-13
7.14255929e+01 2.06552740e-13
6.78940681e+01 2.15068664e-13
6.45371540e+01 2.24036236e-13
6.13462172e+01 2.33479980e-13
5.83130511e+01 2.43425820e-13
5.54298552e+01 2.53901174e-13
5.26892142e+01 2.65041749e-13
5.00840799e+01 2.76664336e-13
4.76077523e+01 2.88908595e-13
4.52538628e+01 3.01808940e-13
4.30163576e+01 3.15401834e-13
4.08894823e+01 3.29725936e-13
3.88677669e+01 3.44822245e-13
3.69460121e+01 3.60734273e-13
3.51192753e+01 3.77508221e-13
3.33828586e+01 3.95193176e-13
3.17322963e+01 4.13841328e-13
3.01633435e+01 4.33508198e-13
2.86719650e+01 4.53413800e-13
2.72543253e+01 4.75168886e-13
2.59067786e+01 4.98111552e-13
2.46258592e+01 5.22310285e-13
2.34082728e+01 5.47837963e-13
2.22508880e+01 5.74772189e-13
2.11507282e+01 6.03195652e-13
2.01049642e+01 6.33196531e-13
1.91109062e+01 6.64868924e-13
1.81659979e+01 6.98313332e-13
1.72678090e+01 7.33637180e-13
1.64140297e+01 7.70955395e-13
1.56024641e+01 8.10391038e-13
1.48310251e+01 8.52073551e-13
1.40977287e+01 8.96112894e-13
1.34006890e+01 9.42668864e-13
1.27381132e+01 9.91978357e-13
1.21082975e+01 1.04414220e-12
1.15096220e+01 1.09933486e-12
1.09405471e+01 1.15786030e-12
1.03996091e+01 1.21988022e-12
9.88541702e+00 1.28562826e-12
9.39664831e+00 1.35536288e-12
8.93204600e+00 1.42936109e-12
8.49041520e+00 1.50792459e-12
8.07062014e+00 1.59138003e-12
7.67158118e+00 1.68008226e-12
7.29227206e+00 1.77441713e-12
6.93171728e+00 1.87480422e-12
6.58898955e+00 1.98170046e-12
6.26320745e+00 2.09560366e-12
5.95353313e+00 2.21705670e-12
5.65917016e+00 2.34665186e-12
5.37936150e+00 2.48503576e-12
5.11338754e+00 2.63291465e-12
4.86056423e+00 2.79106015e-12
4.62024137e+00 2.96031553e-12
4.39180089e+00 3.14160248e-12
4.17465529e+00 3.33592841e-12
3.96824610e+00 3.54439425e-12
3.77204249e+00 3.76820278e-12
3.58553986e+00 4.00866751e-12
3.40825855e+00 4.26722192e-12
3.23974263e+00 4.54542927e-12
3.07955871e+00 4.84499262e-12
2.92729484e+00 5.16776511e-12
2.78255940e+00 5.51576038e-12
2.64498018e+00 5.89116275e-12
2.51420335e+00 6.29633707e-12
2.38989257e+00 6.73383773e-12
2.27172813e+00 7.20641628e-12
2.15940615e+00 7.71702700e-12
2.05263775e+00 8.26094693e-12
1.95114835e+00 8.85593520e-12
1.85467692e+00 9.49890548e-12
1.76297538e+00 1.01935802e-11
1.67580786e+00 1.09438210e-11
1.59295021e+00 1.17695681e-11
1.51418933e+00 1.26447133e-11
1.43932264e+00 1.35874179e-11
1.36815763e+00 1.46011818e-11
1.30051125e+00 1.56891598e-11
1.23620954e+00 1.68538155e-11
1.17508713e+00 1.80966261e-11
1.11698682e+00 1.94177388e-11
1.06175918e+00 2.08155916e-11
1.00926219e+00 2.22865173e-11
9.59360829e-01 2.38243600e-11
9.11926760e-01 2.54201431e-11
8.66837993e-01 2.70618349e-11
8.23978568e-01 2.87342576e-11
7.83238260e-01 3.04191834e-11
7.44512291e-01 3.20960270e-11
7.07701066e-01 3.37409738e-11
6.72709914e-01 3.53297014e-11
6.39448843e-01 3.68370424e-11
6.07832313e-01 3.82382731e-11
5.77779012e-01 3.95101132e-11
5.49211648e-01 4.06316453e-11
5.22056753e-01 4.15850801e-11
4.96244488e-01 4.23563167e-11
4.71708469e-01 4.29352771e-11
4.48385595e-01 4.33160209e-11
4.26215883e-01 4.34966684e-11
4.05142317e-01 4.34791742e-11
3.85110700e-01 4.32689934e-11
3.66069515e-01 4.28746816e-11
3.47969790e-01 4.23074575e-11
3.30764978e-01 4.15768533e-11
3.14410830e-01 4.07066436e-11
2.98865287e-01 3.97090513e-11
2.84088369e-01 3.86014330e-11
2.70042072e-01 3.74015138e-11
2.56690272e-01 3.61269581e-11
2.43998630e-01 3.47862033e-11
2.31934506e-01 3.34092489e-11
2.20466874e-01 3.20061990e-11
2.09566240e-01 3.05911596e-11
1.99204571e-01 2.91767720e-11
1.89355218e-01 2.77740504e-11
1.79992851e-01 2.63926480e-11
1.71093391e-01 2.50403863e-11
1.62633950e-01 2.37236688e-11
1.54592774e-01 2.18828453e-11
1.46949180e-01 2.07152206e-11
1.39683512e-01 1.95980041e-11
1.32777083e-01 1.88941238e-11
1.26212131e-01 1.78069783e-11
1.19971774e-01 1.67693000e-11
1.14039960e-01 1.57806730e-11
1.08401436e-01 1.48402511e-11
1.03041699e-01 1.39468613e-11
9.79469667e-02 1.30990928e-11
9.31041349e-02 1.22953703e-11
8.85007491e-02 1.15340152e-11
8.41249705e-02 1.08132939e-11
7.99655453e-02 1.01314560e-11
7.60117762e-02 9.48676292e-12
7.22534949e-02 8.87750949e-12
6.86810359e-02 8.30203841e-12
6.52852114e-02 7.75875014e-12
6.20572881e-02 7.24610860e-12
5.89889643e-02 6.76264367e-12
5.60723488e-02 6.30695143e-12
5.32999408e-02 5.87769263e-12
5.06646101e-02 5.47533631e-12
4.81595791e-02 5.09499797e-12
4.57784054e-02 4.73736864e-12
4.35149650e-02 4.40135083e-12
4.13634368e-02 4.08589650e-12
3.93182876e-02 3.78964849e-12
3.73742574e-02 3.51267132e-12
3.55263468e-02 3.25334380e-12
3.37698031e-02 3.01076059e-12
3.21001090e-02 2.78405040e-12
3.05129702e-02 2.57237430e-12
2.90043049e-02 2.37492442e-12
2.75702333e-02 2.19092278e-12
2.62070670e-02 2.01962046e-12
2.49113003e-02 1.86029690e-12
2.36796007e-02 1.71225939e-12
2.25088005e-02 1.57492558e-12
2.13958887e-02 1.44747907e-12
2.03380031e-02 1.32940032e-12
1.93324229e-02 1.22010534e-12
1.83765620e-02 1.11903635e-12
1.74679622e-02 1.02566134e-12
1.66042866e-02 9.39473690e-13
1.57833141e-02 8.59991674e-13
1.50029332e-02 7.89969616e-13
1.42611371e-02 7.22079022e-13
1.35560179e-02 6.59618138e-13
1.28857621e-02 6.02208016e-13
1.22486461e-02 5.49489235e-13
1.16430313e-02 5.01121565e-13
1.10673602e-02 4.56783628e-13
1.05201522e-02 4.16172529e-13
1.00000000e-02 3.79003448e-13
