1.00000000e+20 0.00000000e+00
9.50556592e+19 0.00000000e+00
9.03557835e+19 0.00000000e+00
8.58882856e+19 0.00000000e+00
8.16416760e+19 0.00000000e+00
7.76050334e+19 0.00000000e+00
7.37679760e+19 0.00000000e+00
7.01206359e+19 0.00000000e+00
6.66536327e+19 0.00000000e+00
6.33580499e+19 0.00000000e+00
6.02254120e+19 0.00000000e+00
5.72476624e+19 0.00000000e+00
5.44171429e+19 0.00000000e+00
5.17265739e+19 0.00000000e+00
4.91690358e+19 0.00000000e+00
4.67379511e+19 0.00000000e+00
4.44270675e+19 0.00000000e+00
4.22304419e+19 0.00000000e+00
4.01424249e+19 0.00000000e+00
3.81576466e+19 0.00000000e+00
3.62710025e+19 0.00000000e+00
3.44776405e+19 0.00000000e+00
3.27729485e+19 0.00000000e+00
3.11525422e+19 0.00000000e+00
2.96122544e+19 0.00000000e+00
2.81481236e+19 0.00000000e+00
2.67563844e+19 0.00000000e+00
2.54334576e+19 0.00000000e+00
2.41759408e+19 0.00000000e+00
2.29805999e+19 0.00000000e+00
2.18443607e+19 0.00000000e+00
2.07643011e+19 0.00000000e+00
1.97376433e+19 0.00000000e+00
1.87617469e+19 0.00000000e+00
1.78341022e+19 0.00000000e+00
1.69523234e+19 0.00000000e+00
1.61141428e+19 0.00000000e+00
1.53174046e+19 0.00000000e+00
1.45600600e+19 0.00000000e+00
1.38401610e+19 0.00000000e+00
1.31558562e+19 0.00000000e+00
1.25053859e+19 0.00000000e+00
1.18870770e+19 0.00000000e+00
1.12993394e+19 0.00000000e+00
1.07406615e+19 0.00000000e+00
1.02096066e+19 0.00000000e+00
9.70480888e+18 0.00000000e+00
9.22497005e+18 0.00000000e+00
8.76885609e+18 0.00000000e+00
8.33529397e+18 0.00000000e+00
7.92316862e+18 0.00000000e+00
7.53142017e+18 0.00000000e+00
7.15904109e+18 0.00000000e+00
6.80507370e+18 0.00000000e+00
6.46860766e+18 0.00000000e+00
6.14877765e+18 0.00000000e+00
5.84476113e+18 0.00000000e+00
5.55577622e+18 0.00000000e+00
5.28107971e+18 0.00000000e+00
5.01996513e+18 0.00000000e+00
4.77176095e+18 0.00000000e+00
4.53582883e+18 0.00000000e+00
4.31156199e+18 0.00000000e+00
4.09838367e+18 0.00000000e+00
3.89574562e+18 0.00000000e+00
3.70312668e+18 0.00000000e+00
3.52003147e+18 0.00000000e+00
3.34598912e+18 0.00000000e+00
3.18055202e+18 0.00000000e+00
3.02329468e+18 0.00000000e+00
2.87381269e+18 0.00000000e+00
2.73172160e+18 0.00000000e+00
2.59665597e+18 0.00000000e+00
2.46826845e+18 0.00000000e+00
2.34622885e+18 0.00000000e+00
2.23022330e+18 0.00000000e+00
2.11995346e+18 0.00000000e+00
2.01513573e+18 0.00000000e+00
1.91550056e+18 0.00000000e+00
1.82079168e+18 0.00000000e+00
1.73076553e+18 0.00000000e+00
1.64519059e+18 0.00000000e+00
1.56384676e+18 0.00000000e+00
1.48652484e+18 0.00000000e+00
1.41302599e+18 0.00000000e+00
1.34316117e+18 0.00000000e+00
1.27675070e+18 0.00000000e+00
1.21362380e+18 0.00000000e+00
1.15361810e+18 0.00000000e+00
1.09657929e+18 0.00000000e+00
1.04236067e+18 0.00000000e+00
9.90822810e+17 0.00000000e+00
9.41833153e+17 0.00000000e+00
8.95265713e+17 0.00000000e+00
8.51000725e+17 0.00000000e+00
8.08924349e+17 0.00000000e+00
7.68928372e+17 0.00000000e+00
7.30909933e+17 0.00000000e+00
6.94771255e+17 0.00000000e+00
6.60419396e+17 0.00000000e+00
6.27766011e+17 0.00000000e+00
5.96727120e+17 0.00000000e+00
5.67222897e+17 0.00000000e+00
5.39177464e+17 0.00000000e+00
5.12518693e+17 0.00000000e+00
4.87178022e+17 0.00000000e+00
4.63090280e+17 0.00000000e+00
4.40193519e+17 3.12851887e-58
4.18428851e+17 1.55917993e-56
3.97740302e+17 5.57000389e-55
3.78074666e+17 1.81883154e-53
3.59381366e+17 4.16431081e-52
3.41612327e+17 8.96672811e-51
3.24721849e+17 1.74327012e-49
3.08666494e+17 2.69035070e-48
2.93404971e+17 3.19546519e-47
2.78898029e+17 4.90176442e-46
2.65108360e+17 4.50800592e-45
2.52000499e+17 4.12088651e-44
2.39540736e+17 3.79185722e-43
2.27697026e+17 2.87689783e-42
2.16438909e+17 2.02995921e-41
2.05737431e+17 1.12971110e-40
1.95565072e+17 7.99614053e-40
1.85895668e+17 3.94445766e-39
1.76704353e+17 1.97212495e-38
1.67967487e+17 8.52032033e-38
1.59662602e+17 3.36700709e-37
1.51768339e+17 1.27360272e-36
1.44264395e+17 4.44713416e-36
1.37131472e+17 1.47485104e-35
1.30351224e+17 5.14984804e-35
1.23906216e+17 1.32311767e-34
1.17779870e+17 4.38303133e-34
1.11956432e+17 1.20828959e-33
1.06420924e+17 2.50544303e-33
1.01159111e+17 6.73304890e-33
9.61574600e+16 1.72987939e-32
9.14031075e+16 3.65326229e-32
8.68838264e+16 7.60177376e-32
8.25879939e+16 1.54020092e-31
7.85045620e+16 3.19367615e-31
7.46230289e+16 6.30788970e-31
7.09334120e+16 1.18213677e-30
6.74262224e+16 2.14986484e-30
6.40924402e+16 3.51546709e-30
6.09234915e+16 5.61814359e-30
5.79112265e+16 9.21084050e-30
5.50478981e+16 1.51164733e-29
5.23261424e+16 2.30723757e-29
4.97389596e+16 3.77280378e-29
4.72796959e+16 6.02939871e-29
4.49420266e+16 8.66679392e-29
4.27199397e+16 1.19502105e-28
4.06077203e+16 1.58168908e-28
3.85999362e+16 2.41414337e-28
3.66914238e+16 3.03820337e-28
3.48772747e+16 3.84880295e-28
3.31528234e+16 4.84629309e-28
3.15136348e+16 7.41160800e-28
2.99554933e+16 8.62030376e-28
2.84743917e+16 1.09890539e-27
2.70665207e+16 1.32036966e-27
2.57282597e+16 1.89375079e-27
2.44561668e+16 2.34158744e-27
2.32469706e+16 2.28296585e-27
2.20975611e+16 2.87371132e-27
2.10049824e+16 3.64138006e-27
1.99664245e+16 4.58616080e-27
1.89792164e+16 4.47410279e-27
1.80408193e+16 5.53805839e-27
1.71488197e+16 6.67997061e-27
1.63009236e+16 6.51836883e-27
1.54949504e+16 7.59206933e-27
1.47288272e+16 9.14813642e-27
1.40005838e+16 1.02423460e-26
1.33083472e+16 1.14069517e-26
1.26503372e+16 1.11564658e-26
1.20248614e+16 1.29776567e-26
1.14303113e+16 1.27875266e-26
1.08651577e+16 1.54072544e-26
1.03279473e+16 1.51246721e-26
9.81729841e+15 1.87437608e-26
9.33189772e+15 1.84461912e-26
8.87049689e+15 1.82811582e-26
8.43190929e+15 2.29778376e-26
8.01500696e+15 2.27878237e-26
7.61871770e+15 2.27013434e-26
7.24202233e+15 2.22061719e-26
6.88395207e+15 2.82467341e-26
6.54358602e+15 2.83573656e-26
6.22004883e+15 2.78041457e-26
5.91250841e+15 2.81534520e-26
5.62017385e+15 3.52247274e-26
5.34229330e+15 3.56508688e-26
5.07815211e+15 3.58778492e-26
4.82707097e+15 3.60157913e-26
4.58840413e+15 3.67072252e-26
4.36153779e+15 3.69376390e-26
4.14588850e+15 4.52966925e-26
3.94090164e+15 4.54763998e-26
3.74605003e+15 4.65588458e-26
3.56083255e+15 4.69120689e-26
3.38477286e+15 4.76674108e-26
3.21741815e+15 5.08809036e-26
3.05833803e+15 6.32114640e-26
2.90712338e+15 6.16352290e-26
2.76338529e+15 6.02044327e-26
2.62675410e+15 6.34478740e-26
2.49687843e+15 6.49870426e-26
2.37342425e+15 6.93069694e-26
2.25607407e+15 7.18680340e-26
2.14452608e+15 7.24880251e-26
2.03849340e+15 7.38653047e-26
1.93770334e+15 7.75446543e-26
1.84189668e+15 8.08089212e-26
1.75082703e+15 9.03657886e-26
1.66426018e+15 9.55778521e-26
1.58197348e+15 9.81012689e-26
1.50375532e+15 9.96502723e-26
1.42940453e+15 1.10579271e-25
1.35872990e+15 1.15726634e-25
1.29154967e+15 1.04207229e-25
1.22769105e+15 1.01773621e-25
1.16698982e+15 1.26333373e-25
1.10928986e+15 1.39089734e-25
1.05444279e+15 1.41415840e-25
1.00230755e+15 1.48972074e-25
9.52750047e+14 1.65061995e-25
9.05642838e+14 1.68184954e-25
8.60864770e+14 1.73004785e-25
8.18300682e+14 1.82618872e-25
7.77841107e+14 2.03812155e-25
7.39381992e+14 2.07489521e-25
7.02824426e+14 2.09730703e-25
6.68074392e+14 2.21677322e-25
6.35042517e+14 2.28743790e-25
6.03643851e+14 2.57452236e-25
5.73797641e+14 2.73354278e-25
5.45427131e+14 2.76216752e-25
5.18459354e+14 2.88275298e-25
4.92824957e+14 3.04474196e-25
4.68458012e+14 3.20043935e-25
4.45295851e+14 3.40687443e-25
4.23278907e+14 3.51756749e-25
4.02350555e+14 3.60491162e-25
3.82456972e+14 3.96902670e-25
3.63546996e+14 4.17236059e-25
3.45571994e+14 4.12342282e-25
3.28485737e+14 4.52916371e-25
3.12244282e+14 4.83173147e-25
2.96805861e+14 5.10973611e-25
2.82130768e+14 5.26244796e-25
2.68181261e+14 5.53891646e-25
2.54921465e+14 5.61801677e-25
2.42317279e+14 6.11484651e-25
2.30336287e+14 6.51754344e-25
2.18947676e+14 6.68958056e-25
2.08122157e+14 7.05741203e-25
1.97831888e+14 7.43681175e-25
1.88050406e+14 8.05496642e-25
1.78752553e+14 8.16850023e-25
1.69914417e+14 8.80308988e-25
1.61513269e+14 9.14057559e-25
1.53527503e+14 9.70209100e-25
1.45936580e+14 1.00951158e-24
1.38720978e+14 1.07061740e-24
1.31862140e+14 1.11943589e-24
1.25342427e+14 1.17728527e-24
1.19145070e+14 1.23708863e-24
1.13254132e+14 1.31576972e-24
1.07654461e+14 1.37208758e-24
1.02331658e+14 1.45758998e-24
9.72720319e+13 1.52730662e-24
9.24625712e+13 1.61096620e-24
8.78909065e+13 1.66932795e-24
8.35452806e+13 1.77741647e-24
7.94145172e+13 1.87313155e-24
7.54879928e+13 1.97372454e-24
7.17556092e+13 2.06708938e-24
6.82077673e+13 2.17008505e-24
6.48353429e+13 2.28669168e-24
6.16296626e+13 2.41799235e-24
5.85824820e+13 2.53258163e-24
5.56859644e+13 2.68265707e-24
5.29326606e+13 2.79320710e-24
5.03154895e+13 2.94434408e-24
4.78277202e+13 3.09755102e-24
4.54629547e+13 3.25060580e-24
4.32151113e+13 3.43071201e-24
4.10784089e+13 3.59910864e-24
3.90473524e+13 3.79858488e-24
3.71167182e+13 3.98255923e-24
3.52815412e+13 4.18825228e-24
3.35371015e+13 4.40505323e-24
3.18789129e+13 4.64310334e-24
3.03027108e+13 4.90088894e-24
2.88044415e+13 5.15277368e-24
2.73802518e+13 5.41456987e-24
2.60264788e+13 5.70641953e-24
2.47396410e+13 5.97180738e-24
2.35164288e+13 6.31879780e-24
2.23536965e+13 6.62189537e-24
2.12484535e+13 6.97277347e-24
2.01978576e+13 7.32881835e-24
1.91992067e+13 7.72751183e-24
1.82499324e+13 8.09965757e-24
1.73475936e+13 8.53321391e-24
1.64898694e+13 8.98506804e-24
1.56745541e+13 9.44012341e-24
1.48995507e+13 9.94056914e-24
1.41628662e+13 1.04600512e-23
1.34626058e+13 1.09952265e-23
1.27969687e+13 1.15684322e-23
1.21642429e+13 1.21676470e-23
1.15628013e+13 1.27932296e-23
1.09910970e+13 1.34527974e-23
1.04476597e+13 1.41547651e-23
9.93109181e+12 1.49111155e-23
9.44006479e+12 1.56675113e-23
8.97331581e+12 1.64770315e-23
8.52964450e+12 1.73495699e-23
8.10790981e+12 1.82509928e-23
7.70702711e+12 1.92037776e-23
7.32596543e+12 2.01961405e-23
6.96374473e+12 2.12300752e-23
6.61943346e+12 2.23378620e-23
6.29214611e+12 2.35010744e-23
5.98104096e+12 2.47473913e-23
5.68531791e+12 2.60218917e-23
5.40421642e+12 2.73881192e-23
5.13701354e+12 2.88097706e-23
4.88302209e+12 3.03037082e-23
4.64158883e+12 3.18739078e-23
4.41209286e+12 3.35357974e-23
4.19394396e+12 3.52729600e-23
3.98658107e+12 3.70890492e-23
3.78947092e+12 3.90489605e-23
3.60210656e+12 4.10583920e-23
3.42400614e+12 4.32131800e-23
3.25471161e+12 4.54662309e-23
3.09378757e+12 4.78012366e-23
2.94082017e+12 5.03164994e-23
2.79541600e+12 5.29041291e-23
2.65720111e+12 5.56741392e-23
2.52582003e+12 5.85586143e-23
2.40093488e+12 6.16194896e-23
2.28222447e+12 6.48132037e-23
2.16938352e+12 6.81942029e-23
2.06212180e+12 7.17259565e-23
1.96016347e+12 7.54613997e-23
1.86324631e+12 7.93818323e-23
1.77112106e+12 8.35247126e-23
1.68355080e+12 8.78516809e-23
1.60031031e+12 9.24372585e-23
1.52118552e+12 9.72481071e-23
1.44597292e+12 1.02304165e-22
1.37447909e+12 1.07618797e-22
1.30652016e+12 1.13217087e-22
1.24192135e+12 1.19116574e-22
1.18051653e+12 1.25297867e-22
1.12214777e+12 1.31813890e-22
1.06666496e+12 1.38681569e-22
1.01392541e+12 1.45893735e-22
9.63793480e+11 1.53475154e-22
9.16140246e+11 1.61470195e-22
8.70843150e+11 1.69853009e-22
8.27785697e+11 1.78684525e-22
7.86857151e+11 1.87981907e-22
7.47952252e+11 1.97775200e-22
7.10970943e+11 2.08049798e-22
6.75818117e+11 2.18877393e-22
6.42403366e+11 2.30266945e-22
6.10640754e+11 2.42239539e-22
5.80448594e+11 2.54836416e-22
5.51749238e+11 2.68097077e-22
5.24468875e+11 2.82035960e-22
4.98537346e+11 2.96696491e-22
4.73887961e+11 3.12155893e-22
4.50457325e+11 3.28373872e-22
4.28185180e+11 3.45445487e-22
4.07014245e+11 3.63425143e-22
3.86890074e+11 3.82337545e-22
3.67760910e+11 4.02218937e-22
3.49577557e+11 4.23142737e-22
3.32293252e+11 4.45158937e-22
3.15863541e+11 4.68300875e-22
3.00246171e+11 4.92658671e-22
2.85400977e+11 5.18275591e-22
2.71289780e+11 5.45248833e-22
2.57876289e+11 5.73593151e-22
2.45126006e+11 6.03450575e-22
2.33006141e+11 6.34832441e-22
2.21485523e+11 6.67865416e-22
2.10534524e+11 7.02600059e-22
2.00124980e+11 7.39138263e-22
1.90230119e+11 7.77574163e-22
1.80824493e+11 8.18041102e-22
1.71883914e+11 8.60588065e-22
1.63385388e+11 9.05337588e-22
1.55307057e+11 9.52426323e-22
1.47628147e+11 1.00198835e-21
1.40328908e+11 1.05409691e-21
1.33390569e+11 1.10892053e-21
1.26795285e+11 1.16661693e-21
1.20526094e+11 1.22728374e-21
1.14566873e+11 1.29111146e-21
1.08902296e+11 1.35828246e-21
1.03517796e+11 1.42891456e-21
9.83995230e+10 1.50326498e-21
9.35343152e+10 1.58143967e-21
8.89096599e+10 1.66370260e-21
8.45136633e+10 1.75025325e-21
8.03350198e+10 1.84127774e-21
7.63629826e+10 1.93705813e-21
7.25873365e+10 2.03780402e-21
6.89983712e+10 2.14380986e-21
6.55868566e+10 2.25533503e-21
6.23440189e+10 2.37263655e-21
5.92615181e+10 2.49605898e-21
5.63314267e+10 2.62588137e-21
5.35462090e+10 2.76244992e-21
5.08987019e+10 2.90616519e-21
4.83820966e+10 3.05730773e-21
4.59899209e+10 3.21634400e-21
4.37160225e+10 3.38366357e-21
4.15545533e+10 3.55965801e-21
3.94999546e+10 3.74481611e-21
3.75469422e+10 3.93956328e-21
3.56904935e+10 4.14450615e-21
3.39258338e+10 4.36008476e-21
3.22484250e+10 4.58685851e-21
3.06539530e+10 4.82543783e-21
2.91383170e+10 5.07646418e-21
2.76976194e+10 5.34048559e-21
2.63281547e+10 5.61827719e-21
2.50264010e+10 5.91053253e-21
2.37890104e+10 6.21796778e-21
2.26128007e+10 6.54139962e-21
2.14947467e+10 6.88164882e-21
2.04319732e+10 7.23960058e-21
1.94217468e+10 7.61617529e-21
1.84614695e+10 8.01232300e-21
1.75486715e+10 8.42907631e-21
1.66810054e+10 8.86752670e-21
1.58562396e+10 9.32878508e-21
1.50722531e+10 9.81402143e-21
1.43270295e+10 1.03244957e-20
1.36186524e+10 1.08615233e-20
1.29452998e+10 1.14264715e-20
1.23052400e+10 1.20208479e-20
1.16968270e+10 1.26461140e-20
1.11184960e+10 1.33038748e-20
1.05687597e+10 1.39959095e-20
1.00462042e+10 1.47238969e-20
9.54948564e+09 1.54897628e-20
9.07732653e+09 1.62954540e-20
8.62851257e+09 1.71430760e-20
8.20188950e+09 1.80347686e-20
7.79636013e+09 1.89728745e-20
7.41088152e+09 1.99597068e-20
7.04446228e+09 2.09979479e-20
6.69616005e+09 2.20901621e-20
6.36507908e+09 2.32391880e-20
6.05036788e+09 2.44480014e-20
5.75121707e+09 2.57196407e-20
5.46685730e+09 2.70574395e-20
5.19655724e+09 2.84648544e-20
4.93962174e+09 2.99454454e-20
4.69539001e+09 3.15031040e-20
4.46323393e+09 3.31417182e-20
4.24255643e+09 3.48655999e-20
4.03278998e+09 3.66791436e-20
3.83339510e+09 3.85870225e-20
3.64385898e+09 4.05940904e-20
3.46369418e+09 4.27056104e-20
3.29243733e+09 4.49269839e-20
3.12964801e+09 4.72638534e-20
2.97490755e+09 4.97222824e-20
2.82781798e+09 5.23085896e-20
2.68800102e+09 5.50294373e-20
2.55509709e+09 5.78918535e-20
2.42876438e+09 6.09030972e-20
2.30867799e+09 6.40709883e-20
2.19452909e+09 6.74036048e-20
2.08602409e+09 7.09096548e-20
1.98288395e+09 7.45980508e-20
1.88484341e+09 7.84782593e-20
1.79165033e+09 8.25603067e-20
1.70306503e+09 8.68547095e-20
1.61885969e+09 9.13724750e-20
1.53881775e+09 9.61252433e-20
1.46273336e+09 1.01125200e-19
1.39041083e+09 1.06385266e-19
1.32166418e+09 1.11918908e-19
1.25631660e+09 1.17740415e-19
1.19420003e+09 1.23864701e-19
1.13515471e+09 1.30307572e-19
1.07902879e+09 1.37085502e-19
1.02567793e+09 1.44216070e-19
9.74964918e+08 1.51717474e-19
9.26759330e+08 1.59609090e-19
8.80937190e+08 1.67911209e-19
8.37380654e+08 1.76645162e-19
7.95977700e+08 1.85833373e-19
7.56621850e+08 1.95499529e-19
7.19211887e+08 2.05668458e-19
6.83651600e+08 2.16366393e-19
6.49849535e+08 2.27620710e-19
6.17718760e+08 2.39460466e-19
5.87176639e+08 2.51916070e-19
5.58144625e+08 2.65019519e-19
5.30548053e+08 2.78804563e-19
5.04315949e+08 2.93306645e-19
4.79380850e+08 3.08563059e-19
4.55678627e+08 3.24613043e-19
4.33148322e+08 3.41497843e-19
4.11731993e+08 3.59260941e-19
3.91374560e+08 3.77947971e-19
3.72023668e+08 3.97607025e-19
3.53629550e+08 4.18288642e-19
3.36144900e+08 4.40046034e-19
3.19524751e+08 4.62935091e-19
3.03726358e+08 4.87014773e-19
2.88709092e+08 5.12346920e-19
2.74434330e+08 5.38996825e-19
2.60865362e+08 5.67032816e-19
2.47967289e+08 5.96527182e-19
2.35706941e+08 6.27555673e-19
2.24052787e+08 6.60198088e-19
2.12974854e+08 6.94538436e-19
2.02444651e+08 7.30665028e-19
1.92435098e+08 7.68670706e-19
1.82920450e+08 8.08653304e-19
1.73876240e+08 8.50715582e-19
1.65279206e+08 8.94965705e-19
1.57107239e+08 9.41517533e-19
1.49339322e+08 9.90490797e-19
1.41955477e+08 1.04201136e-18
1.34936714e+08 1.09621183e-18
1.28264983e+08 1.15323154e-18
1.21923125e+08 1.21321714e-18
1.15894830e+08 1.27632286e-18
1.10164595e+08 1.34271110e-18
1.04717682e+08 1.41255250e-18
9.95400829e+07 1.48602675e-18
9.46184819e+07 1.56332273e-18
8.99402217e+07 1.64463932e-18
8.54932707e+07 1.73018559e-18
8.12661920e+07 1.82018154e-18
7.72481145e+07 1.91485873e-18
7.34287045e+07 2.01446049e-18
6.97981391e+07 2.11924311e-18
6.63470812e+07 2.22947596e-18
6.30666554e+07 2.34544265e-18
5.99484250e+07 2.46744135e-18
5.69843706e+07 2.59578587e-18
5.41668691e+07 2.73080620e-18
5.14886745e+07 2.87284971e-18
4.89428990e+07 3.02228162e-18
4.65229952e+07 3.17948624e-18
4.42227398e+07 3.34486793e-18
4.20362168e+07 3.51885193e-18
3.99578030e+07 3.70188584e-18
3.79821531e+07 3.89444019e-18
3.61041860e+07 4.09701034e-18
3.43190720e+07 4.31011728e-18
3.26222201e+07 4.53430895e-18
3.10092664e+07 4.77016201e-18
2.94760626e+07 5.01828302e-18
2.80186656e+07 5.27931012e-18
2.66333273e+07 5.55391460e-18
2.53164848e+07 5.84280268e-18
2.40647515e+07 6.14671733e-18
2.28749082e+07 6.46644015e-18
2.17438948e+07 6.80279347e-18
2.06688025e+07 7.15664226e-18
1.96468665e+07 7.52889657e-18
1.86754584e+07 7.92051377e-18
1.77520801e+07 8.33250101e-18
1.68743568e+07 8.76591786e-18
1.60400311e+07 9.22187901e-18
1.52469573e+07 9.70155706e-18
1.44930957e+07 1.02061857e-17
1.37765077e+07 1.07370626e-17
1.30953502e+07 1.12955533e-17
1.24478715e+07 1.18830940e-17
1.18324063e+07 1.25011957e-17
1.12473718e+07 1.31514482e-17
1.06912634e+07 1.38355236e-17
1.01626509e+07 1.45551814e-17
9.66017480e+06 1.53122723e-17
9.18254284e+06 1.61087435e-17
8.72852662e+06 1.69466434e-17
8.29695852e+06 1.78281267e-17
7.88672862e+06 1.87554607e-17
7.49678187e+06 1.97310301e-17
7.12611543e+06 2.07573439e-17
6.77377600e+06 2.18370417e-17
6.43885743e+06 2.29729003e-17
6.12049837e+06 2.41678407e-17
5.81788007e+06 2.54249363e-17
5.53022426e+06 2.67474199e-17
5.25679112e+06 2.81386929e-17
4.99687745e+06 2.96023333e-17
4.74981480e+06 3.11421051e-17
4.51496777e+06 3.27619686e-17
4.29173238e+06 3.44660896e-17
4.07953450e+06 3.62588509e-17
3.87782841e+06 3.81448630e-17
3.68609536e+06 4.01289766e-17
3.50384225e+06 4.22162942e-17
3.33060034e+06 4.44121841e-17
3.16592411e+06 4.67222937e-17
3.00939003e+06 4.91525642e-17
2.86059554e+06 5.17092458e-17
2.71915794e+06 5.43989137e-17
2.58471351e+06 5.72284854e-17
2.45691646e+06 6.02052379e-17
2.33543814e+06 6.33368268e-17
2.21996612e+06 6.66313060e-17
2.11020343e+06 7.00971484e-17
2.00586778e+06 7.37432673e-17
1.90669084e+06 7.75790400e-17
1.81241755e+06 8.16143313e-17
1.72280545e+06 8.58595191e-17
1.63762407e+06 9.03255215e-17
1.55665436e+06 9.50238240e-17
1.47968806e+06 9.99665098e-17
1.40652724e+06 1.05166291e-16
1.33698374e+06 1.10636539e-16
1.27087871e+06 1.16391324e-16
1.20804213e+06 1.22445446e-16
1.14831241e+06 1.28814474e-16
1.09153594e+06 1.35514788e-16
1.03756668e+06 1.42563622e-16
9.86265846e+05 1.49979101e-16
9.37501502e+05 1.57780299e-16
8.91148232e+05 1.65987279e-16
8.47086827e+05 1.74621146e-16
8.05203967e+05 1.83704106e-16
7.65391939e+05 1.93259519e-16
7.27548353e+05 2.03311959e-16
6.91575883e+05 2.13887279e-16
6.57382014e+05 2.25012677e-16
6.24878807e+05 2.36716765e-16
5.93982669e+05 2.49029645e-16
5.64614142e+05 2.61982983e-16
5.36697695e+05 2.75610092e-16
5.10161531e+05 2.89946019e-16
4.84937407e+05 3.05027633e-16
4.60960449e+05 3.20893721e-16
4.38168993e+05 3.37585089e-16
4.16504425e+05 3.55144663e-16
3.95911027e+05 3.73617603e-16
3.76335836e+05 3.93051418e-16
3.57728510e+05 4.13496090e-16
3.40041193e+05 4.35004197e-16
3.23228398e+05 4.57631054e-16
3.07246884e+05 4.81434855e-16
2.92055551e+05 5.06476818e-16
2.77615329e+05 5.32821347e-16
2.63889081e+05 5.60536195e-16
2.50841506e+05 5.89692640e-16
2.38439047e+05 6.20365667e-16
2.26649808e+05 6.52634163e-16
2.15443469e+05 6.86581115e-16
2.04791210e+05 7.22293831e-16
1.94665634e+05 7.59864156e-16
1.85040702e+05 7.99388716e-16
1.75891659e+05 8.40969161e-16
1.67194976e+05 8.84712429e-16
1.58928287e+05 9.30731020e-16
1.51070330e+05 9.79143288e-16
1.43600898e+05 1.03007374e-15
1.36500781e+05 1.08365336e-15
1.29751717e+05 1.14001995e-15
1.23336350e+05 1.19931847e-15
1.17238180e+05 1.26170143e-15
1.11441525e+05 1.32732927e-15
1.05931476e+05 1.39637078e-15
1.00693863e+05 1.46900351e-15
9.57152154e+04 1.54541428e-15
9.09827289e+04 1.62579959e-15
8.64842328e+04 1.71036618e-15
8.22081576e+04 1.79933156e-15
7.81435061e+04 1.89292452e-15
7.42798248e+04 1.99138577e-15
7.06071771e+04 2.09496855e-15
6.71161177e+04 2.20393926e-15
6.37976681e+04 2.31857815e-15
6.06432940e+04 2.43918006e-15
5.76448828e+04 2.56605516e-15
5.47947234e+04 2.69952977e-15
5.20854855e+04 2.83994716e-15
4.95102016e+04 2.98766847e-15
4.70622485e+04 3.14307363e-15
4.47353305e+04 3.30656233e-15
4.25234633e+04 3.47855503e-15
4.04209584e+04 3.65949409e-15
3.84224085e+04 3.84984488e-15
3.65226736e+04 4.05009695e-15
3.47168682e+04 4.26076534e-15
3.30003479e+04 4.48239188e-15
3.13686982e+04 4.71554657e-15
2.98177229e+04 4.96082908e-15
2.83434331e+04 5.21887026e-15
2.69420371e+04 5.49033379e-15
2.56099310e+04 5.77591785e-15
2.43436887e+04 6.07635697e-15
2.31400538e+04 6.39242386e-15
2.19959307e+04 6.72493146e-15
2.09083769e+04 7.07473497e-15
1.98745955e+04 7.44273410e-15
1.88919278e+04 7.82987533e-15
1.79578465e+04 8.23715442e-15
1.70699493e+04 8.66561891e-15
1.62259529e+04 9.11637084e-15
1.54236865e+04 9.59056956e-15
1.46610868e+04 1.00894348e-14
1.39361927e+04 1.06142496e-14
1.32471399e+04 1.11663639e-14
1.25921561e+04 1.17471978e-14
1.19695570e+04 1.23582453e-14
1.13777413e+04 1.30010781e-14
1.08151870e+04 1.36773498e-14
1.02804473e+04 1.43887997e-14
9.77214697e+03 1.51372580e-14
9.28897872e+03 1.59246498e-14
8.82969996e+03 1.67530005e-14
8.39312950e+03 1.76244409e-14
7.97814457e+03 1.85412126e-14
7.58367791e+03 1.95056739e-14
7.20871503e+03 2.05203057e-14
6.85229160e+03 2.15877180e-14
6.51349095e+03 2.27106568e-14
6.19144176e+03 2.38920107e-14
5.88531578e+03 2.51348188e-14
5.59432571e+03 2.64422782e-14
5.31772318e+03 2.78177525e-14
5.05479682e+03 2.92647803e-14
4.80487044e+03 3.07870842e-14
4.56730127e+03 3.23885807e-14
4.34147833e+03 3.40733900e-14
4.12682085e+03 3.58458469e-14
3.92277676e+03 3.77105116e-14
3.72882131e+03 3.96721817e-14
3.54445567e+03 4.17359045e-14
3.36920571e+03 4.39069900e-14
3.20262069e+03 4.61910246e-14
3.04427221e+03 4.85938855e-14
2.89375302e+03 5.11217559e-14
2.75067601e+03 5.37811406e-14
2.61467321e+03 5.65788833e-14
2.48539486e+03 5.95221839e-14
2.36250847e+03 6.26186171e-14
2.24569800e+03 6.58761521e-14
2.13466303e+03 6.93031728e-14
2.02911802e+03 7.29085000e-14
1.92879151e+03 7.67014134e-14
1.83342548e+03 8.06916765e-14
1.74277468e+03 8.48895607e-14
1.65660596e+03 8.93058728e-14
1.57469771e+03 9.39519823e-14
1.49683929e+03 9.88398511e-14
1.42283046e+03 1.03982064e-13
1.35248087e+03 1.09391862e-13
1.28560961e+03 1.15083175e-13
1.22204469e+03 1.21070660e-13
1.16162263e+03 1.27369736e-13
1.10418805e+03 1.33996629e-13
1.04959323e+03 1.40968407e-13
9.97697764e+02 1.48303030e-13
9.48368187e+02 1.56019394e-13
9.01477631e+02 1.64137380e-13
8.56905505e+02 1.72677906e-13
8.14537177e+02 1.81662980e-13
7.74263683e+02 1.91115761e-13
7.35981448e+02 2.01060614e-13
6.99592017e+02 2.11523175e-13
6.65001803e+02 2.22530420e-13
6.32121848e+02 2.34110732e-13
6.00867589e+02 2.46293976e-13
5.71158648e+02 2.59111578e-13
5.42918618e+02 2.72596603e-13
5.16074871e+02 2.86783848e-13
4.90558371e+02 3.01709923e-13
4.66303493e+02 3.17413358e-13
4.43247859e+02 3.33934694e-13
4.21332174e+02 3.51316592e-13
4.00500076e+02 3.69603950e-13
3.80697987e+02 3.88844012e-13
3.61874981e+02 4.09086497e-13
3.43982649e+02 4.30383731e-13
3.26974974e+02 4.52790778e-13
3.10808217e+02 4.76365594e-13
2.95440800e+02 5.01169173e-13
2.80833200e+02 5.27265709e-13
2.66947849e+02 5.54722769e-13
2.53749038e+02 5.83611472e-13
2.41202821e+02 6.14006672e-13
2.29276931e+02 6.45987166e-13
2.17940698e+02 6.79635895e-13
2.07164968e+02 7.15040176e-13
1.96922026e+02 7.52291925e-13
1.87185529e+02 7.91487913e-13
1.77930439e+02 8.32730022e-13
1.69132952e+02 8.76125523e-13
1.60770442e+02 9.21787364e-13
1.52821404e+02 9.69834480e-13
1.45265393e+02 1.02039212e-12
1.38082977e+02 1.07359218e-12
1.31255684e+02 1.12957358e-12
1.24765955e+02 1.18848265e-12
1.18597101e+02 1.25047352e-12
1.12733256e+02 1.31570855e-12
1.07159340e+02 1.38435883e-12
1.01861017e+02 1.45660460e-12
9.68246612e+01 1.53263582e-12
9.20373200e+01 1.61265266e-12
8.74866812e+01 1.69686615e-12
8.31610415e+01 1.78549871e-12
7.90492762e+01 1.87878488e-12
7.51408106e+01 1.97697197e-12
7.14255929e+01 2.08032082e-12
6.78940681e+01 2.18910656e-12
6.45371540e+01 2.30361951e-12
6.13462172e+01 2.42416601e-12
5.83130511e+01 2.55106943e-12
5.54298552e+01 2.68467118e-12
5.26892142e+01 2.82533179e-12
5.00840799e+01 2.97343214e-12
4.76077523e+01 3.12937466e-12
4.52538628e+01 3.29358474e-12
4.30163576e+01 3.46651216e-12
4.08894823e+01 3.64863269e-12
3.88677669e+01 3.84044976e-12
3.69460121e+01 4.04249630e-12
3.51192753e+01 4.25533674e-12
3.33828586e+01 4.47956913e-12
3.17322963e+01 4.71582748e-12
3.01633435e+01 4.96478425e-12
2.86719650e+01 5.21749753e-12
2.72543253e+01 5.49248529e-12
2.59067786e+01 5.78220106e-12
2.46258592e+01 6.08746211e-12
2.34082728e+01 6.40913449e-12
2.22508880e+01 6.74813637e-12
2.11507282e+01 7.10544153e-12
2.01049642e+01 7.48208329e-12
1.91109062e+01 7.87915863e-12
1.81659979e+01 8.29783268e-12
1.72678090e+01 8.73934364e-12
1.64140297e+01 9.20500797e-12
1.56024641e+01 9.69622617e-12
1.48310251e+01 1.02144679e-11
1.40977287e+01 1.07610676e-11
1.34006890e+01 1.13377384e-11
1.27381132e+01 1.19466328e-11
1.21082975e+01 1.25898155e-11
1.15096220e+01 1.32689270e-11
1.09405471e+01 1.39863737e-11
1.03996091e+01 1.47444428e-11
9.88541702e+00 1.55455835e-11
9.39664831e+00 1.63924816e-11
8.93204600e+00 1.72879756e-11
8.49041520e+00 1.82351178e-11
8.07062014e+00 1.92371652e-11
7.67158118e+00 2.02976024e-11
7.29227206e+00 2.14201572e-11
6.93171728e+00 2.26088128e-11
6.58898955e+00 2.38678263e-11
6.26320745e+00 2.52017436e-11
5.95353313e+00 2.66154159e-11
5.65917016e+00 2.81140142e-11
5.37936150e+00 2.97030443e-11
5.11338754e+00 3.13883586e-11
4.86056423e+00 3.31761668e-11
4.62024137e+00 3.50730432e-11
4.39180089e+00 3.70859294e-11
4.17465529e+00 3.92221328e-11
3.96824610e+00 4.14893182e-11
3.77204249e+00 4.38954916e-11
3.58553986e+00 4.64489749e-11
3.40825855e+00 4.91583692e-11
3.23974263e+00 5.20325057e-11
3.07955871e+00 5.50803815e-11
2.92729484e+00 5.83110780e-11
2.78255940e+00 6.17336616e-11
2.64498018e+00 6.53570621e-11
2.51420335e+00 6.91899285e-11
2.38989257e+00 7.32404589e-11
2.27172813e+00 7.75162017e-11
2.15940615e+00 8.20238244e-11
2.05263775e+00 8.67688455e-11
1.95114835e+00 9.17553152e-11
1.85467692e+00 9.69854483e-11
1.76297538e+00 1.02459183e-10
1.67580786e+00 1.08173653e-10
1.59295021e+00 1.13865642e-10
1.51418933e+00 1.19994195e-10
1.43932264e+00 1.26324693e-10
1.36815763e+00 1.32834517e-10
1.30051125e+00 1.39493663e-10
1.23620954e+00 1.46263502e-10
1.17508713e+00 1.53095551e-10
1.11698682e+00 1.59930365e-10
1.06175918e+00 1.66696728e-10
1.00926219e+00 1.73311323e-10
9.59360829e-01 1.79679114e-10
9.11926760e-01 1.85694640e-10
8.66837993e-01 1.91244376e-10
8.23978568e-01 1.96210236e-10
7.83238260e-01 2.00474153e-10
7.44512291e-01 2.03923498e-10
7.07701066e-01 2.06456974e-10
6.72709914e-01 2.07990442e-10
6.39448843e-01 2.08462108e-10
6.07832313e-01 2.07836507e-10
5.77779012e-01 2.06106837e-10
5.49211648e-01 2.03295399e-10
5.22056753e-01 1.99452142e-10
4.96244488e-01 1.94651534e-10
4.71708469e-01 1.91500142e-10
4.48385595e-01 1.84973410e-10
4.26215883e-01 1.77771737e-10
4.05142317e-01 1.70022487e-10
3.85110700e-01 1.61854432e-10
3.66069515e-01 1.53393614e-10
3.47969790e-01 1.44759971e-10
3.30764978e-01 1.36064745e-10
3.14410830e-01 1.27408620e-10
2.98865287e-01 1.18880507e-10
2.84088369e-01 1.10556890e-10
2.70042072e-01 1.02501631e-10
2.56690272e-01 9.47661781e-11
2.43998630e-01 8.73900807e-11
2.31934506e-01 8.04017723e-11
2.20466874e-01 7.38195409e-11
2.09566240e-01 6.76526544e-11
1.99204571e-01 6.19025566e-11
1.89355218e-01 5.65641024e-11
1.79992851e-01 5.16267745e-11
1.71093391e-01 4.70758422e-11
1.62633950e-01 4.28934302e-11
1.54592774e-01 3.90594743e-11
1.46949180e-01 3.55525518e-11
1.39683512e-01 3.23505810e-11
1.32777083e-01 2.94356795e-11
1.26212131e-01 2.67771803e-11
1.19971774e-01 2.43584037e-11
1.14039960e-01 2.21592296e-11
1.08401436e-01 2.01606650e-11
1.03041699e-01 1.83449418e-11
9.79469667e-02 1.66947196e-11
9.31041349e-02 1.51972021e-11
8.85007491e-02 1.38367853e-11
8.41249705e-02 1.26006640e-11
7.99655453e-02 1.14771747e-11
7.60117762e-02 1.04556222e-11
7.22534949e-02 9.52671167e-12
6.86810359e-02 8.68145359e-12
6.52852114e-02 7.91210348e-12
6.20572881e-02 7.21157863e-12
5.89889643e-02 6.57348875e-12
5.60723488e-02 5.99206942e-12
5.32999408e-02 5.46212035e-12
5.06646101e-02 4.97894870e-12
4.81595791e-02 4.53831728e-12
4.57784054e-02 4.13639770e-12
4.35149650e-02 3.76972801e-12
4.13634368e-02 3.43517473e-12
3.93182876e-02 3.12989884e-12
3.73742574e-02 2.85132544e-12
3.55263468e-02 2.60586128e-12
3.37698031e-02 2.37263405e-12
3.21001090e-02 2.15977679e-12
3.05129702e-02 1.96555026e-12
2.90043049e-02 1.78836455e-12
2.75702333e-02 1.62676487e-12
2.62070670e-02 1.47941899e-12
2.49113003e-02 1.34510626e-12
2.36796007e-02 1.22270777e-12
2.25088005e-02 1.11057962e-12
2.13958887e-02 1.00939720e-12
2.03380031e-02 9.17219665e-13
1.93324229e-02 8.33267152e-13
1.83765620e-02 7.56825865e-13
1.74679622e-02 6.87242431e-13
1.66042866e-02 6.23918764e-13
1.57833141e-02 5.66307416e-13
1.50029332e-02 5.13907340e-13
1.42611371e-02 4.66260030e-13
1.35560179e-02 4.22945993e-13
1.28857621e-02 3.83624139e-13
1.22486461e-02 3.47860245e-13
1.16430313e-02 3.15372760e-13
1.10673602e-02 2.85868764e-13
1.05201522e-02 2.59080708e-13
1.00000000e-02 2.34764289e-13
