1.00000000e+20 0.00000000e+00
9.03466021e+19 0.00000000e+00
8.16250851e+19 0.00000000e+00
7.37454909e+19 0.00000000e+00
6.66265452e+19 0.00000000e+00
6.01948197e+19 0.00000000e+00
5.43839743e+19 0.00000000e+00
4.91340729e+19 0.00000000e+00
4.43909653e+19 0.00000000e+00
4.01057288e+19 0.00000000e+00
3.62341632e+19 0.00000000e+00
3.27363353e+19 0.00000000e+00
2.95761666e+19 0.00000000e+00
2.67210616e+19 0.00000000e+00
2.41415712e+19 0.00000000e+00
2.18110892e+19 0.00000000e+00
1.97055780e+19 0.00000000e+00
1.78033202e+19 0.00000000e+00
1.60846948e+19 0.00000000e+00
1.45319752e+19 0.00000000e+00
1.31291459e+19 0.00000000e+00
1.18617372e+19 0.00000000e+00
1.07166765e+19 0.00000000e+00
9.68215306e+18 0.00000000e+00
8.74749630e+18 0.00000000e+00
7.90306568e+18 0.00000000e+00
7.14015130e+18 0.00000000e+00
6.45088409e+18 0.00000000e+00
5.82815458e+18 0.00000000e+00
5.26553963e+18 0.00000000e+00
4.75723614e+18 0.00000000e+00
4.29800121e+18 0.00000000e+00
3.88309805e+18 0.00000000e+00
3.50824714e+18 0.00000000e+00
3.16958209e+18 0.00000000e+00
2.86360972e+18 0.00000000e+00
2.58717408e+18 0.00000000e+00
2.33742387e+18 0.00000000e+00
2.11178304e+18 0.00000000e+00
1.90792422e+18 0.00000000e+00
1.72374471e+18 0.00000000e+00
1.55734477e+18 0.00000000e+00
1.40700809e+18 0.00000000e+00
1.27118400e+18 0.00000000e+00
1.14847155e+18 0.00000000e+00
1.03760502e+18 0.00000000e+00
9.37440879e+17 0.00000000e+00
8.46945981e+17 0.00000000e+00
7.65186915e+17 0.00000000e+00
6.91320378e+17 0.00000000e+00
6.24584471e+17 1.62289883e-59
5.64290847e+17 4.81543537e-56
5.09817606e+17 3.82094575e-53
4.60602884e+17 1.83141330e-50
4.16139055e+17 4.96602994e-48
3.75967497e+17 7.00547608e-46
3.39673858e+17 6.13314640e-44
3.06883789e+17 3.58010253e-42
2.77259076e+17 1.41687558e-40
2.50494154e+17 4.50087388e-39
2.26312957e+17 8.74583196e-38
2.04466067e+17 1.28534852e-36
1.84728144e+17 1.48837724e-35
1.66895601e+17 1.35793030e-34
1.50784505e+17 9.37038481e-34
1.36228676e+17 5.36948745e-33
1.23077980e+17 2.71474285e-32
1.11196773e+17 1.19425638e-31
1.00462506e+17 4.06546988e-31
9.07644607e+16 1.31445463e-30
8.20026062e+16 3.92316667e-30
7.40865683e+16 8.83869483e-30
6.69346971e+16 2.30760636e-29
6.04732245e+16 4.68126002e-29
5.46355035e+16 9.24681924e-29
4.93613210e+16 1.86927930e-28
4.45962763e+16 2.91242914e-28
4.02912203e+16 4.65513938e-28
3.64017485e+16 7.44883750e-28
3.28877429e+16 1.10848321e-27
2.97129582e+16 1.76772981e-27
2.68446481e+16 2.17096196e-27
2.42532274e+16 2.62154073e-27
2.19119669e+16 3.67757290e-27
1.97967175e+16 4.58215134e-27
1.78856616e+16 5.39424899e-27
1.61590875e+16 6.13647166e-27
1.45991865e+16 7.27211777e-27
1.31898690e+16 8.82074052e-27
1.19165984e+16 1.08880466e-26
1.07662418e+16 1.05802755e-26
9.72693362e+15 1.33262918e-26
8.78795401e+15 1.30239920e-26
7.93961785e+15 1.31888919e-26
7.17317494e+15 1.62105111e-26
6.48071983e+15 1.64537874e-26
5.85511016e+15 2.03299776e-26
5.28989308e+15 2.06649046e-26
4.77923865e+15 2.18989595e-26
4.31787973e+15 2.28197963e-26
3.90105762e+15 2.81559001e-26
3.52447300e+15 2.90348615e-26
3.18424160e+15 3.18167049e-26
2.87685409e+15 3.35328802e-26
2.59913992e+15 3.74235843e-26
2.34823460e+15 4.44075250e-26
2.12155017e+15 4.69744807e-26
1.91674849e+15 5.45893785e-26
1.73171713e+15 5.54720729e-26
1.56454759e+15 6.41549685e-26
1.41351558e+15 7.31839144e-26
1.27706330e+15 7.87176335e-26
1.15378330e+15 8.67050275e-26
1.04240401e+15 9.86935225e-26
9.41776601e+14 1.02810455e-25
8.50863158e+14 1.29198229e-25
7.68725952e+14 1.29681275e-25
6.94517777e+14 1.42899290e-25
6.27473213e+14 1.60121723e-25
5.66900727e+14 1.73300137e-25
5.12175544e+14 1.98506163e-25
4.62733201e+14 2.21659106e-25
4.18063724e+14 2.46003690e-25
3.77706369e+14 2.68782709e-25
3.41244871e+14 2.96021470e-25
3.08303146e+14 3.29640191e-25
2.78541416e+14 3.69170810e-25
2.51652705e+14 4.06070225e-25
2.27359668e+14 4.45952558e-25
2.05411735e+14 4.94442746e-25
1.85582523e+14 5.54303006e-25
1.67667503e+14 6.03099914e-25
1.51481892e+14 6.69016532e-25
1.36858742e+14 7.53118578e-25
1.23647224e+14 8.22561994e-25
1.11711065e+14 9.00600678e-25
1.00927151e+14 1.00104172e-24
9.11842520e+13 1.10403540e-24
8.23818733e+13 1.22588025e-24
7.44292233e+13 1.35795009e-24
6.72442742e+13 1.51140016e-24
6.07529169e+13 1.67743006e-24
5.48881961e+13 1.85513423e-24
4.95896201e+13 2.06386783e-24
4.48025368e+13 2.27111696e-24
4.04775697e+13 2.51984616e-24
3.65701088e+13 2.79233226e-24
3.30398507e+13 3.09058420e-24
2.98503825e+13 3.42038816e-24
2.69688063e+13 3.77915019e-24
2.43654001e+13 4.18118512e-24
2.20133111e+13 4.63141788e-24
1.98882786e+13 5.12520869e-24
1.79683839e+13 5.66700974e-24
1.62338243e+13 6.26961797e-24
1.46667087e+13 6.94635551e-24
1.32508729e+13 7.67959864e-24
1.19717134e+13 8.51645350e-24
1.08160363e+13 9.42014331e-24
9.77192128e+12 1.04287726e-23
8.82859884e+12 1.15398652e-23
7.97633907e+12 1.27686405e-23
7.20635132e+12 1.41428387e-23
6.51069356e+12 1.56537704e-23
5.88219040e+12 1.73293351e-23
5.31435916e+12 1.91807196e-23
4.80134292e+12 2.12406492e-23
4.33785019e+12 2.34972032e-23
3.91910025e+12 2.60052498e-23
3.54077391e+12 2.87871127e-23
3.19896892e+12 3.18629284e-23
2.89015972e+12 3.52806503e-23
2.61116110e+12 3.90361246e-23
2.35909533e+12 4.32118951e-23
2.13136247e+12 4.78261044e-23
1.92561357e+12 5.29434536e-23
1.73972643e+12 5.85996467e-23
1.57178372e+12 6.48517001e-23
1.42005318e+12 7.17892159e-23
1.28296980e+12 7.94697176e-23
1.15911962e+12 8.79523229e-23
1.04722519e+12 9.73481266e-23
9.46132376e+11 1.07747683e-22
8.54798453e+11 1.19261964e-22
7.72281357e+11 1.32005582e-22
6.97729965e+11 1.46109635e-22
6.30375315e+11 1.61726167e-22
5.69522678e+11 1.79002211e-22
5.14544388e+11 1.98141335e-22
4.64873371e+11 2.19301579e-22
4.19997295e+11 2.42743058e-22
3.79453285e+11 2.68665732e-22
3.42823149e+11 2.97374602e-22
3.09729067e+11 3.29156338e-22
2.79829688e+11 3.64324260e-22
2.52816614e+11 4.03255487e-22
2.28411221e+11 4.46335312e-22
2.06361777e+11 4.94031356e-22
1.86440853e+11 5.46820231e-22
1.68442976e+11 6.05242727e-22
1.52182505e+11 6.69912353e-22
1.37491723e+11 7.41493411e-22
1.24219100e+11 8.20708232e-22
1.12227736e+11 9.08410472e-22
1.01393946e+11 1.00547556e-21
9.16059848e+10 1.11290363e-21
8.27628946e+10 1.23182535e-21
7.47734631e+10 1.36343245e-21
6.75552832e+10 1.50911421e-21
6.10339029e+10 1.67035643e-21
5.51420574e+10 1.84884420e-21
4.98189752e+10 2.04638719e-21
4.50097513e+10 2.26504002e-21
4.06647809e+10 2.50705625e-21
3.67392478e+10 2.77494118e-21
3.31926620e+10 3.07143363e-21
2.99884423e+10 3.39961729e-21
2.70935387e+10 3.76286158e-21
2.44780916e+10 4.16491844e-21
2.21151240e+10 4.60992585e-21
1.99802631e+10 5.10250274e-21
1.80514888e+10 5.64769100e-21
1.63089068e+10 6.25113558e-21
1.47345431e+10 6.91905975e-21
1.33121590e+10 7.65834203e-21
1.20270833e+10 8.47663454e-21
1.08660611e+10 9.38235245e-21
9.81711702e+09 1.03848104e-20
8.86943166e+09 1.14944428e-20
8.01323013e+09 1.27226142e-20
7.23968114e+09 1.40819978e-20
6.54080591e+09 1.55866338e-20
5.90939590e+09 1.72520534e-20
5.33893840e+09 1.90954107e-20
4.82354943e+09 2.11357044e-20
4.35791301e+09 2.33940372e-20
3.93722633e+09 2.58936570e-20
3.55715021e+09 2.86603552e-20
3.21376434e+09 3.17226802e-20
2.90352688e+09 3.51121940e-20
2.62323788e+09 3.88638754e-20
2.37000629e+09 4.30163997e-20
2.14122015e+09 4.76126496e-20
1.93451965e+09 5.26999852e-20
1.74777277e+09 5.83309129e-20
1.57905331e+09 6.45634793e-20
1.42662102e+09 7.14620034e-20
1.28890361e+09 7.90975813e-20
1.16448062e+09 8.75490438e-20
1.05206867e+09 9.69035429e-20
9.50508296e+08 1.07257530e-19
8.58751948e+08 1.18717828e-19
7.75853206e+08 1.31402654e-19
7.00957009e+08 1.45442834e-19
6.33290840e+08 1.60983193e-19
5.72156756e+08 1.78183984e-19
5.16924187e+08 1.97222675e-19
4.67023439e+08 2.18295622e-19
4.21939808e+08 2.41620163e-19
3.81208280e+08 2.67436939e-19
3.44408728e+08 2.96012148e-19
3.11161583e+08 3.27640619e-19
2.81123917e+08 3.62648510e-19
2.53985907e+08 4.01396960e-19
2.29467637e+08 4.44285620e-19
2.07316213e+08 4.91756867e-19
1.87303154e+08 5.44300344e-19
1.69222035e+08 6.02458018e-19
1.52886359e+08 6.66829766e-19
1.38127630e+08 7.38079516e-19
1.24793621e+08 8.16942173e-19
1.12746796e+08 9.04231213e-19
1.01862899e+08 1.00084697e-18
9.20296681e+07 1.10778596e-18
8.31456781e+07 1.22615119e-18
7.51192949e+07 1.35716360e-18
6.78677305e+07 1.50217452e-18
6.13161884e+07 1.66267957e-18
5.53970928e+07 1.84033436e-18
5.00493910e+07 2.03697131e-18
4.52179242e+07 2.25461862e-18
4.08528580e+07 2.49552121e-18
3.69091691e+07 2.76216389e-18
3.33461802e+07 3.05729695e-18
3.01271407e+07 3.38396450e-18
2.72188479e+07 3.74553602e-18
2.45913043e+07 4.14574086e-18
2.22174078e+07 4.58870704e-18
2.00726730e+07 5.07900344e-18
1.81349780e+07 5.62168729e-18
1.63843365e+07 6.22235613e-18
1.48026913e+07 6.88720550e-18
1.33737286e+07 7.62309304e-18
1.20827094e+07 8.43760901e-18
1.09163173e+07 9.33915486e-18
9.86252179e+06 1.03370295e-17
8.91045332e+06 1.14415255e-17
8.05029181e+06 1.26640353e-17
7.27316511e+06 1.40171684e-17
6.57105755e+06 1.55148818e-17
5.93672722e+06 1.71726236e-17
5.36363132e+06 1.90074926e-17
4.84585864e+06 2.10384147e-17
4.37806863e+06 2.32863378e-17
3.95543624e+06 2.57744481e-17
3.57360225e+06 2.85284093e-17
3.22862820e+06 3.15766272e-17
2.91695588e+06 3.49505426e-17
2.63537052e+06 3.86849560e-17
2.38096772e+06 4.28183859e-17
2.15112343e+06 4.73934668e-17
1.94346693e+06 5.24573884e-17
1.75585633e+06 5.80623827e-17
1.58635653e+06 6.42662625e-17
1.43321923e+06 7.11330179e-17
1.29486487e+06 7.87334762e-17
1.16986641e+06 8.71460328e-17
1.05693455e+06 9.64574590e-17
9.54904456e+05 1.06763798e-16
8.62723729e+05 1.18171355e-16
7.79441575e+05 1.30797794e-16
7.04198979e+05 1.44773350e-16
6.36219849e+05 1.60242176e-16
5.74803016e+05 1.77363826e-16
5.19314994e+05 1.96314900e-16
4.69183451e+05 2.17290873e-16
4.23891306e+05 2.40508102e-16
3.82971391e+05 2.66206063e-16
3.46001639e+05 2.94649819e-16
3.12600724e+05 3.26132757e-16
2.82424133e+05 3.60979611e-16
2.55160607e+05 3.99549812e-16
2.30528939e+05 4.42241199e-16
2.08275063e+05 4.89494115e-16
1.88169442e+05 5.41795961e-16
1.70004698e+05 5.99686210e-16
1.53593468e+05 6.63761984e-16
1.38766479e+05 7.34684204e-16
1.25370799e+05 8.13184414e-16
1.13268257e+05 9.00072322e-16
1.02334021e+05 9.96244159e-16
9.24553110e+04 1.10269192e-15
8.35302320e+04 1.22051359e-15
7.54667263e+04 1.35092448e-15
6.81816229e+04 1.49526978e-15
6.15997796e+04 1.65503839e-15
5.56533078e+04 1.83187833e-15
5.02808725e+04 2.02761370e-15
4.54270599e+04 2.24426355e-15
4.10418050e+04 2.48406263e-15
3.70798763e+04 2.74948455e-15
3.35004083e+04 3.04326720e-15
3.02664806e+04 3.36844107e-15
2.73447368e+04 3.72836048e-15
2.47050406e+04 4.12673822e-15
2.23201647e+04 4.56768384e-15
2.01655104e+04 5.05574605e-15
1.82188534e+04 5.59595969e-15
1.64601150e+04 6.19389768e-15
1.48711546e+04 6.85572854e-15
1.34355829e+04 7.58828003e-15
1.21385926e+04 8.39910968e-15
1.09668060e+04 9.29658278e-15
9.90813657e+03 1.02899587e-14
8.95166472e+03 1.13894867e-14
8.08752491e+03 1.26065114e-14
7.30680395e+03 1.39535904e-14
6.60144909e+03 1.54446235e-14
5.96418495e+03 1.70949966e-14
5.38843844e+03 1.89217409e-14
4.86827104e+03 2.09437083e-14
4.39831747e+03 2.31817668e-14
3.97373038e+03 2.56590159e-14
3.59013038e+03 2.84010258e-14
3.24356081e+03 3.14361017e-14
2.93044698e+03 3.47955768e-14
2.64755927e+03 3.85141364e-14
2.39197984e+03 4.26301777e-14
2.16107251e+03 4.71862070e-14
1.95245558e+03 5.22292803e-14
1.76397728e+03 5.78114919e-14
1.59369353e+03 6.39905144e-14
1.43984795e+03 7.08301975e-14
1.30085370e+03 7.84012322e-14
1.17527712e+03 8.67818851e-14
1.06182294e+03 9.60588139e-14
9.59320948e+02 1.06327970e-13
8.66713880e+02 1.17695598e-13
7.83046540e+02 1.30279351e-13
7.07455942e+02 1.44209511e-13
6.39162405e+02 1.59630367e-13
5.77461515e+02 1.76701716e-13
5.21716858e+02 1.95600554e-13
4.71353453e+02 2.16522935e-13
4.25851829e+02 2.39686048e-13
3.84742658e+02 2.65330510e-13
3.47601918e+02 2.93722932e-13
3.14046522e+02 3.25158760e-13
2.83730362e+02 3.59965436e-13
2.56340741e+02 3.98505925e-13
2.31595149e+02 4.41182637e-13
2.09238348e+02 4.88441807e-13
1.89039738e+02 5.40778373e-13
1.70790980e+02 5.98741442e-13
1.54303847e+02 6.62940388e-13
1.39408283e+02 7.34051702e-13
1.25950646e+02 8.12826657e-13
1.13792129e+02 9.00099947e-13
1.02807322e+02 9.96799402e-13
9.28829225e+01 1.10395696e-12
8.39165644e+01 1.22272111e-12
7.58157646e+01 1.35437095e-12
6.84969672e+01 1.50033232e-12
6.18846824e+01 1.66219614e-12
5.59107078e+01 1.84173948e-12
5.05134247e+01 2.04094991e-12
4.56371628e+01 2.26205367e-12
4.12316259e+01 2.50754848e-12
3.72513730e+01 2.78024195e-12
3.36553498e+01 3.08329693e-12
3.04064649e+01 3.42028510e-12
2.74712079e+01 3.78763975e-12
2.48193029e+01 4.20252649e-12
2.24233968e+01 4.66430537e-12
2.02587771e+01 5.17865465e-12
1.83031168e+01 5.75203974e-12
1.65362441e+01 6.39184754e-12
1.49399346e+01 7.10667959e-12
1.34977233e+01 7.90531692e-12
1.21947344e+01 8.80013723e-12
1.10175281e+01 9.80393831e-12
9.95396231e+00 1.09320356e-11
8.99306672e+00 1.22022380e-11
8.12493021e+00 1.36356510e-11
7.34059837e+00 1.52572842e-11
6.63198120e+00 1.70969251e-11
5.99176967e+00 1.91902200e-11
5.41336030e+00 2.15800275e-11
4.89078709e+00 2.43181015e-11
4.41865996e+00 2.74671839e-11
3.99210913e+00 3.11036062e-11
3.60673495e+00 3.53205140e-11
3.25856248e+00 4.02318606e-11
2.94400048e+00 4.59773404e-11
2.65980440e+00 5.27284715e-11
2.40304289e+00 6.06960808e-11
2.17106760e+00 7.00843522e-11
1.96148581e+00 8.13027647e-11
1.77213578e+00 9.48037848e-11
1.60106446e+00 1.10899431e-10
1.44650734e+00 1.30261404e-10
1.30687023e+00 1.53619240e-10
1.18071285e+00 1.81870896e-10
1.06673394e+00 2.16119276e-10
9.63757866e-01 2.57718321e-10
8.70722485e-01 3.08330697e-10
7.86668179e-01 3.69991886e-10
7.10727970e-01 4.45201236e-10
6.42118571e-01 5.37020775e-10
5.80132310e-01 6.49202431e-10
5.24129830e-01 7.86342399e-10
4.73533492e-01 9.54069967e-10
4.27821420e-01 1.15927846e-09
3.86522116e-01 1.41040754e-09
3.49209598e-01 1.71778824e-09
3.15499006e-01 2.09406419e-09
2.85042632e-01 2.55470576e-09
2.57526333e-01 3.11863676e-09
2.32666291e-01 3.80899761e-09
2.10206088e-01 4.65407337e-09
1.89914058e-01 5.68842024e-09
1.71580899e-01 6.95423003e-09
1.55017512e-01 8.50297856e-09
1.40053055e-01 1.03974105e-08
1.26533176e-01 1.27139196e-08
1.14318425e-01 1.55453884e-08
1.03282813e-01 1.90045543e-08
9.33125118e-02 2.32279682e-08
8.43046837e-02 2.83805996e-08
7.61664172e-02 3.46611250e-08
6.88137699e-02 4.23078917e-08
6.21709029e-02 5.16054860e-08
5.61692982e-02 6.28917279e-08
5.07470524e-02 7.65647632e-08
4.58482375e-02 9.30897044e-08
4.14223247e-02 1.13003983e-07
3.74236629e-02 1.36920209e-07
3.38110078e-02 1.65524900e-07
3.05470967e-02 1.99570988e-07
2.75982639e-02 2.39861589e-07
2.49340937e-02 2.87222245e-07
2.25271064e-02 3.42458698e-07
2.03524752e-02 4.06296998e-07
1.83877698e-02 4.79301523e-07
1.66127252e-02 5.61763132e-07
1.50090328e-02 6.53543986e-07
1.35601511e-02 7.53861484e-07
1.22511358e-02 8.61001559e-07
1.10684849e-02 9.71985769e-07
1.00000000e-02 1.08228420e-06
