1.00000000e+20 0.00000000e+00
9.50556592e+19 0.00000000e+00
9.03557835e+19 0.00000000e+00
8.58882856e+19 0.00000000e+00
8.16416760e+19 0.00000000e+00
7.76050334e+19 0.00000000e+00
7.37679760e+19 0.00000000e+00
7.01206359e+19 0.00000000e+00
6.66536327e+19 0.00000000e+00
6.33580499e+19 0.00000000e+00
6.02254120e+19 0.00000000e+00
5.72476624e+19 0.00000000e+00
5.44171429e+19 0.00000000e+00
5.17265739e+19 0.00000000e+00
4.91690358e+19 0.00000000e+00
4.67379511e+19 0.00000000e+00
4.44270675e+19 0.00000000e+00
4.22304419e+19 0.00000000e+00
4.01424249e+19 0.00000000e+00
3.81576466e+19 0.00000000e+00
3.62710025e+19 0.00000000e+00
3.44776405e+19 0.00000000e+00
3.27729485e+19 0.00000000e+00
3.11525422e+19 0.00000000e+00
2.96122544e+19 0.00000000e+00
2.81481236e+19 0.00000000e+00
2.67563844e+19 0.00000000e+00
2.54334576e+19 0.00000000e+00
2.41759408e+19 0.00000000e+00
2.29805999e+19 0.00000000e+00
2.18443607e+19 0.00000000e+00
2.07643011e+19 0.00000000e+00
1.97376433e+19 0.00000000e+00
1.87617469e+19 0.00000000e+00
1.78341022e+19 0.00000000e+00
1.69523234e+19 0.00000000e+00
1.61141428e+19 0.00000000e+00
1.53174046e+19 0.00000000e+00
1.45600600e+19 0.00000000e+00
1.38401610e+19 0.00000000e+00
1.31558562e+19 0.00000000e+00
1.25053859e+19 0.00000000e+00
1.18870770e+19 0.00000000e+00
1.12993394e+19 0.00000000e+00
1.07406615e+19 0.00000000e+00
1.02096066e+19 0.00000000e+00
9.70480888e+18 0.00000000e+00
9.22497005e+18 0.00000000e+00
8.76885609e+18 0.00000000e+00
8.33529397e+18 0.00000000e+00
7.92316862e+18 0.00000000e+00
7.53142017e+18 0.00000000e+00
7.15904109e+18 0.00000000e+00
6.80507370e+18 0.00000000e+00
6.46860766e+18 0.00000000e+00
6.14877765e+18 0.00000000e+00
5.84476113e+18 0.00000000e+00
5.55577622e+18 0.00000000e+00
5.28107971e+18 0.00000000e+00
5.01996513e+18 0.00000000e+00
4.77176095e+18 0.00000000e+00
4.53582883e+18 0.00000000e+00
4.31156199e+18 0.00000000e+00
4.09838367e+18 0.00000000e+00
3.89574562e+18 0.00000000e+00
3.70312668e+18 0.00000000e+00
3.52003147e+18 0.00000000e+00
3.34598912e+18 0.00000000e+00
3.18055202e+18 0.00000000e+00
3.02329468e+18 0.00000000e+00
2.87381269e+18 0.00000000e+00
2.73172160e+18 0.00000000e+00
2.59665597e+18 0.00000000e+00
2.46826845e+18 0.00000000e+00
2.34622885e+18 0.00000000e+00
2.23022330e+18 0.00000000e+00
2.11995346e+18 0.00000000e+00
2.01513573e+18 0.00000000e+00
1.91550056e+18 0.00000000e+00
1.82079168e+18 0.00000000e+00
1.73076553e+18 0.00000000e+00
1.64519059e+18 0.00000000e+00
1.56384676e+18 0.00000000e+00
1.48652484e+18 0.00000000e+00
1.41302599e+18 0.00000000e+00
1.34316117e+18 0.00000000e+00
1.27675070e+18 0.00000000e+00
1.21362380e+18 0.00000000e+00
1.15361810e+18 0.00000000e+00
1.09657929e+18 0.00000000e+00
1.04236067e+18 0.00000000e+00
9.90822810e+17 0.00000000e+00
9.41833153e+17 0.00000000e+00
8.95265713e+17 0.00000000e+00
8.51000725e+17 0.00000000e+00
8.08924349e+17 0.00000000e+00
7.68928372e+17 0.00000000e+00
7.30909933e+17 0.00000000e+00
6.94771255e+17 0.00000000e+00
6.60419396e+17 0.00000000e+00
6.27766011e+17 0.00000000e+00
5.96727120e+17 0.00000000e+00
5.67222897e+17 0.00000000e+00
5.39177464e+17 0.00000000e+00
5.12518693e+17 0.00000000e+00
4.87178022e+17 5.57899917e-58
4.63090280e+17 3.50251481e-56
4.40193519e+17 1.42553442e-54
4.18428851e+17 4.45761307e-53
3.97740302e+17 1.21262405e-51
3.78074666e+17 2.91050377e-50
3.59381366e+17 5.80103562e-49
3.41612327e+17 1.08079120e-47
3.24721849e+17 1.74663041e-46
3.08666494e+17 2.24559624e-45
2.93404971e+17 2.46406071e-44
2.78898029e+17 2.56598776e-43
2.65108360e+17 2.55486390e-42
2.52000499e+17 1.93455860e-41
2.39540736e+17 1.36928852e-40
2.27697026e+17 9.93606960e-40
2.16438909e+17 5.67892801e-39
2.05737431e+17 3.16043206e-38
1.95565072e+17 1.73298823e-37
1.85895668e+17 7.81098382e-37
1.76704353e+17 3.36583393e-36
1.67967487e+17 1.27785197e-35
1.59662602e+17 5.03384708e-35
1.51768339e+17 1.76317871e-34
1.44264395e+17 5.82927039e-34
1.37131472e+17 1.71359787e-33
1.30351224e+17 5.22679218e-33
1.23906216e+17 1.40463171e-32
1.17779870e+17 3.60883085e-32
1.11956432e+17 9.67295602e-32
1.06420924e+17 2.24040363e-31
1.01159111e+17 5.25936812e-31
9.61574600e+16 1.09209994e-30
9.14031075e+16 2.52946946e-30
8.68838264e+16 4.60015928e-30
8.25879939e+16 9.71489025e-30
7.85045620e+16 1.77235195e-29
7.46230289e+16 3.31759373e-29
7.09334120e+16 6.53625372e-29
6.74262224e+16 1.06937508e-28
6.40924402e+16 1.63542309e-28
6.09234915e+16 2.69004202e-28
5.79112265e+16 4.39557379e-28
5.50478981e+16 7.01471550e-28
5.23261424e+16 1.14765473e-27
4.97389596e+16 1.42012930e-27
4.72796959e+16 2.32827561e-27
4.49420266e+16 3.20689113e-27
4.27199397e+16 4.59924292e-27
4.06077203e+16 5.68614186e-27
3.85999362e+16 7.15602098e-27
3.66914238e+16 1.17078464e-26
3.48772747e+16 1.44877358e-26
3.31528234e+16 1.74570293e-26
3.15136348e+16 2.31581930e-26
2.99554933e+16 2.79980952e-26
2.84743917e+16 3.70619076e-26
2.70665207e+16 4.46075132e-26
2.57282597e+16 5.51605571e-26
2.44561668e+16 6.94424423e-26
2.32469706e+16 6.77039596e-26
2.20975611e+16 8.58032804e-26
2.10049824e+16 1.08142301e-25
1.99664245e+16 1.33843961e-25
1.89792164e+16 1.30765968e-25
1.80408193e+16 1.57599476e-25
1.71488197e+16 1.83640509e-25
1.63009236e+16 2.04701198e-25
1.54949504e+16 2.16723354e-25
1.47288272e+16 2.43092850e-25
1.40005838e+16 2.70392096e-25
1.33083472e+16 3.16184589e-25
1.26503372e+16 3.10509691e-25
1.20248614e+16 3.74354130e-25
1.14303113e+16 3.68224339e-25
1.08651577e+16 3.66065713e-25
1.03279473e+16 4.52085465e-25
9.81729841e+15 4.48881191e-25
9.33189772e+15 4.44226509e-25
8.87049689e+15 5.57184606e-25
8.43190929e+15 5.56300382e-25
8.01500696e+15 5.60509806e-25
7.61871770e+15 7.10292128e-25
7.24202233e+15 6.94890044e-25
6.88395207e+15 7.05200771e-25
6.54358602e+15 7.22004170e-25
6.22004883e+15 7.08303849e-25
5.91250841e+15 8.86100642e-25
5.62017385e+15 9.00366005e-25
5.34229330e+15 9.11950240e-25
5.07815211e+15 9.30096804e-25
4.82707097e+15 9.43416253e-25
4.58840413e+15 9.72540973e-25
4.36153779e+15 1.16884406e-24
4.14588850e+15 1.16477505e-24
3.94090164e+15 1.24299954e-24
3.74605003e+15 1.23258520e-24
3.56083255e+15 1.32218023e-24
3.38477286e+15 1.33360647e-24
3.21741815e+15 1.50799633e-24
3.05833803e+15 1.47039551e-24
2.90712338e+15 1.43782047e-24
2.76338529e+15 1.66107502e-24
2.62675410e+15 1.70672061e-24
2.49687843e+15 1.85192741e-24
2.37342425e+15 1.92537110e-24
2.25607407e+15 1.93472524e-24
2.14452608e+15 2.03371573e-24
2.03849340e+15 2.08367696e-24
1.93770334e+15 2.36220641e-24
1.84189668e+15 2.49675652e-24
1.75082703e+15 2.53354293e-24
1.66426018e+15 2.45530571e-24
1.58197348e+15 2.68652326e-24
1.50375532e+15 3.04211796e-24
1.42940453e+15 3.13912117e-24
1.35872990e+15 2.98733632e-24
1.29154967e+15 2.91680592e-24
1.22769105e+15 3.78989452e-24
1.16698982e+15 3.66732370e-24
1.10928986e+15 3.94520573e-24
1.05444279e+15 3.89059792e-24
1.00230755e+15 4.37980088e-24
9.52750047e+14 4.55657560e-24
9.05642838e+14 5.15774473e-24
8.60864770e+14 5.49547270e-24
8.18300682e+14 5.36223287e-24
7.77841107e+14 5.49995053e-24
7.39381992e+14 5.51982291e-24
7.02824426e+14 6.21487251e-24
6.68074392e+14 6.30065991e-24
6.35042517e+14 6.79064850e-24
6.03643851e+14 7.03218012e-24
5.73797641e+14 7.39096546e-24
5.45427131e+14 7.82373231e-24
5.18459354e+14 8.04402922e-24
4.92824957e+14 8.54559360e-24
4.68458012e+14 9.02473797e-24
4.45295851e+14 9.39806408e-24
4.23278907e+14 9.83081434e-24
4.02350555e+14 1.06890378e-23
3.82456972e+14 1.07933702e-23
3.63546996e+14 1.11465410e-23
3.45571994e+14 1.22826749e-23
3.28485737e+14 1.28046290e-23
3.12244282e+14 1.37439465e-23
2.96805861e+14 1.44711411e-23
2.82130768e+14 1.49226418e-23
2.68181261e+14 1.58319914e-23
2.54921465e+14 1.64407702e-23
2.42317279e+14 1.72908781e-23
2.30336287e+14 1.81677099e-23
2.18947676e+14 1.89190495e-23
2.08122157e+14 2.01345501e-23
1.97831888e+14 2.12705326e-23
1.88050406e+14 2.21579811e-23
1.78752553e+14 2.37265914e-23
1.69914417e+14 2.40761831e-23
1.61513269e+14 2.56594116e-23
1.53527503e+14 2.67161488e-23
1.45936580e+14 2.89046045e-23
1.38720978e+14 3.04437796e-23
1.31862140e+14 3.18426507e-23
1.25342427e+14 3.31806567e-23
1.19145070e+14 3.46688623e-23
1.13254132e+14 3.74063195e-23
1.07654461e+14 3.86952232e-23
1.02331658e+14 4.08564315e-23
9.72720319e+13 4.28633912e-23
9.24625712e+13 4.52128936e-23
8.78909065e+13 4.78100158e-23
8.35452806e+13 5.02656388e-23
7.94145172e+13 5.31111522e-23
7.54879928e+13 5.53110402e-23
7.17556092e+13 5.82770481e-23
6.82077673e+13 6.11104834e-23
6.48353429e+13 6.43753973e-23
6.16296626e+13 6.78874475e-23
5.85824820e+13 7.14141625e-23
5.56859644e+13 7.48070310e-23
5.29326606e+13 7.85434208e-23
5.03154895e+13 8.27293577e-23
4.78277202e+13 8.73967314e-23
4.54629547e+13 9.16565368e-23
4.32151113e+13 9.67953747e-23
4.10784089e+13 1.01246709e-22
3.90473524e+13 1.06270490e-22
3.71167182e+13 1.12810491e-22
3.52815412e+13 1.18227374e-22
3.35371015e+13 1.24932287e-22
3.18789129e+13 1.30582653e-22
3.03027108e+13 1.37768826e-22
2.88044415e+13 1.44639021e-22
2.73802518e+13 1.52294020e-22
2.60264788e+13 1.60528496e-22
2.47396410e+13 1.68566003e-22
2.35164288e+13 1.76601615e-22
2.23536965e+13 1.86499375e-22
2.12484535e+13 1.96541537e-22
2.01978576e+13 2.06203458e-22
1.91992067e+13 2.16745932e-22
1.82499324e+13 2.28584026e-22
1.73475936e+13 2.40105728e-22
1.64898694e+13 2.52510661e-22
1.56745541e+13 2.65907005e-22
1.48995507e+13 2.79725645e-22
1.41628662e+13 2.94794661e-22
1.34626058e+13 3.09401088e-22
1.27969687e+13 3.25266744e-22
1.21642429e+13 3.42524258e-22
1.15628013e+13 3.60215833e-22
1.09910970e+13 3.79522172e-22
1.04476597e+13 3.98672561e-22
9.93109181e+12 4.19555700e-22
9.44006479e+12 4.41985111e-22
8.97331581e+12 4.64890599e-22
8.52964450e+12 4.88604109e-22
8.10790981e+12 5.13911298e-22
7.70702711e+12 5.40729369e-22
7.32596543e+12 5.68804638e-22
6.96374473e+12 5.98926454e-22
6.61943346e+12 6.29690099e-22
6.29214611e+12 6.62760130e-22
5.98104096e+12 6.97106258e-22
5.68531791e+12 7.33105147e-22
5.40421642e+12 7.71540625e-22
5.13701354e+12 8.11643879e-22
4.88302209e+12 8.53634635e-22
4.64158883e+12 8.98052421e-22
4.41209286e+12 9.44205843e-22
4.19394396e+12 9.93403148e-22
3.98658107e+12 1.04535014e-21
3.78947092e+12 1.09971211e-21
3.60210656e+12 1.15680342e-21
3.42400614e+12 1.21732694e-21
3.25471161e+12 1.28037272e-21
3.09378757e+12 1.34717848e-21
2.94082017e+12 1.41683728e-21
2.79541600e+12 1.49117155e-21
2.65720111e+12 1.56833097e-21
2.52582003e+12 1.65038451e-21
2.40093488e+12 1.73578333e-21
2.28222447e+12 1.82578847e-21
2.16938352e+12 1.92128898e-21
2.06212180e+12 2.02103067e-21
1.96016347e+12 2.12602235e-21
1.86324631e+12 2.23692921e-21
1.77112106e+12 2.35302524e-21
1.68355080e+12 2.47613510e-21
1.60031031e+12 2.60438240e-21
1.52118552e+12 2.73994639e-21
1.44597292e+12 2.88219998e-21
1.37447909e+12 3.03205129e-21
1.30652016e+12 3.19018453e-21
1.24192135e+12 3.35636166e-21
1.18051653e+12 3.53055403e-21
1.12214777e+12 3.71416130e-21
1.06666496e+12 3.90711737e-21
1.01392541e+12 4.11087538e-21
9.63793480e+11 4.32425900e-21
9.16140246e+11 4.54872924e-21
8.70843150e+11 4.78603668e-21
8.27785697e+11 5.03473373e-21
7.86857151e+11 5.29654263e-21
7.47952252e+11 5.57221986e-21
7.10970943e+11 5.86180406e-21
6.75818117e+11 6.16707357e-21
6.42403366e+11 6.48742264e-21
6.10640754e+11 6.82548236e-21
5.80448594e+11 7.18003071e-21
5.51749238e+11 7.55329318e-21
5.24468875e+11 7.94645921e-21
4.98537346e+11 8.35932472e-21
4.73887961e+11 8.79456982e-21
4.50457325e+11 9.25237463e-21
4.28185180e+11 9.73319734e-21
4.07014245e+11 1.02392741e-20
3.86890074e+11 1.07718067e-20
3.67760910e+11 1.13330538e-20
3.49577557e+11 1.19226299e-20
3.32293252e+11 1.25424541e-20
3.15863541e+11 1.31949064e-20
3.00246171e+11 1.38807984e-20
2.85400977e+11 1.46030338e-20
2.71289780e+11 1.53625256e-20
2.57876289e+11 1.61616843e-20
2.45126006e+11 1.70023740e-20
2.33006141e+11 1.78864463e-20
2.21485523e+11 1.88171063e-20
2.10534524e+11 1.97957665e-20
2.00124980e+11 2.08252046e-20
1.90230119e+11 2.19083267e-20
1.80824493e+11 2.30482995e-20
1.71883914e+11 2.42470472e-20
1.63385388e+11 2.55077554e-20
1.55307057e+11 2.68349687e-20
1.47628147e+11 2.82307535e-20
1.40328908e+11 2.96987622e-20
1.33390569e+11 3.12442249e-20
1.26795285e+11 3.28692222e-20
1.20526094e+11 3.45787144e-20
1.14566873e+11 3.63771818e-20
1.08902296e+11 3.82692787e-20
1.03517796e+11 4.02601804e-20
9.83995230e+10 4.23545033e-20
9.35343152e+10 4.45573375e-20
8.89096599e+10 4.68752944e-20
8.45136633e+10 4.93128942e-20
8.03350198e+10 5.18779200e-20
7.63629826e+10 5.45767721e-20
7.25873365e+10 5.74158085e-20
6.89983712e+10 6.04018203e-20
6.55868566e+10 6.35440854e-20
6.23440189e+10 6.68489694e-20
5.92615181e+10 7.03258762e-20
5.63314267e+10 7.39841443e-20
5.35462090e+10 7.78324228e-20
5.08987019e+10 8.18807673e-20
4.83820966e+10 8.61396982e-20
4.59899209e+10 9.06206902e-20
4.37160225e+10 9.53343896e-20
4.15545533e+10 1.00293128e-19
3.94999546e+10 1.05509954e-19
3.75469422e+10 1.10998100e-19
3.56904935e+10 1.16771213e-19
3.39258338e+10 1.22845030e-19
3.22484250e+10 1.29235091e-19
3.06539530e+10 1.35957191e-19
2.91383170e+10 1.43029335e-19
2.76976194e+10 1.50468545e-19
2.63281547e+10 1.58295364e-19
2.50264010e+10 1.66529465e-19
2.37890104e+10 1.75191473e-19
2.26128007e+10 1.84304474e-19
2.14947467e+10 1.93890352e-19
2.04319732e+10 2.03975739e-19
1.94217468e+10 2.14585917e-19
1.84614695e+10 2.25747781e-19
1.75486715e+10 2.37489809e-19
1.66810054e+10 2.49842649e-19
1.58562396e+10 2.62837968e-19
1.50722531e+10 2.76510170e-19
1.43270295e+10 2.90892912e-19
1.36186524e+10 3.06023420e-19
1.29452998e+10 3.21940955e-19
1.23052400e+10 3.38687174e-19
1.16968270e+10 3.56304129e-19
1.11184960e+10 3.74837253e-19
1.05687597e+10 3.94334386e-19
1.00462042e+10 4.14846348e-19
9.54948564e+09 4.36423738e-19
9.07732653e+09 4.59124226e-19
8.62851257e+09 4.83006528e-19
8.20188950e+09 5.08129817e-19
7.79636013e+09 5.34560215e-19
7.41088152e+09 5.62366599e-19
7.04446228e+09 5.91617619e-19
6.69616005e+09 6.22389786e-19
6.36507908e+09 6.54763897e-19
6.05036788e+09 6.88822990e-19
5.75121707e+09 7.24650988e-19
5.46685730e+09 7.62344520e-19
5.19655724e+09 8.01998104e-19
4.93962174e+09 8.43714211e-19
4.69539001e+09 8.87600004e-19
4.46323393e+09 9.33769468e-19
4.24255643e+09 9.82338460e-19
4.03278998e+09 1.03343465e-18
3.83339510e+09 1.08718905e-18
3.64385898e+09 1.14374009e-18
3.46369418e+09 1.20323177e-18
3.29243733e+09 1.26581867e-18
3.12964801e+09 1.33166039e-18
2.97490755e+09 1.40092636e-18
2.82781798e+09 1.47379606e-18
2.68800102e+09 1.55045478e-18
2.55509709e+09 1.63110358e-18
2.42876438e+09 1.71594450e-18
2.30867799e+09 1.80519976e-18
2.19452909e+09 1.89909815e-18
2.08602409e+09 1.99788016e-18
1.98288395e+09 2.10180018e-18
1.88484341e+09 2.21112565e-18
1.79165033e+09 2.32613798e-18
1.70306503e+09 2.44713197e-18
1.61885969e+09 2.57442162e-18
1.53881775e+09 2.70833051e-18
1.46273336e+09 2.84920531e-18
1.39041083e+09 2.99740682e-18
1.32166418e+09 3.15331713e-18
1.25631660e+09 3.31733773e-18
1.19420003e+09 3.48988959e-18
1.13515471e+09 3.67141678e-18
1.07902879e+09 3.86238627e-18
1.02567793e+09 4.06328979e-18
9.74964918e+08 4.27464242e-18
9.26759330e+08 4.49698958e-18
8.80937190e+08 4.73090026e-18
8.37380654e+08 4.97697996e-18
7.95977700e+08 5.23585864e-18
7.56621850e+08 5.50820349e-18
7.19211887e+08 5.79471354e-18
6.83651600e+08 6.09612662e-18
6.49849535e+08 6.41321740e-18
6.17718760e+08 6.74680380e-18
5.87176639e+08 7.09773841e-18
5.58144625e+08 7.46692885e-18
5.30548053e+08 7.85532328e-18
5.04315949e+08 8.26391943e-18
4.79380850e+08 8.69376947e-18
4.55678627e+08 9.14597763e-18
4.33148322e+08 9.62170724e-18
4.11731993e+08 1.01221830e-17
3.91374560e+08 1.06486902e-17
3.72023668e+08 1.12025847e-17
3.53629550e+08 1.17852895e-17
3.36144900e+08 1.23983027e-17
3.19524751e+08 1.30432040e-17
3.03726358e+08 1.37216490e-17
2.88709092e+08 1.44353846e-17
2.74434330e+08 1.51862424e-17
2.60865362e+08 1.59761586e-17
2.47967289e+08 1.68071629e-17
2.35706941e+08 1.76813913e-17
2.24052787e+08 1.86010918e-17
2.12974854e+08 1.95686319e-17
2.02444651e+08 2.05864990e-17
1.92435098e+08 2.16573094e-17
1.82920450e+08 2.27838192e-17
1.73876240e+08 2.39689240e-17
1.65279206e+08 2.52156740e-17
1.57107239e+08 2.65272734e-17
1.49339322e+08 2.79070946e-17
1.41955477e+08 2.93586884e-17
1.34936714e+08 3.08857867e-17
1.28264983e+08 3.24923180e-17
1.21923125e+08 3.41824120e-17
1.15894830e+08 3.59604183e-17
1.10164595e+08 3.78309062e-17
1.04717682e+08 3.97986899e-17
9.95400829e+07 4.18688273e-17
9.46184819e+07 4.40466428e-17
8.99402217e+07 4.63377399e-17
8.54932707e+07 4.87480060e-17
8.12661920e+07 5.12836455e-17
7.72481145e+07 5.39511757e-17
7.34287045e+07 5.67574573e-17
6.97981391e+07 5.97097092e-17
6.63470812e+07 6.28155224e-17
6.30666554e+07 6.60828851e-17
5.99484250e+07 6.95202002e-17
5.69843706e+07 7.31363101e-17
5.41668691e+07 7.69405105e-17
5.14886745e+07 8.09425871e-17
4.89428990e+07 8.51528347e-17
4.65229952e+07 8.95820769e-17
4.42227398e+07 9.42417080e-17
4.20362168e+07 9.91437117e-17
3.99578030e+07 1.04300693e-16
3.79821531e+07 1.09725917e-16
3.61041860e+07 1.15433334e-16
3.43190720e+07 1.21437624e-16
3.26222201e+07 1.27754229e-16
3.10092664e+07 1.34399393e-16
2.94760626e+07 1.41390207e-16
2.80186656e+07 1.48744650e-16
2.66333273e+07 1.56481634e-16
2.53164848e+07 1.64621062e-16
2.40647515e+07 1.73183862e-16
2.28749082e+07 1.82192059e-16
2.17438948e+07 1.91668818e-16
2.06688025e+07 2.01638515e-16
1.96468665e+07 2.12126786e-16
1.86754584e+07 2.23160607e-16
1.77520801e+07 2.34768355e-16
1.68743568e+07 2.46979880e-16
1.60400311e+07 2.59826594e-16
1.52469573e+07 2.73341532e-16
1.44930957e+07 2.87559451e-16
1.37765077e+07 3.02516919e-16
1.30953502e+07 3.18252403e-16
1.24478715e+07 3.34806372e-16
1.18324063e+07 3.52221399e-16
1.12473718e+07 3.70542273e-16
1.06912634e+07 3.89816111e-16
1.01626509e+07 4.10092482e-16
9.66017480e+06 4.31423532e-16
9.18254284e+06 4.53864121e-16
8.72852662e+06 4.77471963e-16
8.29695852e+06 5.02307773e-16
7.88672862e+06 5.28435424e-16
7.49678187e+06 5.55922110e-16
7.12611543e+06 5.84838520e-16
6.77377600e+06 6.15259025e-16
6.43885743e+06 6.47261860e-16
6.12049837e+06 6.80929329e-16
5.81788007e+06 7.16348020e-16
5.53022426e+06 7.53609021e-16
5.25679112e+06 7.92808161e-16
4.99687745e+06 8.34046254e-16
4.74981480e+06 8.77429357e-16
4.51496777e+06 9.23069041e-16
4.29173238e+06 9.71082683e-16
4.07953450e+06 1.02159377e-15
3.87782841e+06 1.07473220e-15
3.68609536e+06 1.13063463e-15
3.50384225e+06 1.18944485e-15
3.33060034e+06 1.25131409e-15
3.16592411e+06 1.31640147e-15
3.00939003e+06 1.38487439e-15
2.86059554e+06 1.45690895e-15
2.71915794e+06 1.53269040e-15
2.58471351e+06 1.61241364e-15
2.45691646e+06 1.69628370e-15
2.33543814e+06 1.78451629e-15
2.21996612e+06 1.87733831e-15
2.11020343e+06 1.97498850e-15
2.00586778e+06 2.07771798e-15
1.90669084e+06 2.18579096e-15
1.81241755e+06 2.29948538e-15
1.72280545e+06 2.41909365e-15
1.63762407e+06 2.54492337e-15
1.55665436e+06 2.67729816e-15
1.47968806e+06 2.81655845e-15
1.40652724e+06 2.96306240e-15
1.33698374e+06 3.11718680e-15
1.27087871e+06 3.27932801e-15
1.20804213e+06 3.44990304e-15
1.14831241e+06 3.62935058e-15
1.09153594e+06 3.81813212e-15
1.03756668e+06 4.01673319e-15
9.86265846e+05 4.22566455e-15
9.37501502e+05 4.44546353e-15
8.91148232e+05 4.67669541e-15
8.47086827e+05 4.91995488e-15
8.05203967e+05 5.17586756e-15
7.65391939e+05 5.44509162e-15
7.27548353e+05 5.72831944e-15
6.91575883e+05 6.02627943e-15
6.57382014e+05 6.33973791e-15
6.24878807e+05 6.66950102e-15
5.93982669e+05 7.01641686e-15
5.64614142e+05 7.38137763e-15
5.36697695e+05 7.76532195e-15
5.10161531e+05 8.16923726e-15
4.84937407e+05 8.59416235e-15
4.60960449e+05 9.04119006e-15
4.38168993e+05 9.51147006e-15
4.16504425e+05 1.00062118e-14
3.95911027e+05 1.05266878e-14
3.76335836e+05 1.10742365e-14
3.57728510e+05 1.16502661e-14
3.40041193e+05 1.22562581e-14
3.23228398e+05 1.28937710e-14
3.07246884e+05 1.35644444e-14
2.92055551e+05 1.42700032e-14
2.77615329e+05 1.50122618e-14
2.63889081e+05 1.57931294e-14
2.50841506e+05 1.66146140e-14
2.38439047e+05 1.74788286e-14
2.26649808e+05 1.83879957e-14
2.15443469e+05 1.93444535e-14
2.04791210e+05 2.03506619e-14
1.94665634e+05 2.14092087e-14
1.85040702e+05 2.25228164e-14
1.75891659e+05 2.36943489e-14
1.67194976e+05 2.49268193e-14
1.58928287e+05 2.62233973e-14
1.51070330e+05 2.75874176e-14
1.43600898e+05 2.90223881e-14
1.36500781e+05 3.05319994e-14
1.29751717e+05 3.21201341e-14
1.23336350e+05 3.37908767e-14
1.17238180e+05 3.55485240e-14
1.11441525e+05 3.73975964e-14
1.05931476e+05 3.93428497e-14
1.00693863e+05 4.13892868e-14
9.57152154e+04 4.35421708e-14
9.09827289e+04 4.58070387e-14
8.64842328e+04 4.81897155e-14
8.22081576e+04 5.06963293e-14
7.81435061e+04 5.33333267e-14
7.42798248e+04 5.61074900e-14
7.06071771e+04 5.90259539e-14
6.71161177e+04 6.20962246e-14
6.37976681e+04 6.53261985e-14
6.06432940e+04 6.87241829e-14
5.76448828e+04 7.22989172e-14
5.47947234e+04 7.60595954e-14
5.20854855e+04 8.00158898e-14
4.95102016e+04 8.41779757e-14
4.70622485e+04 8.85565579e-14
4.47353305e+04 9.31628979e-14
4.25234633e+04 9.80088432e-14
4.04209584e+04 1.03106858e-13
3.84224085e+04 1.08470053e-13
3.65226736e+04 1.14112223e-13
3.47168682e+04 1.20047881e-13
3.30003479e+04 1.26292292e-13
3.13686982e+04 1.32861518e-13
2.98177229e+04 1.39772454e-13
2.83434331e+04 1.47042877e-13
2.69420371e+04 1.54691486e-13
2.56099310e+04 1.62737954e-13
2.43436887e+04 1.71202978e-13
2.31400538e+04 1.80108331e-13
2.19959307e+04 1.89476917e-13
2.09083769e+04 1.99332836e-13
1.98745955e+04 2.09701438e-13
1.88919278e+04 2.20609392e-13
1.79578465e+04 2.32084757e-13
1.70699493e+04 2.44157049e-13
1.62259529e+04 2.56857322e-13
1.54236865e+04 2.70218245e-13
1.46610868e+04 2.84274185e-13
1.39361927e+04 2.99061298e-13
1.32471399e+04 3.14617624e-13
1.25921561e+04 3.30983178e-13
1.19695570e+04 3.48200059e-13
1.13777413e+04 3.66312556e-13
1.08151870e+04 3.85367264e-13
1.02804473e+04 4.05413201e-13
9.77214697e+03 4.26501936e-13
9.28897872e+03 4.48687721e-13
8.82969996e+03 4.72027632e-13
8.39312950e+03 4.96581715e-13
7.97814457e+03 5.22413140e-13
7.58367791e+03 5.49588365e-13
7.20871503e+03 5.78177307e-13
6.85229160e+03 6.08253521e-13
6.51349095e+03 6.39894391e-13
6.19144176e+03 6.73181327e-13
5.88531578e+03 7.08199977e-13
5.59432571e+03 7.45040448e-13
5.31772318e+03 7.83797537e-13
5.05479682e+03 8.24570974e-13
4.80487044e+03 8.67465682e-13
4.56730127e+03 9.12592045e-13
4.34147833e+03 9.60066195e-13
4.12682085e+03 1.01001031e-12
3.92277676e+03 1.06255292e-12
3.72882131e+03 1.11782927e-12
3.54445567e+03 1.17598163e-12
3.36920571e+03 1.23715967e-12
3.20262069e+03 1.30152087e-12
3.04427221e+03 1.36923091e-12
2.89375302e+03 1.44046410e-12
2.75067601e+03 1.51540382e-12
2.61467321e+03 1.59424301e-12
2.48539486e+03 1.67718465e-12
2.36250847e+03 1.76444232e-12
2.24569800e+03 1.85624070e-12
2.13466303e+03 1.95281619e-12
2.02911802e+03 2.05441750e-12
1.92879151e+03 2.16130633e-12
1.83342548e+03 2.27375799e-12
1.74277468e+03 2.39206214e-12
1.65660596e+03 2.51652358e-12
1.57469771e+03 2.64746296e-12
1.49683929e+03 2.78521766e-12
1.42283046e+03 2.93014268e-12
1.35248087e+03 3.08261151e-12
1.28560961e+03 3.24301713e-12
1.22204469e+03 3.41177304e-12
1.16162263e+03 3.58931431e-12
1.10418805e+03 3.77609872e-12
1.04959323e+03 3.97260794e-12
9.97697764e+02 4.17934879e-12
9.48368187e+02 4.39685459e-12
9.01477631e+02 4.62568647e-12
8.56905505e+02 4.86643494e-12
8.14537177e+02 5.11972131e-12
7.74263683e+02 5.38619940e-12
7.35981448e+02 5.66655724e-12
6.99592017e+02 5.96151881e-12
6.65001803e+02 6.27184598e-12
6.32121848e+02 6.59834052e-12
6.00867589e+02 6.94184615e-12
5.71158648e+02 7.30325078e-12
5.42918618e+02 7.68348887e-12
5.16074871e+02 8.08354384e-12
4.90558371e+02 8.50445068e-12
4.66303493e+02 8.94729869e-12
4.43247859e+02 9.41323433e-12
4.21332174e+02 9.90346428e-12
4.00500076e+02 1.04192586e-11
3.80697987e+02 1.09619542e-11
3.61874981e+02 1.15329582e-11
3.43982649e+02 1.21337518e-11
3.26974974e+02 1.27658944e-11
3.10808217e+02 1.34310274e-11
2.95440800e+02 1.41308788e-11
2.80833200e+02 1.48672679e-11
2.66947849e+02 1.56421102e-11
2.53749038e+02 1.64574224e-11
2.41202821e+02 1.73153279e-11
2.29276931e+02 1.82180629e-11
2.17940698e+02 1.91679818e-11
2.07164968e+02 2.01675646e-11
1.96922026e+02 2.12194228e-11
1.87185529e+02 2.23263070e-11
1.77930439e+02 2.34911147e-11
1.69132952e+02 2.47168979e-11
1.60770442e+02 2.60068720e-11
1.52821404e+02 2.73644246e-11
1.45265393e+02 2.87931254e-11
1.38082977e+02 3.02967357e-11
1.31255684e+02 3.18792198e-11
1.24765955e+02 3.35447561e-11
1.18597101e+02 3.52977491e-11
1.12733256e+02 3.71428424e-11
1.07159340e+02 3.90849323e-11
1.01861017e+02 4.11291824e-11
9.68246612e+01 4.32810389e-11
9.20373200e+01 4.55462470e-11
8.74866812e+01 4.79308687e-11
8.31610415e+01 5.04413010e-11
7.90492762e+01 5.30842963e-11
7.51408106e+01 5.58669834e-11
7.14255929e+01 5.87968905e-11
6.78940681e+01 6.18819693e-11
6.45371540e+01 6.51306213e-11
6.13462172e+01 6.85517257e-11
5.83130511e+01 7.21546696e-11
5.54298552e+01 7.59493799e-11
5.26892142e+01 7.99463590e-11
5.00840799e+01 8.41567211e-11
4.76077523e+01 8.85922337e-11
4.52538628e+01 9.32653609e-11
4.30163576e+01 9.81893105e-11
4.08894823e+01 1.03378086e-10
3.88677669e+01 1.08846541e-10
3.69460121e+01 1.14610442e-10
3.51192753e+01 1.20686530e-10
3.33828586e+01 1.27092600e-10
3.17322963e+01 1.33847570e-10
3.01633435e+01 1.40971573e-10
2.86719650e+01 1.48211766e-10
2.72543253e+01 1.56095360e-10
2.59067786e+01 1.64409570e-10
2.46258592e+01 1.73179296e-10
2.34082728e+01 1.82431045e-10
2.22508880e+01 1.92193057e-10
2.11507282e+01 2.02495442e-10
2.01049642e+01 2.13370331e-10
1.91109062e+01 2.24852036e-10
1.81659979e+01 2.36977234e-10
1.72678090e+01 2.49785164e-10
1.64140297e+01 2.63317846e-10
1.56024641e+01 2.77620324e-10
1.48310251e+01 2.92746331e-10
1.40977287e+01 3.08722912e-10
1.34006890e+01 3.25623799e-10
1.27381132e+01 3.43513336e-10
1.21082975e+01 3.62460566e-10
1.15096220e+01 3.82523369e-10
1.09405471e+01 4.03783613e-10
1.03996091e+01 4.26321479e-10
9.88541702e+00 4.50223900e-10
9.39664831e+00 4.75587251e-10
8.93204600e+00 5.02515139e-10
8.49041520e+00 5.31120752e-10
8.07062014e+00 5.61527063e-10
7.67158118e+00 5.93868155e-10
7.29227206e+00 6.28290416e-10
6.93171728e+00 6.64953719e-10
6.58898955e+00 7.04032995e-10
6.26320745e+00 7.45719809e-10
5.95353313e+00 7.90224220e-10
5.65917016e+00 8.37776795e-10
5.37936150e+00 8.88630895e-10
5.11338754e+00 9.43065199e-10
4.86056423e+00 1.00138653e-09
4.62024137e+00 1.06393301e-09
4.39180089e+00 1.13107753e-09
4.17465529e+00 1.20323172e-09
3.96824610e+00 1.28085021e-09
3.77204249e+00 1.36443552e-09
3.58553986e+00 1.45454342e-09
3.40825855e+00 1.55178886e-09
3.23974263e+00 1.65685267e-09
3.07955871e+00 1.77048883e-09
2.92729484e+00 1.89353270e-09
2.78255940e+00 2.02691004e-09
2.64498018e+00 2.17164706e-09
2.51420335e+00 2.32888148e-09
2.38989257e+00 2.49987490e-09
2.27172813e+00 2.68602636e-09
2.15940615e+00 2.88659247e-09
2.05263775e+00 3.10748852e-09
1.95114835e+00 3.34869380e-09
1.85467692e+00 3.61232617e-09
1.76297538e+00 3.90478110e-09
1.67580786e+00 4.22102510e-09
1.59295021e+00 4.56760566e-09
1.51418933e+00 4.94767247e-09
1.43932264e+00 5.36476952e-09
1.36815763e+00 5.82282414e-09
1.30051125e+00 6.32618764e-09
1.23620954e+00 6.87968033e-09
1.17508713e+00 7.48864103e-09
1.11698682e+00 8.15898183e-09
1.06175918e+00 8.89724834e-09
1.00926219e+00 9.71068629e-09
9.59360829e-01 1.06073148e-08
9.11926760e-01 1.15960074e-08
8.66837993e-01 1.26866366e-08
8.23978568e-01 1.38899594e-08
7.83238260e-01 1.52180326e-08
7.44512291e-01 1.66841334e-08
7.07701066e-01 1.83029384e-08
6.72709914e-01 2.00906678e-08
6.39448843e-01 2.20652433e-08
6.07832313e-01 2.42464620e-08
5.77779012e-01 2.66561868e-08
5.49211648e-01 2.93185551e-08
5.22056753e-01 3.22602080e-08
4.96244488e-01 3.55105398e-08
4.71708469e-01 3.91019718e-08
4.48385595e-01 4.30702499e-08
4.26215883e-01 4.74547691e-08
4.05142317e-01 5.22989265e-08
3.85110700e-01 5.76505033e-08
3.66069515e-01 6.35620788e-08
3.47969790e-01 7.00914768e-08
3.30764978e-01 7.73022462e-08
3.14410830e-01 8.52641755e-08
2.98865287e-01 9.40538429e-08
2.84088369e-01 1.03755201e-07
2.70042072e-01 1.14460193e-07
2.56690272e-01 1.26269405e-07
2.43998630e-01 1.39292742e-07
2.31934506e-01 1.53650127e-07
2.20466874e-01 1.69472222e-07
2.09566240e-01 1.86901153e-07
1.99204571e-01 2.06091233e-07
1.89355218e-01 2.27209665e-07
1.79992851e-01 2.50437217e-07
1.71093391e-01 2.75968834e-07
1.62633950e-01 3.04014173e-07
1.54592774e-01 3.34798021e-07
1.46949180e-01 3.68560570e-07
1.39683512e-01 4.05557505e-07
1.32777083e-01 4.46059849e-07
1.26212131e-01 4.90353534e-07
1.19971774e-01 5.38738619e-07
1.14039960e-01 5.91528116e-07
1.08401436e-01 6.49046341e-07
1.03041699e-01 7.11626735e-07
9.79469667e-02 7.79609088e-07
9.31041349e-02 8.53336103e-07
8.85007491e-02 9.33149241e-07
8.41249705e-02 1.01938379e-06
7.99655453e-02 1.11236313e-06
7.60117762e-02 1.21239212e-06
7.22534949e-02 1.31974965e-06
6.86810359e-02 1.43468015e-06
6.52852114e-02 1.55738422e-06
6.20572881e-02 1.68800794e-06
5.89889643e-02 1.82663094e-06
5.60723488e-02 1.97325274e-06
5.32999408e-02 2.12777693e-06
5.06646101e-02 2.28999286e-06
4.81595791e-02 2.45955407e-06
4.57784054e-02 2.63595328e-06
4.35149650e-02 2.81849374e-06
4.13634368e-02 3.00625744e-06
3.93182876e-02 3.19807153e-06
3.73742574e-02 3.39247529e-06
3.55263468e-02 3.58769090e-06
3.37698031e-02 3.78160574e-06
3.21001090e-02 3.97176518e-06
3.05129702e-02 4.15539137e-06
2.90043049e-02 4.32942699e-06
2.75702333e-02 4.49061085e-06
2.62070670e-02 4.63558568e-06
2.49113003e-02 4.76103521e-06
2.36796007e-02 4.86384226e-06
2.25088005e-02 4.94125572e-06
2.13958887e-02 4.99105048e-06
2.03380031e-02 5.01166379e-06
1.93324229e-02 5.00229309e-06
1.83765620e-02 4.96294480e-06
1.74679622e-02 4.89442964e-06
1.66042866e-02 4.79830683e-06
1.57833141e-02 4.67678568e-06
1.50029332e-02 4.53265444e-06
1.42611371e-02 4.37072410e-06
1.35560179e-02 4.19232795e-06
1.28857621e-02 3.99618710e-06
1.22486461e-02 3.79400982e-06
1.16430313e-02 3.58567849e-06
1.10673602e-02 3.37418712e-06
1.05201522e-02 3.16243617e-06
1.00000000e-02 2.95281341e-06
