1.00000000e+20 0.00000000e+00
9.50556592e+19 0.00000000e+00
9.03557835e+19 0.00000000e+00
8.58882856e+19 0.00000000e+00
8.16416760e+19 0.00000000e+00
7.76050334e+19 0.00000000e+00
7.37679760e+19 0.00000000e+00
7.01206359e+19 0.00000000e+00
6.66536327e+19 0.00000000e+00
6.33580499e+19 0.00000000e+00
6.02254120e+19 0.00000000e+00
5.72476624e+19 0.00000000e+00
5.44171429e+19 0.00000000e+00
5.17265739e+19 0.00000000e+00
4.91690358e+19 0.00000000e+00
4.67379511e+19 0.00000000e+00
4.44270675e+19 0.00000000e+00
4.22304419e+19 0.00000000e+00
4.01424249e+19 0.00000000e+00
3.81576466e+19 0.00000000e+00
3.62710025e+19 0.00000000e+00
3.44776405e+19 0.00000000e+00
3.27729485e+19 0.00000000e+00
3.11525422e+19 0.00000000e+00
2.96122544e+19 0.00000000e+00
2.81481236e+19 0.00000000e+00
2.67563844e+19 0.00000000e+00
2.54334576e+19 0.00000000e+00
2.41759408e+19 0.00000000e+00
2.29805999e+19 0.00000000e+00
2.18443607e+19 0.00000000e+00
2.07643011e+19 0.00000000e+00
1.97376433e+19 0.00000000e+00
1.87617469e+19 0.00000000e+00
1.78341022e+19 0.00000000e+00
1.69523234e+19 0.00000000e+00
1.61141428e+19 0.00000000e+00
1.53174046e+19 0.00000000e+00
1.45600600e+19 0.00000000e+00
1.38401610e+19 0.00000000e+00
1.31558562e+19 0.00000000e+00
1.25053859e+19 0.00000000e+00
1.18870770e+19 0.00000000e+00
1.12993394e+19 0.00000000e+00
1.07406615e+19 0.00000000e+00
1.02096066e+19 0.00000000e+00
9.70480888e+18 0.00000000e+00
9.22497005e+18 0.00000000e+00
8.76885609e+18 0.00000000e+00
8.33529397e+18 0.00000000e+00
7.92316862e+18 0.00000000e+00
7.53142017e+18 0.00000000e+00
7.15904109e+18 0.00000000e+00
6.80507370e+18 0.00000000e+00
6.46860766e+18 0.00000000e+00
6.14877765e+18 0.00000000e+00
5.84476113e+18 0.00000000e+00
5.55577622e+18 0.00000000e+00
5.28107971e+18 0.00000000e+00
5.01996513e+18 0.00000000e+00
4.77176095e+18 0.00000000e+00
4.53582883e+18 0.00000000e+00
4.31156199e+18 0.00000000e+00
4.09838367e+18 0.00000000e+00
3.89574562e+18 0.00000000e+00
3.70312668e+18 0.00000000e+00
3.52003147e+18 0.00000000e+00
3.34598912e+18 0.00000000e+00
3.18055202e+18 0.00000000e+00
3.02329468e+18 0.00000000e+00
2.87381269e+18 0.00000000e+00
2.73172160e+18 0.00000000e+00
2.59665597e+18 0.00000000e+00
2.46826845e+18 0.00000000e+00
2.34622885e+18 0.00000000e+00
2.23022330e+18 0.00000000e+00
2.11995346e+18 0.00000000e+00
2.01513573e+18 0.00000000e+00
1.91550056e+18 0.00000000e+00
1.82079168e+18 0.00000000e+00
1.73076553e+18 0.00000000e+00
1.64519059e+18 0.00000000e+00
1.56384676e+18 0.00000000e+00
1.48652484e+18 0.00000000e+00
1.41302599e+18 0.00000000e+00
1.34316117e+18 0.00000000e+00
1.27675070e+18 0.00000000e+00
1.21362380e+18 0.00000000e+00
1.15361810e+18 0.00000000e+00
1.09657929e+18 0.00000000e+00
1.04236067e+18 0.00000000e+00
9.90822810e+17 0.00000000e+00
9.41833153e+17 0.00000000e+00
8.95265713e+17 0.00000000e+00
8.51000725e+17 0.00000000e+00
8.08924349e+17 0.00000000e+00
7.68928372e+17 0.00000000e+00
7.30909933e+17 0.00000000e+00
6.94771255e+17 0.00000000e+00
6.60419396e+17 0.00000000e+00
6.27766011e+17 0.00000000e+00
5.96727120e+17 0.00000000e+00
5.67222897e+17 0.00000000e+00
5.39177464e+17 0.00000000e+00
5.12518693e+17 0.00000000e+00
4.87178022e+17 0.00000000e+00
4.63090280e+17 0.00000000e+00
4.40193519e+17 0.00000000e+00
4.18428851e+17 0.00000000e+00
3.97740302e+17 0.00000000e+00
3.78074666e+17 0.00000000e+00
3.59381366e+17 1.67587480e-58
3.41612327e+17 7.25113189e-57
3.24721849e+17 3.01273916e-55
3.08666494e+17 7.61064379e-54
2.93404971e+17 2.18455616e-52
2.78898029e+17 4.98164374e-51
2.65108360e+17 9.26297944e-50
2.52000499e+17 1.42016814e-48
2.39540736e+17 2.19171448e-47
2.27697026e+17 2.60320980e-46
2.16438909e+17 2.37966239e-45
2.05737431e+17 2.82644501e-44
1.95565072e+17 2.05097442e-43
1.85895668e+17 1.65604733e-42
1.76704353e+17 1.22071753e-41
1.67967487e+17 7.74849365e-41
1.59662602e+17 4.24880142e-40
1.51768339e+17 2.19525183e-39
1.44264395e+17 1.06575323e-38
1.37131472e+17 4.60854880e-38
1.30351224e+17 1.93589551e-37
1.23906216e+17 8.73542147e-37
1.17779870e+17 2.67428753e-36
1.11956432e+17 1.01157490e-35
1.06420924e+17 3.09686506e-35
1.01159111e+17 9.07503602e-35
9.61574600e+16 2.43243388e-34
9.14031075e+16 6.71289263e-34
8.68838264e+16 1.71844018e-33
8.25879939e+16 4.61808216e-33
7.85045620e+16 9.35672992e-33
7.46230289e+16 2.50570962e-32
7.09334120e+16 4.57133248e-32
6.74262224e+16 1.05639726e-31
6.40924402e+16 2.19048741e-31
6.09234915e+16 3.50066506e-31
5.79112265e+16 7.11644201e-31
5.50478981e+16 1.16283856e-30
5.23261424e+16 2.41119827e-30
4.97389596e+16 3.85338783e-30
4.72796959e+16 6.31755670e-30
4.49420266e+16 1.03681284e-29
4.27199397e+16 1.58249449e-29
4.06077203e+16 2.58770092e-29
3.85999362e+16 3.25833889e-29
3.66914238e+16 4.98306349e-29
3.48772747e+16 7.57752657e-29
3.31528234e+16 1.08485399e-28
3.15136348e+16 1.65582068e-28
2.99554933e+16 2.08385562e-28
2.84743917e+16 2.63983599e-28
2.70665207e+16 3.32400780e-28
2.57282597e+16 5.08354158e-28
2.44561668e+16 5.91264569e-28
2.32469706e+16 7.53755813e-28
2.20975611e+16 9.05653457e-28
2.10049824e+16 1.05223577e-27
1.99664245e+16 1.26686552e-27
1.89792164e+16 1.56608089e-27
1.80408193e+16 1.97156490e-27
1.71488197e+16 2.49862527e-27
1.63009236e+16 3.14744696e-27
1.54949504e+16 3.07154356e-27
1.47288272e+16 3.80449299e-27
1.40005838e+16 4.58948493e-27
1.33083472e+16 4.48071043e-27
1.26503372e+16 5.22311633e-27
1.20248614e+16 5.82258758e-27
1.14303113e+16 6.52328638e-27
1.08651577e+16 7.87555586e-27
1.03279473e+16 7.71604704e-27
9.81729841e+15 8.98333384e-27
9.33189772e+15 8.90416673e-27
8.87049689e+15 1.07321502e-26
8.43190929e+15 1.05728141e-26
8.01500696e+15 1.31294419e-26
7.61871770e+15 1.29889423e-26
7.24202233e+15 1.29883363e-26
6.88395207e+15 1.62977506e-26
6.54358602e+15 1.62898205e-26
6.22004883e+15 1.64517979e-26
5.91250841e+15 1.61247111e-26
5.62017385e+15 2.04360432e-26
5.34229330e+15 2.09418029e-26
5.07815211e+15 2.05996566e-26
4.82707097e+15 2.12333371e-26
4.58840413e+15 2.64942982e-26
4.36153779e+15 2.72280226e-26
4.14588850e+15 2.78382605e-26
3.94090164e+15 2.82877479e-26
3.74605003e+15 2.93629993e-26
3.56083255e+15 2.97699208e-26
3.38477286e+15 3.63937721e-26
3.21741815e+15 3.20989046e-26
3.05833803e+15 3.85175327e-26
2.90712338e+15 3.92891211e-26
2.76338529e+15 4.04167175e-26
2.62675410e+15 4.42552855e-26
2.49687843e+15 4.41823577e-26
2.37342425e+15 4.97232174e-26
2.25607407e+15 5.46923290e-26
2.14452608e+15 5.64951461e-26
2.03849340e+15 5.59777471e-26
1.93770334e+15 6.31353934e-26
1.84189668e+15 6.51222181e-26
1.75082703e+15 7.19638053e-26
1.66426018e+15 6.79911046e-26
1.58197348e+15 7.26289796e-26
1.50375532e+15 7.53530039e-26
1.42940453e+15 7.38303663e-26
1.35872990e+15 9.34902587e-26
1.29154967e+15 9.12840113e-26
1.22769105e+15 9.10449048e-26
1.16698982e+15 8.88985360e-26
1.10928986e+15 1.10808163e-25
1.05444279e+15 1.11941815e-25
1.00230755e+15 1.19168404e-25
9.52750047e+14 1.20387534e-25
9.05642838e+14 1.21630776e-25
8.60864770e+14 1.34038344e-25
8.18300682e+14 1.42536423e-25
7.77841107e+14 1.54599972e-25
7.39381992e+14 1.59246139e-25
7.02824426e+14 1.63308666e-25
6.68074392e+14 1.73923175e-25
6.35042517e+14 1.85305949e-25
6.03643851e+14 1.96238279e-25
5.73797641e+14 2.01770724e-25
5.45427131e+14 2.21201726e-25
5.18459354e+14 2.19960182e-25
4.92824957e+14 2.33270724e-25
4.68458012e+14 2.52736656e-25
4.45295851e+14 2.45464139e-25
4.23278907e+14 2.76853230e-25
4.02350555e+14 2.92964448e-25
3.82456972e+14 3.01748388e-25
3.63546996e+14 3.09260037e-25
3.45571994e+14 3.22603458e-25
3.28485737e+14 3.35839960e-25
3.12244282e+14 3.63887124e-25
2.96805861e+14 3.87822415e-25
2.82130768e+14 3.81259709e-25
2.68181261e+14 4.22755080e-25
2.54921465e+14 4.44101793e-25
2.42317279e+14 4.66460881e-25
2.30336287e+14 4.70739483e-25
2.18947676e+14 5.18645161e-25
2.08122157e+14 5.23645308e-25
1.97831888e+14 5.63524124e-25
1.88050406e+14 6.02784950e-25
1.78752553e+14 6.07571276e-25
1.69914417e+14 6.46259210e-25
1.61513269e+14 6.91265106e-25
1.53527503e+14 7.12084699e-25
1.45936580e+14 7.67576670e-25
1.38720978e+14 8.15408120e-25
1.31862140e+14 8.52442567e-25
1.25342427e+14 8.87332079e-25
1.19145070e+14 9.34106761e-25
1.13254132e+14 9.96217523e-25
1.07654461e+14 1.04147342e-24
1.02331658e+14 1.08639395e-24
9.72720319e+13 1.13100660e-24
9.24625712e+13 1.19882156e-24
8.78909065e+13 1.26695924e-24
8.35452806e+13 1.32192912e-24
7.94145172e+13 1.40970580e-24
7.54879928e+13 1.49091527e-24
7.17556092e+13 1.55007681e-24
6.82077673e+13 1.63626262e-24
6.48353429e+13 1.71355941e-24
6.16296626e+13 1.80960835e-24
5.85824820e+13 1.90563930e-24
5.56859644e+13 1.99893998e-24
5.29326606e+13 2.09824459e-24
5.03154895e+13 2.20620369e-24
4.78277202e+13 2.31922922e-24
4.54629547e+13 2.43188094e-24
4.32151113e+13 2.56461612e-24
4.10784089e+13 2.70852528e-24
3.90473524e+13 2.84281272e-24
3.71167182e+13 2.97954102e-24
3.52815412e+13 3.12042226e-24
3.35371015e+13 3.30588080e-24
3.18789129e+13 3.48235001e-24
3.03027108e+13 3.65512724e-24
2.88044415e+13 3.85431742e-24
2.73802518e+13 4.05359049e-24
2.60264788e+13 4.24149138e-24
2.47396410e+13 4.47303095e-24
2.35164288e+13 4.71160662e-24
2.23536965e+13 4.94629055e-24
2.12484535e+13 5.21319411e-24
2.01978576e+13 5.48647560e-24
1.91992067e+13 5.76874744e-24
1.82499324e+13 6.05453702e-24
1.73475936e+13 6.37715296e-24
1.64898694e+13 6.69490271e-24
1.56745541e+13 7.06141282e-24
1.48995507e+13 7.43141306e-24
1.41628662e+13 7.80545138e-24
1.34626058e+13 8.23041666e-24
1.27969687e+13 8.64573836e-24
1.21642429e+13 9.10084800e-24
1.15628013e+13 9.57409423e-24
1.09910970e+13 1.00548761e-23
1.04476597e+13 1.05983615e-23
9.93109181e+12 1.11512575e-23
9.44006479e+12 1.17063767e-23
8.97331581e+12 1.23237746e-23
8.52964450e+12 1.29828858e-23
8.10790981e+12 1.36326095e-23
7.70702711e+12 1.43661005e-23
7.32596543e+12 1.51036274e-23
6.96374473e+12 1.58791165e-23
6.61943346e+12 1.66931624e-23
6.29214611e+12 1.75672507e-23
5.98104096e+12 1.84976001e-23
5.68531791e+12 1.94343516e-23
5.40421642e+12 2.04574336e-23
5.13701354e+12 2.15310346e-23
4.88302209e+12 2.26410109e-23
4.64158883e+12 2.38278610e-23
4.41209286e+12 2.50554257e-23
4.19394396e+12 2.63472690e-23
3.98658107e+12 2.77463095e-23
3.78947092e+12 2.91738396e-23
3.60210656e+12 3.06919044e-23
3.42400614e+12 3.22953911e-23
3.25471161e+12 3.39733386e-23
3.09378757e+12 3.57387978e-23
2.94082017e+12 3.75983382e-23
2.79541600e+12 3.95448666e-23
2.65720111e+12 4.15831032e-23
2.52582003e+12 4.37698093e-23
2.40093488e+12 4.60429275e-23
2.28222447e+12 4.84336408e-23
2.16938352e+12 5.09677272e-23
2.06212180e+12 5.36192739e-23
1.96016347e+12 5.64080209e-23
1.86324631e+12 5.93303608e-23
1.77112106e+12 6.24120740e-23
1.68355080e+12 6.56529254e-23
1.60031031e+12 6.90879944e-23
1.52118552e+12 7.26674119e-23
1.44597292e+12 7.64342580e-23
1.37447909e+12 8.04267152e-23
1.30652016e+12 8.46108843e-23
1.24192135e+12 8.90199120e-23
1.18051653e+12 9.36245952e-23
1.12214777e+12 9.85083275e-23
1.06666496e+12 1.03625331e-22
1.01392541e+12 1.09015837e-22
9.63793480e+11 1.14680572e-22
9.16140246e+11 1.20664071e-22
8.70843150e+11 1.26928458e-22
8.27785697e+11 1.33542398e-22
7.86857151e+11 1.40493949e-22
7.47952252e+11 1.47786165e-22
7.10970943e+11 1.55473475e-22
6.75818117e+11 1.63549811e-22
6.42403366e+11 1.72057681e-22
6.10640754e+11 1.81008761e-22
5.80448594e+11 1.90440591e-22
5.51749238e+11 2.00334465e-22
5.24468875e+11 2.10743143e-22
4.98537346e+11 2.21708630e-22
4.73887961e+11 2.33237354e-22
4.50457325e+11 2.45391882e-22
4.28185180e+11 2.58138880e-22
4.07014245e+11 2.71562368e-22
3.86890074e+11 2.85690152e-22
3.67760910e+11 3.00551624e-22
3.49577557e+11 3.16198744e-22
3.32293252e+11 3.32639260e-22
3.15863541e+11 3.49933764e-22
3.00246171e+11 3.68140819e-22
2.85400977e+11 3.87289655e-22
2.71289780e+11 4.07426766e-22
2.57876289e+11 4.28632706e-22
2.45126006e+11 4.50924116e-22
2.33006141e+11 4.74379309e-22
2.21485523e+11 4.99048515e-22
2.10534524e+11 5.24994669e-22
2.00124980e+11 5.52303420e-22
1.90230119e+11 5.81050600e-22
1.80824493e+11 6.11257032e-22
1.71883914e+11 6.43050736e-22
1.63385388e+11 6.76498585e-22
1.55307057e+11 7.11704461e-22
1.47628147e+11 7.48718180e-22
1.40328908e+11 7.87668204e-22
1.33390569e+11 8.28643700e-22
1.26795285e+11 8.71706203e-22
1.20526094e+11 9.17050919e-22
1.14566873e+11 9.64762295e-22
1.08902296e+11 1.01495805e-21
1.03517796e+11 1.06775759e-21
9.83995230e+10 1.12327804e-21
9.35343152e+10 1.18173389e-21
8.89096599e+10 1.24318806e-21
8.45136633e+10 1.30785371e-21
8.03350198e+10 1.37586377e-21
7.63629826e+10 1.44742856e-21
7.25873365e+10 1.52272940e-21
6.89983712e+10 1.60192646e-21
6.55868566e+10 1.68524720e-21
6.23440189e+10 1.77290887e-21
5.92615181e+10 1.86512803e-21
5.63314267e+10 1.96213556e-21
5.35462090e+10 2.06420679e-21
5.08987019e+10 2.17157924e-21
4.83820966e+10 2.28453855e-21
4.59899209e+10 2.40334978e-21
4.37160225e+10 2.52836672e-21
4.15545533e+10 2.65988573e-21
3.94999546e+10 2.79825480e-21
3.75469422e+10 2.94380172e-21
3.56904935e+10 3.09692139e-21
3.39258338e+10 3.25799236e-21
3.22484250e+10 3.42747323e-21
3.06539530e+10 3.60573581e-21
2.91383170e+10 3.79328411e-21
2.76976194e+10 3.99060397e-21
2.63281547e+10 4.19816797e-21
2.50264010e+10 4.41655869e-21
2.37890104e+10 4.64626715e-21
2.26128007e+10 4.88793902e-21
2.14947467e+10 5.14220046e-21
2.04319732e+10 5.40966036e-21
1.94217468e+10 5.69106142e-21
1.84614695e+10 5.98707980e-21
1.75486715e+10 6.29849180e-21
1.66810054e+10 6.62610937e-21
1.58562396e+10 6.97075439e-21
1.50722531e+10 7.33336094e-21
1.43270295e+10 7.71480021e-21
1.36186524e+10 8.11608753e-21
1.29452998e+10 8.53825840e-21
1.23052400e+10 8.98236630e-21
1.16968270e+10 9.44959057e-21
1.11184960e+10 9.94110593e-21
1.05687597e+10 1.04581979e-20
1.00462042e+10 1.10021825e-20
9.54948564e+09 1.15744626e-20
9.07732653e+09 1.21764724e-20
8.62851257e+09 1.28098774e-20
8.20188950e+09 1.34761839e-20
7.79636013e+09 1.41771579e-20
7.41088152e+09 1.49145768e-20
7.04446228e+09 1.56903611e-20
6.69616005e+09 1.65065035e-20
6.36507908e+09 1.73650680e-20
6.05036788e+09 1.82683414e-20
5.75121707e+09 1.92185737e-20
5.46685730e+09 2.02182283e-20
5.19655724e+09 2.12699051e-20
4.93962174e+09 2.23762160e-20
4.69539001e+09 2.35401357e-20
4.46323393e+09 2.47645769e-20
4.24255643e+09 2.60527429e-20
4.03278998e+09 2.74078671e-20
3.83339510e+09 2.88334765e-20
3.64385898e+09 3.03332702e-20
3.46369418e+09 3.19110449e-20
3.29243733e+09 3.35708985e-20
3.12964801e+09 3.53171186e-20
2.97490755e+09 3.71541299e-20
2.82781798e+09 3.90866998e-20
2.68800102e+09 4.11198288e-20
2.55509709e+09 4.32586520e-20
2.42876438e+09 4.55087758e-20
2.30867799e+09 4.78759478e-20
2.19452909e+09 5.03662027e-20
2.08602409e+09 5.29860386e-20
1.98288395e+09 5.57421032e-20
1.88484341e+09 5.86415495e-20
1.79165033e+09 6.16918095e-20
1.70306503e+09 6.49007118e-20
1.61885969e+09 6.82765477e-20
1.53881775e+09 7.18279683e-20
1.46273336e+09 7.55641083e-20
1.39041083e+09 7.94945878e-20
1.32166418e+09 8.36294853e-20
1.25631660e+09 8.79795005e-20
1.19420003e+09 9.25557898e-20
1.13515471e+09 9.73700858e-20
1.07902879e+09 1.02434823e-19
1.02567793e+09 1.07762995e-19
9.74964918e+08 1.13368292e-19
9.26759330e+08 1.19265143e-19
8.80937190e+08 1.25468770e-19
8.37380654e+08 1.31995057e-19
7.95977700e+08 1.38860827e-19
7.56621850e+08 1.46083704e-19
7.19211887e+08 1.53682248e-19
6.83651600e+08 1.61676060e-19
6.49849535e+08 1.70085693e-19
6.17718760e+08 1.78932759e-19
5.87176639e+08 1.88239974e-19
5.58144625e+08 1.98031306e-19
5.30548053e+08 2.08331960e-19
5.04315949e+08 2.19168361e-19
4.79380850e+08 2.30568444e-19
4.55678627e+08 2.42561536e-19
4.33148322e+08 2.55178436e-19
4.11731993e+08 2.68451597e-19
3.91374560e+08 2.82415175e-19
3.72023668e+08 2.97105057e-19
3.53629550e+08 3.12559049e-19
3.36144900e+08 3.28816849e-19
3.19524751e+08 3.45920311e-19
3.03726358e+08 3.63913451e-19
2.88709092e+08 3.82842489e-19
2.74434330e+08 4.02756141e-19
2.60865362e+08 4.23705597e-19
2.47967289e+08 4.45744693e-19
2.35706941e+08 4.68930212e-19
2.24052787e+08 4.93321739e-19
2.12974854e+08 5.18981946e-19
2.02444651e+08 5.45976937e-19
1.92435098e+08 5.74376017e-19
1.82920450e+08 6.04252334e-19
1.73876240e+08 6.35682648e-19
1.65279206e+08 6.68747838e-19
1.57107239e+08 7.03532885e-19
1.49339322e+08 7.40127292e-19
1.41955477e+08 7.78625216e-19
1.34936714e+08 8.19125521e-19
1.28264983e+08 8.61732552e-19
1.21923125e+08 9.06555723e-19
1.15894830e+08 9.53710408e-19
1.10164595e+08 1.00331789e-18
1.04717682e+08 1.05550569e-18
9.95400829e+07 1.11040802e-18
9.46184819e+07 1.16816616e-18
8.99402217e+07 1.22892857e-18
8.54932707e+07 1.29285155e-18
8.12661920e+07 1.36009950e-18
7.72481145e+07 1.43084538e-18
7.34287045e+07 1.50527109e-18
6.97981391e+07 1.58356812e-18
6.63470812e+07 1.66593777e-18
6.30666554e+07 1.75259188e-18
5.99484250e+07 1.84375331e-18
5.69843706e+07 1.93965656e-18
5.41668691e+07 2.04054820e-18
5.14886745e+07 2.14668776e-18
4.89428990e+07 2.25834818e-18
4.65229952e+07 2.37581669e-18
4.42227398e+07 2.49939530e-18
4.20362168e+07 2.62940187e-18
3.99578030e+07 2.76617080e-18
3.79821531e+07 2.91005375e-18
3.61041860e+07 3.06142084e-18
3.43190720e+07 3.22066136e-18
3.26222201e+07 3.38818472e-18
3.10092664e+07 3.56442191e-18
2.94760626e+07 3.74982610e-18
2.80186656e+07 3.94487412e-18
2.66333273e+07 4.15006761e-18
2.53164848e+07 4.36593429e-18
2.40647515e+07 4.59302931e-18
2.28749082e+07 4.83193672e-18
2.17438948e+07 5.08327097e-18
2.06688025e+07 5.34767843e-18
1.96468665e+07 5.62583908e-18
1.86754584e+07 5.91846835e-18
1.77520801e+07 6.22631877e-18
1.68743568e+07 6.55018213e-18
1.60400311e+07 6.89089127e-18
1.52469573e+07 7.24932247e-18
1.44930957e+07 7.62639759e-18
1.37765077e+07 8.02308634e-18
1.30953502e+07 8.44040891e-18
1.24478715e+07 8.87943864e-18
1.18324063e+07 9.34130459e-18
1.12473718e+07 9.82719461e-18
1.06912634e+07 1.03383583e-17
1.01626509e+07 1.08761103e-17
9.66017480e+06 1.14418336e-17
9.18254284e+06 1.20369830e-17
8.72852662e+06 1.26630894e-17
8.29695852e+06 1.33217628e-17
7.88672862e+06 1.40146972e-17
7.49678187e+06 1.47436748e-17
7.12611543e+06 1.55105703e-17
6.77377600e+06 1.63173560e-17
6.43885743e+06 1.71661069e-17
6.12049837e+06 1.80590058e-17
5.81788007e+06 1.89983490e-17
5.53022426e+06 1.99865523e-17
5.25679112e+06 2.10261573e-17
4.99687745e+06 2.21198376e-17
4.74981480e+06 2.32704058e-17
4.51496777e+06 2.44808212e-17
4.29173238e+06 2.57541966e-17
4.07953450e+06 2.70938069e-17
3.87782841e+06 2.85030973e-17
3.68609536e+06 2.99856923e-17
3.50384225e+06 3.15454049e-17
3.33060034e+06 3.31862462e-17
3.16592411e+06 3.49124363e-17
3.00939003e+06 3.67284146e-17
2.86059554e+06 3.86388514e-17
2.71915794e+06 4.06486600e-17
2.58471351e+06 4.27630093e-17
2.45691646e+06 4.49873370e-17
2.33543814e+06 4.73273637e-17
2.21996612e+06 4.97891073e-17
2.11020343e+06 5.23788992e-17
2.00586778e+06 5.51033997e-17
1.90669084e+06 5.79696158e-17
1.81241755e+06 6.09849188e-17
1.72280545e+06 6.41570635e-17
1.63762407e+06 6.74942082e-17
1.55665436e+06 7.10049352e-17
1.47968806e+06 7.46982737e-17
1.40652724e+06 7.85837220e-17
1.33698374e+06 8.26712729e-17
1.27087871e+06 8.69714389e-17
1.20804213e+06 9.14952790e-17
1.14831241e+06 9.62544280e-17
1.09153594e+06 1.01261125e-16
1.03756668e+06 1.06528247e-16
9.86265846e+05 1.12069340e-16
9.37501502e+05 1.17898654e-16
8.91148232e+05 1.24031182e-16
8.47086827e+05 1.30482695e-16
8.05203967e+05 1.37269785e-16
7.65391939e+05 1.44409907e-16
7.27548353e+05 1.51921425e-16
6.91575883e+05 1.59823656e-16
6.57382014e+05 1.68136925e-16
6.24878807e+05 1.76882611e-16
5.93982669e+05 1.86083206e-16
5.64614142e+05 1.95762373e-16
5.36697695e+05 2.05945005e-16
5.10161531e+05 2.16657290e-16
4.84937407e+05 2.27926777e-16
4.60960449e+05 2.39782451e-16
4.38168993e+05 2.52254802e-16
4.16504425e+05 2.65375906e-16
3.95911027e+05 2.79179509e-16
3.76335836e+05 2.93701111e-16
3.57728510e+05 3.08978060e-16
3.40041193e+05 3.25049644e-16
3.23228398e+05 3.41957198e-16
3.07246884e+05 3.59744205e-16
2.92055551e+05 3.78456410e-16
2.77615329e+05 3.98141938e-16
2.63889081e+05 4.18851417e-16
2.50841506e+05 4.40638108e-16
2.38439047e+05 4.63558043e-16
2.26649808e+05 4.87670169e-16
2.15443469e+05 5.13036498e-16
2.04791210e+05 5.39722268e-16
1.94665634e+05 5.67796111e-16
1.85040702e+05 5.97330229e-16
1.75891659e+05 6.28400579e-16
1.67194976e+05 6.61087070e-16
1.58928287e+05 6.95473765e-16
1.51070330e+05 7.31649104e-16
1.43600898e+05 7.69706124e-16
1.36500781e+05 8.09742702e-16
1.29751717e+05 8.51861807e-16
1.23336350e+05 8.96171764e-16
1.17238180e+05 9.42786532e-16
1.11441525e+05 9.91825998e-16
1.05931476e+05 1.04341629e-15
1.00693863e+05 1.09769008e-15
9.57152154e+04 1.15478697e-15
9.09827289e+04 1.21485379e-15
8.64842328e+04 1.27804504e-15
8.22081576e+04 1.34452324e-15
7.81435061e+04 1.41445935e-15
7.42798248e+04 1.48803326e-15
7.06071771e+04 1.56543418e-15
6.71161177e+04 1.64686119e-15
6.37976681e+04 1.73252370e-15
6.06432940e+04 1.82264204e-15
5.76448828e+04 1.91744798e-15
5.47947234e+04 2.01718537e-15
5.20854855e+04 2.12211071e-15
4.95102016e+04 2.23249387e-15
4.70622485e+04 2.34861876e-15
4.47353305e+04 2.47078404e-15
4.25234633e+04 2.59930392e-15
4.04209584e+04 2.73450895e-15
3.84224085e+04 2.87674688e-15
3.65226736e+04 3.02638354e-15
3.47168682e+04 3.18380381e-15
3.30003479e+04 3.34941256e-15
3.13686982e+04 3.52363576e-15
2.98177229e+04 3.70692151e-15
2.83434331e+04 3.89974124e-15
2.69420371e+04 4.10259089e-15
2.56099310e+04 4.31599222e-15
2.43436887e+04 4.54049410e-15
2.31400538e+04 4.77667399e-15
2.19959307e+04 5.02513937e-15
2.09083769e+04 5.28652934e-15
1.98745955e+04 5.56151623e-15
1.88919278e+04 5.85080736e-15
1.79578465e+04 6.15514685e-15
1.70699493e+04 6.47531753e-15
1.62259529e+04 6.81214295e-15
1.54236865e+04 7.16648954e-15
1.46610868e+04 7.53926876e-15
1.39361927e+04 7.93143953e-15
1.32471399e+04 8.34401066e-15
1.25921561e+04 8.77804342e-15
1.19695570e+04 9.23465434e-15
1.13777413e+04 9.71501800e-15
1.08151870e+04 1.02203701e-14
1.02804473e+04 1.07520108e-14
9.77214697e+03 1.13113076e-14
9.28897872e+03 1.18996994e-14
8.82969996e+03 1.25186999e-14
8.39312950e+03 1.31699016e-14
7.97814457e+03 1.38549799e-14
7.58367791e+03 1.45756972e-14
7.20871503e+03 1.53339079e-14
6.85229160e+03 1.61315627e-14
6.51349095e+03 1.69707140e-14
6.19144176e+03 1.78535207e-14
5.88531578e+03 1.87822545e-14
5.59432571e+03 1.97593050e-14
5.31772318e+03 2.07871863e-14
5.05479682e+03 2.18685434e-14
4.80487044e+03 2.30061591e-14
4.56730127e+03 2.42029607e-14
4.34147833e+03 2.54620282e-14
4.12682085e+03 2.67866020e-14
3.92277676e+03 2.81800910e-14
3.72882131e+03 2.96460816e-14
3.54445567e+03 3.11883471e-14
3.36920571e+03 3.28108572e-14
3.20262069e+03 3.45177884e-14
3.04427221e+03 3.63135345e-14
2.89375302e+03 3.82027185e-14
2.75067601e+03 4.01902038e-14
2.61467321e+03 4.22811074e-14
2.48539486e+03 4.44808127e-14
2.36250847e+03 4.67949838e-14
2.24569800e+03 4.92295797e-14
2.13466303e+03 5.17908699e-14
2.02911802e+03 5.44854508e-14
1.92879151e+03 5.73202624e-14
1.83342548e+03 6.03026065e-14
1.74277468e+03 6.34401656e-14
1.65660596e+03 6.67410226e-14
1.57469771e+03 7.02136819e-14
1.49683929e+03 7.38670914e-14
1.42283046e+03 7.77106657e-14
1.35248087e+03 8.17543105e-14
1.28560961e+03 8.60084481e-14
1.22204469e+03 9.04840448e-14
1.16162263e+03 9.51926391e-14
1.10418805e+03 1.00146372e-13
1.04959323e+03 1.05358018e-13
9.97697764e+02 1.10841018e-13
9.48368187e+02 1.16609517e-13
9.01477631e+02 1.22678397e-13
8.56905505e+02 1.29063318e-13
8.14537177e+02 1.35780759e-13
7.74263683e+02 1.42848059e-13
7.35981448e+02 1.50283466e-13
6.99592017e+02 1.58106181e-13
6.65001803e+02 1.66336409e-13
6.32121848e+02 1.74995414e-13
6.00867589e+02 1.84105573e-13
5.71158648e+02 1.93690434e-13
5.42918618e+02 2.03774781e-13
5.16074871e+02 2.14384693e-13
4.90558371e+02 2.25547622e-13
4.66303493e+02 2.37292456e-13
4.43247859e+02 2.49649601e-13
4.21332174e+02 2.62651059e-13
4.00500076e+02 2.76330515e-13
3.80697987e+02 2.90723423e-13
3.61874981e+02 3.05867104e-13
3.43982649e+02 3.21800842e-13
3.26974974e+02 3.38565990e-13
3.10808217e+02 3.56206082e-13
2.95440800e+02 3.74766949e-13
2.80833200e+02 3.94296840e-13
2.66947849e+02 4.14846555e-13
2.53749038e+02 4.36469579e-13
2.41202821e+02 4.59222232e-13
2.29276931e+02 4.83163814e-13
2.17940698e+02 5.08356774e-13
2.07164968e+02 5.34866879e-13
1.96922026e+02 5.62763392e-13
1.87185529e+02 5.92119263e-13
1.77930439e+02 6.23011336e-13
1.69132952e+02 6.55520556e-13
1.60770442e+02 6.89732199e-13
1.52821404e+02 7.25736111e-13
1.45265393e+02 7.63626960e-13
1.38082977e+02 8.03504507e-13
1.31255684e+02 8.45473888e-13
1.24765955e+02 8.89645920e-13
1.18597101e+02 9.36137418e-13
1.12733256e+02 9.85071537e-13
1.07159340e+02 1.03657814e-12
1.01861017e+02 1.09079416e-12
9.68246612e+01 1.14786405e-12
9.20373200e+01 1.20794018e-12
8.74866812e+01 1.27118332e-12
8.31610415e+01 1.33776313e-12
7.90492762e+01 1.40785870e-12
7.51408106e+01 1.48165910e-12
7.14255929e+01 1.55936398e-12
6.78940681e+01 1.64118424e-12
6.45371540e+01 1.72734270e-12
6.13462172e+01 1.81807485e-12
5.83130511e+01 1.91362966e-12
5.54298552e+01 2.01427042e-12
5.26892142e+01 2.12027566e-12
5.00840799e+01 2.23194015e-12
4.76077523e+01 2.34957600e-12
4.52538628e+01 2.47351377e-12
4.30163576e+01 2.60410377e-12
4.08894823e+01 2.74171740e-12
3.88677669e+01 2.88674862e-12
3.69460121e+01 3.03961558e-12
3.51192753e+01 3.20076233e-12
3.33828586e+01 3.37066077e-12
3.17322963e+01 3.54981271e-12
3.01633435e+01 3.73875213e-12
2.86719650e+01 3.93077332e-12
2.72543253e+01 4.13985861e-12
2.59067786e+01 4.36036477e-12
2.46258592e+01 4.59295218e-12
2.34082728e+01 4.83832389e-12
2.22508880e+01 5.09722894e-12
2.11507282e+01 5.37046596e-12
2.01049642e+01 5.65888716e-12
1.91109062e+01 5.96340265e-12
1.81659979e+01 6.28498522e-12
1.72678090e+01 6.62467567e-12
1.64140297e+01 6.98358856e-12
1.56024641e+01 7.36291865e-12
1.48310251e+01 7.76409119e-12
1.40977287e+01 8.18782362e-12
1.34006890e+01 8.63607164e-12
1.27381132e+01 9.11054199e-12
1.21082975e+01 9.61306606e-12
1.15096220e+01 1.01451792e-11
1.09405471e+01 1.07090531e-11
1.03996091e+01 1.13068147e-11
9.88541702e+00 1.19407700e-11
9.39664831e+00 1.26134757e-11
8.93204600e+00 1.33276802e-11
8.49041520e+00 1.40863861e-11
8.07062014e+00 1.48928558e-11
7.67158118e+00 1.57506465e-11
7.29227206e+00 1.66636416e-11
6.93171728e+00 1.76360828e-11
6.58898955e+00 1.86726110e-11
6.26320745e+00 1.97783088e-11
5.95353313e+00 2.09587495e-11
5.65917016e+00 2.22200507e-11
5.37936150e+00 2.35689351e-11
5.11338754e+00 2.50127974e-11
4.86056423e+00 2.65597792e-11
4.62024137e+00 2.82188530e-11
4.39180089e+00 2.99999151e-11
4.17465529e+00 3.19138890e-11
3.96824610e+00 3.39728412e-11
3.77204249e+00 3.61901094e-11
3.58553986e+00 3.85804453e-11
3.40825855e+00 4.11601734e-11
3.23974263e+00 4.39473668e-11
3.07955871e+00 4.69620436e-11
2.92729484e+00 5.02263835e-11
2.78255940e+00 5.37649688e-11
2.64498018e+00 5.76050517e-11
2.51420335e+00 6.17768499e-11
2.38989257e+00 6.63138742e-11
2.27172813e+00 7.12532922e-11
2.15940615e+00 7.65754753e-11
2.05263775e+00 8.24373794e-11
1.95114835e+00 8.88385732e-11
1.85467692e+00 9.58353596e-11
1.76297538e+00 1.03597474e-10
1.67580786e+00 1.11991693e-10
1.59295021e+00 1.21191870e-10
1.51418933e+00 1.31281829e-10
1.43932264e+00 1.42355915e-10
1.36815763e+00 1.54518713e-10
1.30051125e+00 1.67886147e-10
1.23620954e+00 1.82586692e-10
1.17508713e+00 1.98762714e-10
1.11698682e+00 2.16571948e-10
1.06175918e+00 2.36189140e-10
1.00926219e+00 2.57807854e-10
9.59360829e-01 2.81642473e-10
9.11926760e-01 3.07930410e-10
8.66837993e-01 3.36936038e-10
8.23978568e-01 3.68947741e-10
7.83238260e-01 4.04289063e-10
7.44512291e-01 4.43316745e-10
7.07701066e-01 4.86425667e-10
6.72709914e-01 5.34052890e-10
6.39448843e-01 5.86682126e-10
6.07832313e-01 6.44848683e-10
5.77779012e-01 7.09144929e-10
5.49211648e-01 7.80226334e-10
5.22056753e-01 8.58818148e-10
4.96244488e-01 9.45722784e-10
4.71708469e-01 1.04182798e-09
4.48385595e-01 1.14811580e-09
4.26215883e-01 1.26567263e-09
4.05142317e-01 1.39570011e-09
3.85110700e-01 1.53952736e-09
3.66069515e-01 1.69862435e-09
3.47969790e-01 1.87461672e-09
3.30764978e-01 2.06930210e-09
3.14410830e-01 2.28466815e-09
2.98865287e-01 2.52291245e-09
2.84088369e-01 2.78646436e-09
2.70042072e-01 3.07800917e-09
2.56690272e-01 3.40051471e-09
2.43998630e-01 3.75726054e-09
2.31934506e-01 4.15187018e-09
2.20466874e-01 4.58834644e-09
2.09566240e-01 5.07111025e-09
1.99204571e-01 5.60504331e-09
1.89355218e-01 6.19553481e-09
1.79992851e-01 6.84853258e-09
1.71093391e-01 7.57059911e-09
1.62633950e-01 8.36897268e-09
1.54592774e-01 9.25163410e-09
1.46949180e-01 1.02273793e-08
1.39683512e-01 1.13058985e-08
1.32777083e-01 1.24978616e-08
1.26212131e-01 1.38150110e-08
1.19971774e-01 1.52702619e-08
1.14039960e-01 1.68778095e-08
1.08401436e-01 1.86532448e-08
1.03041699e-01 2.06136779e-08
9.79469667e-02 2.27778689e-08
9.31041349e-02 2.51663664e-08
8.85007491e-02 2.78016538e-08
8.41249705e-02 3.07083005e-08
7.99655453e-02 3.39131197e-08
7.60117762e-02 3.74453293e-08
7.22534949e-02 4.13367145e-08
6.86810359e-02 4.56217896e-08
6.52852114e-02 5.03379561e-08
6.20572881e-02 5.55256517e-08
5.89889643e-02 6.12284866e-08
5.60723488e-02 6.74933614e-08
5.32999408e-02 7.43705571e-08
5.06646101e-02 8.19137917e-08
4.81595791e-02 9.01802325e-08
4.57784054e-02 9.92304529e-08
4.35149650e-02 1.09128322e-07
4.13634368e-02 1.19940815e-07
3.93182876e-02 1.31737725e-07
3.73742574e-02 1.44591270e-07
3.55263468e-02 1.58575566e-07
3.37698031e-02 1.73765968e-07
3.21001090e-02 1.90238244e-07
3.05129702e-02 2.08067581e-07
2.90043049e-02 2.27327405e-07
2.75702333e-02 2.48087989e-07
2.62070670e-02 2.70414850e-07
2.49113003e-02 2.94366890e-07
2.36796007e-02 3.19994262e-07
2.25088005e-02 3.47335906e-07
2.13958887e-02 3.76416684e-07
2.03380031e-02 4.07244032e-07
1.93324229e-02 4.39804003e-07
1.83765620e-02 4.74056611e-07
1.74679622e-02 5.09930350e-07
1.66042866e-02 5.47315866e-07
1.57833141e-02 5.86058835e-07
1.50029332e-02 6.25952257e-07
1.42611371e-02 6.66728629e-07
1.35560179e-02 7.08052687e-07
1.28857621e-02 7.49515698e-07
1.22486461e-02 7.90632429e-07
1.16430313e-02 8.30842876e-07
1.10673602e-02 8.69518286e-07
1.05201522e-02 9.05974926e-07
1.00000000e-02 9.39494317e-07
