1.00000000e+20 0.00000000e+00
9.50556592e+19 0.00000000e+00
9.03557835e+19 0.00000000e+00
8.58882856e+19 0.00000000e+00
8.16416760e+19 0.00000000e+00
7.76050334e+19 0.00000000e+00
7.37679760e+19 0.00000000e+00
7.01206359e+19 0.00000000e+00
6.66536327e+19 0.00000000e+00
6.33580499e+19 0.00000000e+00
6.02254120e+19 0.00000000e+00
5.72476624e+19 0.00000000e+00
5.44171429e+19 0.00000000e+00
5.17265739e+19 0.00000000e+00
4.91690358e+19 0.00000000e+00
4.67379511e+19 0.00000000e+00
4.44270675e+19 0.00000000e+00
4.22304419e+19 0.00000000e+00
4.01424249e+19 0.00000000e+00
3.81576466e+19 0.00000000e+00
3.62710025e+19 0.00000000e+00
3.44776405e+19 0.00000000e+00
3.27729485e+19 0.00000000e+00
3.11525422e+19 0.00000000e+00
2.96122544e+19 0.00000000e+00
2.81481236e+19 0.00000000e+00
2.67563844e+19 0.00000000e+00
2.54334576e+19 0.00000000e+00
2.41759408e+19 0.00000000e+00
2.29805999e+19 0.00000000e+00
2.18443607e+19 0.00000000e+00
2.07643011e+19 0.00000000e+00
1.97376433e+19 0.00000000e+00
1.87617469e+19 0.00000000e+00
1.78341022e+19 0.00000000e+00
1.69523234e+19 0.00000000e+00
1.61141428e+19 0.00000000e+00
1.53174046e+19 0.00000000e+00
1.45600600e+19 0.00000000e+00
1.38401610e+19 0.00000000e+00
1.31558562e+19 0.00000000e+00
1.25053859e+19 0.00000000e+00
1.18870770e+19 0.00000000e+00
1.12993394e+19 0.00000000e+00
1.07406615e+19 0.00000000e+00
1.02096066e+19 0.00000000e+00
9.70480888e+18 0.00000000e+00
9.22497005e+18 0.00000000e+00
8.76885609e+18 0.00000000e+00
8.33529397e+18 0.00000000e+00
7.92316862e+18 0.00000000e+00
7.53142017e+18 0.00000000e+00
7.15904109e+18 0.00000000e+00
6.80507370e+18 0.00000000e+00
6.46860766e+18 0.00000000e+00
6.14877765e+18 0.00000000e+00
5.84476113e+18 0.00000000e+00
5.55577622e+18 0.00000000e+00
5.28107971e+18 0.00000000e+00
5.01996513e+18 0.00000000e+00
4.77176095e+18 0.00000000e+00
4.53582883e+18 0.00000000e+00
4.31156199e+18 0.00000000e+00
4.09838367e+18 0.00000000e+00
3.89574562e+18 0.00000000e+00
3.70312668e+18 0.00000000e+00
3.52003147e+18 0.00000000e+00
3.34598912e+18 0.00000000e+00
3.18055202e+18 0.00000000e+00
3.02329468e+18 0.00000000e+00
2.87381269e+18 0.00000000e+00
2.73172160e+18 0.00000000e+00
2.59665597e+18 0.00000000e+00
2.46826845e+18 0.00000000e+00
2.34622885e+18 0.00000000e+00
2.23022330e+18 0.00000000e+00
2.11995346e+18 0.00000000e+00
2.01513573e+18 0.00000000e+00
1.91550056e+18 0.00000000e+00
1.82079168e+18 0.00000000e+00
1.73076553e+18 0.00000000e+00
1.64519059e+18 0.00000000e+00
1.56384676e+18 0.00000000e+00
1.48652484e+18 0.00000000e+00
1.41302599e+18 0.00000000e+00
1.34316117e+18 0.00000000e+00
1.27675070e+18 0.00000000e+00
1.21362380e+18 0.00000000e+00
1.15361810e+18 0.00000000e+00
1.09657929e+18 0.00000000e+00
1.04236067e+18 0.00000000e+00
9.90822810e+17 0.00000000e+00
9.41833153e+17 0.00000000e+00
8.95265713e+17 0.00000000e+00
8.51000725e+17 0.00000000e+00
8.08924349e+17 0.00000000e+00
7.68928372e+17 0.00000000e+00
7.30909933e+17 0.00000000e+00
6.94771255e+17 0.00000000e+00
6.60419396e+17 0.00000000e+00
6.27766011e+17 0.00000000e+00
5.96727120e+17 0.00000000e+00
5.67222897e+17 0.00000000e+00
5.39177464e+17 0.00000000e+00
5.12518693e+17 0.00000000e+00
4.87178022e+17 0.00000000e+00
4.63090280e+17 0.00000000e+00
4.40193519e+17 0.00000000e+00
4.18428851e+17 0.00000000e+00
3.97740302e+17 5.20552443e-46
3.78074666e+17 2.30971591e-44
3.59381366e+17 9.84642305e-43
3.41612327e+17 3.08205252e-41
3.24721849e+17 7.92942922e-40
3.08666494e+17 1.76234213e-38
2.93404971e+17 3.37285805e-37
2.78898029e+17 5.89299511e-36
2.65108360e+17 8.87570568e-35
2.52000499e+17 1.05421232e-33
2.39540736e+17 1.25214113e-32
2.27697026e+17 1.17283483e-31
2.16438909e+17 9.46998359e-31
2.05737431e+17 7.96184637e-30
1.95565072e+17 5.62369260e-29
1.85895668e+17 3.13622289e-28
1.76704353e+17 2.27576084e-27
1.67967487e+17 1.14039773e-26
1.59662602e+17 5.60486698e-26
1.51768339e+17 2.53544839e-25
1.44264395e+17 1.06389876e-24
1.37131472e+17 4.59644213e-24
1.30351224e+17 1.52264234e-23
1.23906216e+17 5.32274891e-23
1.17779870e+17 1.76324266e-22
1.11956432e+17 4.86080886e-22
1.06420924e+17 1.30171285e-21
1.01159111e+17 3.82657213e-21
9.61574600e+16 8.98291325e-21
9.14031075e+16 2.30531055e-20
8.68838264e+16 6.35515136e-20
8.25879939e+16 1.31776933e-19
7.85045620e+16 3.10487853e-19
7.46230289e+16 5.81189620e-19
7.09334120e+16 1.14504762e-18
6.74262224e+16 2.37767431e-18
6.40924402e+16 4.34271084e-18
6.09234915e+16 7.89807459e-18
5.79112265e+16 1.26042123e-17
5.50478981e+16 2.61724588e-17
5.23261424e+16 3.76208787e-17
4.97389596e+16 5.91017812e-17
4.72796959e+16 1.07484045e-16
4.49420266e+16 1.35268559e-16
4.27199397e+16 2.21308465e-16
4.06077203e+16 3.38452803e-16
3.85999362e+16 4.85989153e-16
3.66914238e+16 7.36838604e-16
3.48772747e+16 8.86896219e-16
3.31528234e+16 1.41536136e-15
3.15136348e+16 1.79298175e-15
2.99554933e+16 2.25766079e-15
2.84743917e+16 2.79368170e-15
2.70665207e+16 4.01572606e-15
2.57282597e+16 4.97480377e-15
2.44561668e+16 6.15076619e-15
2.32469706e+16 7.14551857e-15
2.20975611e+16 8.60123954e-15
2.10049824e+16 1.06336117e-14
1.99664245e+16 1.33834129e-14
1.89792164e+16 1.69557473e-14
1.80408193e+16 1.65343622e-14
1.71488197e+16 2.08213597e-14
1.63009236e+16 2.57684743e-14
1.54949504e+16 2.51305884e-14
1.47288272e+16 3.02882616e-14
1.40005838e+16 3.52514386e-14
1.33083472e+16 3.92217886e-14
1.26503372e+16 4.38608061e-14
1.20248614e+16 4.62920977e-14
1.14303113e+16 5.14965024e-14
1.08651577e+16 5.98508004e-14
1.03279473e+16 5.84527490e-14
9.81729841e+15 7.03842371e-14
9.33189772e+15 6.89270671e-14
8.87049689e+15 8.51644755e-14
8.43190929e+15 8.34315252e-14
8.01500696e+15 8.15537303e-14
7.61871770e+15 1.02905554e-13
7.24202233e+15 1.00917639e-13
6.88395207e+15 9.84768638e-14
6.54358602e+15 9.67964835e-14
6.22004883e+15 1.22622343e-13
5.91250841e+15 1.20809577e-13
5.62017385e+15 1.18053080e-13
5.34229330e+15 1.16549553e-13
5.07815211e+15 1.15312228e-13
4.82707097e+15 1.43048339e-13
4.58840413e+15 1.41425268e-13
4.36153779e+15 1.40364587e-13
4.14588850e+15 1.38349865e-13
3.94090164e+15 1.37111472e-13
3.74605003e+15 1.66516188e-13
3.56083255e+15 1.65719384e-13
3.38477286e+15 1.65064270e-13
3.21741815e+15 1.62268862e-13
3.05833803e+15 1.59675838e-13
2.90712338e+15 1.60358056e-13
2.76338529e+15 1.57624213e-13
2.62675410e+15 1.85624364e-13
2.49687843e+15 1.88210276e-13
2.37342425e+15 1.85618328e-13
2.25607407e+15 1.81372660e-13
2.14452608e+15 1.79521735e-13
2.03849340e+15 1.82526394e-13
1.93770334e+15 1.81775624e-13
1.84189668e+15 1.78351950e-13
1.75082703e+15 1.78291208e-13
1.66426018e+15 1.82785377e-13
1.58197348e+15 2.03335096e-13
1.50375532e+15 2.03958719e-13
1.42940453e+15 2.46116405e-13
1.35872990e+15 2.39958160e-13
1.29154967e+15 2.34637343e-13
1.22769105e+15 2.28766155e-13
1.16698982e+15 2.23452481e-13
1.10928986e+15 1.98394068e-13
1.05444279e+15 1.96499602e-13
1.00230755e+15 1.99943232e-13
9.52750047e+14 1.97507415e-13
9.05642838e+14 1.97550432e-13
8.60864770e+14 2.15228964e-13
8.18300682e+14 2.14462729e-13
7.77841107e+14 2.11469825e-13
7.39381992e+14 2.13948370e-13
7.02824426e+14 2.16487307e-13
6.68074392e+14 2.16784268e-13
6.35042517e+14 2.12547318e-13
6.03643851e+14 2.10397658e-13
5.73797641e+14 2.27484819e-13
5.45427131e+14 2.11113892e-13
5.18459354e+14 2.17724435e-13
4.92824957e+14 2.16588986e-13
4.68458012e+14 2.09334038e-13
4.45295851e+14 2.12478831e-13
4.23278907e+14 2.10925644e-13
4.02350555e+14 2.22856333e-13
3.82456972e+14 2.18926081e-13
3.63546996e+14 2.10956542e-13
3.45571994e+14 2.31632593e-13
3.28485737e+14 2.18602439e-13
3.12244282e+14 2.15261985e-13
2.96805861e+14 2.18907445e-13
2.82130768e+14 2.22106406e-13
2.68181261e+14 2.13789264e-13
2.54921465e+14 2.18145558e-13
2.42317279e+14 2.16634874e-13
2.30336287e+14 2.19994334e-13
2.18947676e+14 2.21924597e-13
2.08122157e+14 2.16667042e-13
1.97831888e+14 2.20634736e-13
1.88050406e+14 2.15846311e-13
1.78752553e+14 2.17691911e-13
1.69914417e+14 2.20468358e-13
1.61513269e+14 2.22335914e-13
1.53527503e+14 2.18419683e-13
1.45936580e+14 2.19016361e-13
1.38720978e+14 2.18390196e-13
1.31862140e+14 2.16278269e-13
1.25342427e+14 2.19052985e-13
1.19145070e+14 2.19151530e-13
1.13254132e+14 2.17877947e-13
1.07654461e+14 2.19953997e-13
1.02331658e+14 2.17527870e-13
9.72720319e+13 2.19407403e-13
9.24625712e+13 2.19364837e-13
8.78909065e+13 2.18638911e-13
8.35452806e+13 2.18324011e-13
7.94145172e+13 2.17679522e-13
7.54879928e+13 2.19138151e-13
7.17556092e+13 2.18657285e-13
6.82077673e+13 2.20109384e-13
6.48353429e+13 2.19587404e-13
6.16296626e+13 2.19702576e-13
5.85824820e+13 2.19405491e-13
5.56859644e+13 2.20417744e-13
5.29326606e+13 2.20464373e-13
5.03154895e+13 2.19930440e-13
4.78277202e+13 2.19663795e-13
4.54629547e+13 2.20442880e-13
4.32151113e+13 2.20195507e-13
4.10784089e+13 2.20232753e-13
3.90473524e+13 2.19139398e-13
3.71167182e+13 2.19961644e-13
3.52815412e+13 2.20388709e-13
3.35371015e+13 2.20211660e-13
3.18789129e+13 2.19710437e-13
3.03027108e+13 2.19905837e-13
2.88044415e+13 2.19590403e-13
2.73802518e+13 2.20151727e-13
2.60264788e+13 2.20162942e-13
2.47396410e+13 2.20407130e-13
2.35164288e+13 2.19867607e-13
2.23536965e+13 2.19769785e-13
2.12484535e+13 2.20334835e-13
2.01978576e+13 2.20221735e-13
1.91992067e+13 2.20024549e-13
1.82499324e+13 2.20175176e-13
1.73475936e+13 2.20250378e-13
1.64898694e+13 2.20055054e-13
1.56745541e+13 2.20082252e-13
1.48995507e+13 2.20284325e-13
1.41628662e+13 2.20284103e-13
1.34626058e+13 2.20284355e-13
1.27969687e+13 2.20103627e-13
1.21642429e+13 2.20147004e-13
1.15628013e+13 2.20280726e-13
1.09910970e+13 2.20096301e-13
1.04476597e+13 2.20301393e-13
9.93109181e+12 2.20389446e-13
9.44006479e+12 2.20204322e-13
8.97331581e+12 2.20208308e-13
8.52964450e+12 2.20285323e-13
8.10790981e+12 2.20188433e-13
7.70702711e+12 2.20229607e-13
7.32596543e+12 2.20279468e-13
6.96374473e+12 2.20189878e-13
6.61943346e+12 2.20274256e-13
6.29214611e+12 2.20322573e-13
5.98104096e+12 2.20257148e-13
5.68531791e+12 2.20340078e-13
5.40421642e+12 2.20229818e-13
5.13701354e+12 2.20264341e-13
4.88302209e+12 2.20356473e-13
4.64158883e+12 2.20235090e-13
4.41209286e+12 2.20300326e-13
4.19394396e+12 2.20312067e-13
3.98658107e+12 2.20380918e-13
3.78947092e+12 2.20285475e-13
3.60210656e+12 2.20284476e-13
3.42400614e+12 2.20319249e-13
3.25471161e+12 2.20256116e-13
3.09378757e+12 2.20330151e-13
2.94082017e+12 2.20277364e-13
2.79541600e+12 2.20309638e-13
2.65720111e+12 2.20302588e-13
2.52582003e+12 2.20338125e-13
2.40093488e+12 2.20291689e-13
2.28222447e+12 2.20301528e-13
2.16938352e+12 2.20324727e-13
2.06212180e+12 2.20322993e-13
1.96016347e+12 2.20322518e-13
1.86324631e+12 2.20330820e-13
1.77112106e+12 2.20319311e-13
1.68355080e+12 2.20342495e-13
1.60031031e+12 2.20326847e-13
1.52118552e+12 2.20329688e-13
1.44597292e+12 2.20323012e-13
1.37447909e+12 2.20337241e-13
1.30652016e+12 2.20329567e-13
1.24192135e+12 2.20342354e-13
1.18051653e+12 2.20316912e-13
1.12214777e+12 2.20320518e-13
1.06666496e+12 2.20336087e-13
1.01392541e+12 2.20338215e-13
9.63793480e+11 2.20314486e-13
9.16140246e+11 2.20336493e-13
8.70843150e+11 2.20328540e-13
8.27785697e+11 2.20331056e-13
7.86857151e+11 2.20329630e-13
7.47952252e+11 2.20340701e-13
7.10970943e+11 2.20339360e-13
6.75818117e+11 2.20339018e-13
6.42403366e+11 2.20339242e-13
6.10640754e+11 2.20340661e-13
5.80448594e+11 2.20338069e-13
5.51749238e+11 2.20348964e-13
5.24468875e+11 2.20331782e-13
4.98537346e+11 2.20334176e-13
4.73887961e+11 2.20339081e-13
4.50457325e+11 2.20339002e-13
4.28185180e+11 2.20339061e-13
4.07014245e+11 2.20342566e-13
3.86890074e+11 2.20334356e-13
3.67760910e+11 2.20333152e-13
3.49577557e+11 2.20332808e-13
3.32293252e+11 2.20337587e-13
3.15863541e+11 2.20339721e-13
3.00246171e+11 2.20338790e-13
2.85400977e+11 2.20337299e-13
2.71289780e+11 2.20339522e-13
2.57876289e+11 2.20336494e-13
2.45126006e+11 2.20340599e-13
2.33006141e+11 2.20337836e-13
2.21485523e+11 2.20339885e-13
2.10534524e+11 2.20336944e-13
2.00124980e+11 2.20340885e-13
1.90230119e+11 2.20342436e-13
1.80824493e+11 2.20338218e-13
1.71883914e+11 2.20342238e-13
1.63385388e+11 2.20341483e-13
1.55307057e+11 2.20340682e-13
1.47628147e+11 2.20339229e-13
1.40328908e+11 2.20340278e-13
1.33390569e+11 2.20339668e-13
1.26795285e+11 2.20341873e-13
1.20526094e+11 2.20341759e-13
1.14566873e+11 2.20341029e-13
1.08902296e+11 2.20341657e-13
1.03517796e+11 2.20340044e-13
9.83995230e+10 2.20341517e-13
9.35343152e+10 2.20341731e-13
8.89096599e+10 2.20341662e-13
8.45136633e+10 2.20340917e-13
8.03350198e+10 2.20341961e-13
7.63629826e+10 2.20341674e-13
7.25873365e+10 2.20340857e-13
6.89983712e+10 2.20341274e-13
6.55868566e+10 2.20341304e-13
6.23440189e+10 2.20340442e-13
5.92615181e+10 2.20340920e-13
5.63314267e+10 2.20341453e-13
5.35462090e+10 2.20340949e-13
5.08987019e+10 2.20341009e-13
4.83820966e+10 2.20341183e-13
4.59899209e+10 2.20341392e-13
4.37160225e+10 2.20341686e-13
4.15545533e+10 2.20341737e-13
3.94999546e+10 2.20342125e-13
3.75469422e+10 2.20341267e-13
3.56904935e+10 2.20341940e-13
3.39258338e+10 2.20341601e-13
3.22484250e+10 2.20341437e-13
3.06539530e+10 2.20342193e-13
2.91383170e+10 2.20341811e-13
2.76976194e+10 2.20341557e-13
2.63281547e+10 2.20341937e-13
2.50264010e+10 2.20341791e-13
2.37890104e+10 2.20341769e-13
2.26128007e+10 2.20341806e-13
2.14947467e+10 2.20341584e-13
2.04319732e+10 2.20341835e-13
1.94217468e+10 2.20341909e-13
1.84614695e+10 2.20341781e-13
1.75486715e+10 2.20341687e-13
1.66810054e+10 2.20341515e-13
1.58562396e+10 2.20341680e-13
1.50722531e+10 2.20341771e-13
1.43270295e+10 2.20341770e-13
1.36186524e+10 2.20341964e-13
1.29452998e+10 2.20341846e-13
1.23052400e+10 2.20342043e-13
1.16968270e+10 2.20341794e-13
1.11184960e+10 2.20341704e-13
1.05687597e+10 2.20341795e-13
1.00462042e+10 2.20341933e-13
9.54948564e+09 2.20341968e-13
9.07732653e+09 2.20341963e-13
8.62851257e+09 2.20341802e-13
8.20188950e+09 2.20342032e-13
7.79636013e+09 2.20341739e-13
7.41088152e+09 2.20341985e-13
7.04446228e+09 2.20342062e-13
6.69616005e+09 2.20342018e-13
6.36507908e+09 2.20341838e-13
6.05036788e+09 2.20342176e-13
5.75121707e+09 2.20341907e-13
5.46685730e+09 2.20341881e-13
5.19655724e+09 2.20341926e-13
4.93962174e+09 2.20341931e-13
4.69539001e+09 2.20342014e-13
4.46323393e+09 2.20341851e-13
4.24255643e+09 2.20341960e-13
4.03278998e+09 2.20341904e-13
3.83339510e+09 2.20341929e-13
3.64385898e+09 2.20341985e-13
3.46369418e+09 2.20341839e-13
3.29243733e+09 2.20342017e-13
3.12964801e+09 2.20342004e-13
2.97490755e+09 2.20341971e-13
2.82781798e+09 2.20341982e-13
2.68800102e+09 2.20342012e-13
2.55509709e+09 2.20341829e-13
2.42876438e+09 2.20341918e-13
2.30867799e+09 2.20342011e-13
2.19452909e+09 2.20342038e-13
2.08602409e+09 2.20341928e-13
1.98288395e+09 2.20341975e-13
1.88484341e+09 2.20342019e-13
1.79165033e+09 2.20341934e-13
1.70306503e+09 2.20341929e-13
1.61885969e+09 2.20341920e-13
1.53881775e+09 2.20341941e-13
1.46273336e+09 2.20341991e-13
1.39041083e+09 2.20341990e-13
1.32166418e+09 2.20341976e-13
1.25631660e+09 2.20341935e-13
1.19420003e+09 2.20341935e-13
1.13515471e+09 2.20341990e-13
1.07902879e+09 2.20341964e-13
1.02567793e+09 2.20341968e-13
9.74964918e+08 2.20341998e-13
9.26759330e+08 2.20342000e-13
8.80937190e+08 2.20342000e-13
8.37380654e+08 2.20341990e-13
7.95977700e+08 2.20342010e-13
7.56621850e+08 2.20341961e-13
7.19211887e+08 2.20341995e-13
6.83651600e+08 2.20341999e-13
6.49849535e+08 2.20341982e-13
6.17718760e+08 2.20341971e-13
5.87176639e+08 2.20342015e-13
5.58144625e+08 2.20341985e-13
5.30548053e+08 2.20341993e-13
5.04315949e+08 2.20341998e-13
4.79380850e+08 2.20341985e-13
4.55678627e+08 2.20341999e-13
4.33148322e+08 2.20341989e-13
4.11731993e+08 2.20341993e-13
3.91374560e+08 2.20341985e-13
3.72023668e+08 2.20341978e-13
3.53629550e+08 2.20341989e-13
3.36144900e+08 2.20342006e-13
3.19524751e+08 2.20341984e-13
3.03726358e+08 2.20341985e-13
2.88709092e+08 2.20342002e-13
2.74434330e+08 2.20341999e-13
2.60865362e+08 2.20341999e-13
2.47967289e+08 2.20341999e-13
2.35706941e+08 2.20342005e-13
2.24052787e+08 2.20342006e-13
2.12974854e+08 2.20341999e-13
2.02444651e+08 2.20342013e-13
1.92435098e+08 2.20342013e-13
1.82920450e+08 2.20342019e-13
1.73876240e+08 2.20342016e-13
1.65279206e+08 2.20342013e-13
1.57107239e+08 2.20342016e-13
1.49339322e+08 2.20342022e-13
1.41955477e+08 2.20342012e-13
1.34936714e+08 2.20342022e-13
1.28264983e+08 2.20342019e-13
1.21923125e+08 2.20342022e-13
1.15894830e+08 2.20342022e-13
1.10164595e+08 2.20342029e-13
1.04717682e+08 2.20342032e-13
9.95400829e+07 2.20342033e-13
9.46184819e+07 2.20342036e-13
8.99402217e+07 2.20342040e-13
8.54932707e+07 2.20342038e-13
8.12661920e+07 2.20342043e-13
7.72481145e+07 2.20342049e-13
7.34287045e+07 2.20342050e-13
6.97981391e+07 2.20342055e-13
6.63470812e+07 2.20342059e-13
6.30666554e+07 2.20342063e-13
5.99484250e+07 2.20342066e-13
5.69843706e+07 2.20342070e-13
5.41668691e+07 2.20342075e-13
5.14886745e+07 2.20342080e-13
4.89428990e+07 2.20342083e-13
4.65229952e+07 2.20342089e-13
4.42227398e+07 2.20342097e-13
4.20362168e+07 2.20342103e-13
3.99578030e+07 2.20342106e-13
3.79821531e+07 2.20342114e-13
3.61041860e+07 2.20342122e-13
3.43190720e+07 2.20342126e-13
3.26222201e+07 2.20342134e-13
3.10092664e+07 2.20342144e-13
2.94760626e+07 2.20342151e-13
2.80186656e+07 2.20342159e-13
2.66333273e+07 2.20342168e-13
2.53164848e+07 2.20342178e-13
2.40647515e+07 2.20342189e-13
2.28749082e+07 2.20342199e-13
2.17438948e+07 2.20342211e-13
2.06688025e+07 2.20342223e-13
1.96468665e+07 2.20342234e-13
1.86754584e+07 2.20342247e-13
1.77520801e+07 2.20342261e-13
1.68743568e+07 2.20342277e-13
1.60400311e+07 2.20342291e-13
1.52469573e+07 2.20342308e-13
1.44930957e+07 2.20342324e-13
1.37765077e+07 2.20342342e-13
1.30953502e+07 2.20342360e-13
1.24478715e+07 2.20342380e-13
1.18324063e+07 2.20342401e-13
1.12473718e+07 2.20342422e-13
1.06912634e+07 2.20342445e-13
1.01626509e+07 2.20342469e-13
9.66017480e+06 2.20342494e-13
9.18254284e+06 2.20342521e-13
8.72852662e+06 2.20342549e-13
8.29695852e+06 2.20342578e-13
7.88672862e+06 2.20342609e-13
7.49678187e+06 2.20342641e-13
7.12611543e+06 2.20342676e-13
6.77377600e+06 2.20342712e-13
6.43885743e+06 2.20342749e-13
6.12049837e+06 2.20342789e-13
5.81788007e+06 2.20342831e-13
5.53022426e+06 2.20342875e-13
5.25679112e+06 2.20342921e-13
4.99687745e+06 2.20342970e-13
4.74981480e+06 2.20343021e-13
4.51496777e+06 2.20343075e-13
4.29173238e+06 2.20343132e-13
4.07953450e+06 2.20343192e-13
3.87782841e+06 2.20343255e-13
3.68609536e+06 2.20343321e-13
3.50384225e+06 2.20343390e-13
3.33060034e+06 2.20343464e-13
3.16592411e+06 2.20343541e-13
3.00939003e+06 2.20343621e-13
2.86059554e+06 2.20343706e-13
2.71915794e+06 2.20343796e-13
2.58471351e+06 2.20343890e-13
2.45691646e+06 2.20343990e-13
2.33543814e+06 2.20344094e-13
2.21996612e+06 2.20344204e-13
2.11020343e+06 2.20344319e-13
2.00586778e+06 2.20344440e-13
1.90669084e+06 2.20344568e-13
1.81241755e+06 2.20344703e-13
1.72280545e+06 2.20344844e-13
1.63762407e+06 2.20344993e-13
1.55665436e+06 2.20345149e-13
1.47968806e+06 2.20345314e-13
1.40652724e+06 2.20345487e-13
1.33698374e+06 2.20345669e-13
1.27087871e+06 2.20345861e-13
1.20804213e+06 2.20346063e-13
1.14831241e+06 2.20346275e-13
1.09153594e+06 2.20346498e-13
1.03756668e+06 2.20346733e-13
9.86265846e+05 2.20346980e-13
9.37501502e+05 2.20347240e-13
8.91148232e+05 2.20347513e-13
8.47086827e+05 2.20347800e-13
8.05203967e+05 2.20348103e-13
7.65391939e+05 2.20348421e-13
7.27548353e+05 2.20348756e-13
6.91575883e+05 2.20349108e-13
6.57382014e+05 2.20349479e-13
6.24878807e+05 2.20349869e-13
5.93982669e+05 2.20350279e-13
5.64614142e+05 2.20350710e-13
5.36697695e+05 2.20351164e-13
5.10161531e+05 2.20351642e-13
4.84937407e+05 2.20352144e-13
4.60960449e+05 2.20352672e-13
4.38168993e+05 2.20353228e-13
4.16504425e+05 2.20353813e-13
3.95911027e+05 2.20354428e-13
3.76335836e+05 2.20355076e-13
3.57728510e+05 2.20355757e-13
3.40041193e+05 2.20356473e-13
3.23228398e+05 2.20357227e-13
3.07246884e+05 2.20358020e-13
2.92055551e+05 2.20358854e-13
2.77615329e+05 2.20359731e-13
2.63889081e+05 2.20360654e-13
2.50841506e+05 2.20361625e-13
2.38439047e+05 2.20362647e-13
2.26649808e+05 2.20363722e-13
2.15443469e+05 2.20364852e-13
2.04791210e+05 2.20366042e-13
1.94665634e+05 2.20367293e-13
1.85040702e+05 2.20368610e-13
1.75891659e+05 2.20369995e-13
1.67194976e+05 2.20371452e-13
1.58928287e+05 2.20372984e-13
1.51070330e+05 2.20374597e-13
1.43600898e+05 2.20376293e-13
1.36500781e+05 2.20378078e-13
1.29751717e+05 2.20379955e-13
1.23336350e+05 2.20381930e-13
1.17238180e+05 2.20384008e-13
1.11441525e+05 2.20386194e-13
1.05931476e+05 2.20388494e-13
1.00693863e+05 2.20390913e-13
9.57152154e+04 2.20393458e-13
9.09827289e+04 2.20396135e-13
8.64842328e+04 2.20398952e-13
8.22081576e+04 2.20401915e-13
7.81435061e+04 2.20405033e-13
7.42798248e+04 2.20408312e-13
7.06071771e+04 2.20411762e-13
6.71161177e+04 2.20415392e-13
6.37976681e+04 2.20419210e-13
6.06432940e+04 2.20423227e-13
5.76448828e+04 2.20427453e-13
5.47947234e+04 2.20431899e-13
5.20854855e+04 2.20436576e-13
4.95102016e+04 2.20441497e-13
4.70622485e+04 2.20446673e-13
4.47353305e+04 2.20452118e-13
4.25234633e+04 2.20457847e-13
4.04209584e+04 2.20463874e-13
3.84224085e+04 2.20470214e-13
3.65226736e+04 2.20476884e-13
3.47168682e+04 2.20483902e-13
3.30003479e+04 2.20491284e-13
3.13686982e+04 2.20499050e-13
2.98177229e+04 2.20507220e-13
2.83434331e+04 2.20515815e-13
2.69420371e+04 2.20524857e-13
2.56099310e+04 2.20534370e-13
2.43436887e+04 2.20544378e-13
2.31400538e+04 2.20554906e-13
2.19959307e+04 2.20565981e-13
2.09083769e+04 2.20577633e-13
1.98745955e+04 2.20589891e-13
1.88919278e+04 2.20602787e-13
1.79578465e+04 2.20616354e-13
1.70699493e+04 2.20630626e-13
1.62259529e+04 2.20645641e-13
1.54236865e+04 2.20661437e-13
1.46610868e+04 2.20678055e-13
1.39361927e+04 2.20695537e-13
1.32471399e+04 2.20713929e-13
1.25921561e+04 2.20733278e-13
1.19695570e+04 2.20753633e-13
1.13777413e+04 2.20775048e-13
1.08151870e+04 2.20797576e-13
1.02804473e+04 2.20821277e-13
9.77214697e+03 2.20846210e-13
9.28897872e+03 2.20872441e-13
8.82969996e+03 2.20900037e-13
8.39312950e+03 2.20929068e-13
7.97814457e+03 2.20959610e-13
7.58367791e+03 2.20991742e-13
7.20871503e+03 2.21025545e-13
6.85229160e+03 2.21061107e-13
6.51349095e+03 2.21098519e-13
6.19144176e+03 2.21137878e-13
5.88531578e+03 2.21179285e-13
5.59432571e+03 2.21222847e-13
5.31772318e+03 2.21268676e-13
5.05479682e+03 2.21316890e-13
4.80487044e+03 2.21367613e-13
4.56730127e+03 2.21420976e-13
4.34147833e+03 2.21477116e-13
4.12682085e+03 2.21536178e-13
3.92277676e+03 2.21598313e-13
3.72882131e+03 2.21663683e-13
3.54445567e+03 2.21732456e-13
3.36920571e+03 2.21804808e-13
3.20262069e+03 2.21880926e-13
3.04427221e+03 2.21961007e-13
2.89375302e+03 2.22045257e-13
2.75067601e+03 2.22133893e-13
2.61467321e+03 2.22227144e-13
2.48539486e+03 2.22325249e-13
2.36250847e+03 2.22428463e-13
2.24569800e+03 2.22537052e-13
2.13466303e+03 2.22651295e-13
2.02911802e+03 2.22771487e-13
1.92879151e+03 2.22897939e-13
1.83342548e+03 2.23030978e-13
1.74277468e+03 2.23170945e-13
1.65660596e+03 2.23318204e-13
1.57469771e+03 2.23473135e-13
1.49683929e+03 2.23636137e-13
1.42283046e+03 2.23807632e-13
1.35248087e+03 2.23988063e-13
1.28560961e+03 2.24177898e-13
1.22204469e+03 2.24377626e-13
1.16162263e+03 2.24587764e-13
1.10418805e+03 2.24808857e-13
1.04959323e+03 2.25041477e-13
9.97697764e+02 2.25286225e-13
9.48368187e+02 2.25543737e-13
9.01477631e+02 2.25814679e-13
8.56905505e+02 2.26099755e-13
8.14537177e+02 2.26399702e-13
7.74263683e+02 2.26715300e-13
7.35981448e+02 2.27047369e-13
6.99592017e+02 2.27396769e-13
6.65001803e+02 2.27764410e-13
6.32121848e+02 2.28151248e-13
6.00867589e+02 2.28558288e-13
5.71158648e+02 2.28986590e-13
5.42918618e+02 2.29437271e-13
5.16074871e+02 2.29911503e-13
4.90558371e+02 2.30410526e-13
4.66303493e+02 2.30935640e-13
4.43247859e+02 2.31488219e-13
4.21332174e+02 2.32069706e-13
4.00500076e+02 2.32681623e-13
3.80697987e+02 2.33325573e-13
3.61874981e+02 2.34003244e-13
3.43982649e+02 2.34716415e-13
3.26974974e+02 2.35466958e-13
3.10808217e+02 2.36256847e-13
2.95440800e+02 2.37088164e-13
2.80833200e+02 2.37963098e-13
2.66947849e+02 2.38883960e-13
2.53749038e+02 2.39853183e-13
2.41202821e+02 2.40873334e-13
2.29276931e+02 2.41947117e-13
2.17940698e+02 2.43077382e-13
2.07164968e+02 2.44267138e-13
1.96922026e+02 2.45519553e-13
1.87185529e+02 2.46837972e-13
1.77930439e+02 2.48225921e-13
1.69132952e+02 2.49687119e-13
1.60770442e+02 2.51225493e-13
1.52821404e+02 2.52845185e-13
1.45265393e+02 2.54550565e-13
1.38082977e+02 2.56346249e-13
1.31255684e+02 2.58237109e-13
1.24765955e+02 2.60228289e-13
1.18597101e+02 2.62325224e-13
1.12733256e+02 2.64533654e-13
1.07159340e+02 2.66859645e-13
1.01861017e+02 2.69309608e-13
9.68246612e+01 2.71890322e-13
9.20373200e+01 2.74608954e-13
8.74866812e+01 2.77496464e-13
8.31610415e+01 2.80514065e-13
7.90492762e+01 2.83693674e-13
7.51408106e+01 2.87044279e-13
7.14255929e+01 2.90575401e-13
6.78940681e+01 2.94297123e-13
6.45371540e+01 2.98220137e-13
6.13462172e+01 3.02355776e-13
5.83130511e+01 3.06716061e-13
5.54298552e+01 3.11313753e-13
5.26892142e+01 3.16162396e-13
5.00840799e+01 3.21276378e-13
4.76077523e+01 3.26670990e-13
4.52538628e+01 3.32362493e-13
4.30163576e+01 3.38368184e-13
4.08894823e+01 3.44706480e-13
3.88677669e+01 3.51396996e-13
3.69460121e+01 3.58460643e-13
3.51192753e+01 3.65982206e-13
3.33828586e+01 3.73860188e-13
3.17322963e+01 3.82182820e-13
3.01633435e+01 3.90977286e-13
2.86719650e+01 3.99533278e-13
2.72543253e+01 4.09265034e-13
2.59067786e+01 4.19549293e-13
2.46258592e+01 4.30589854e-13
2.34082728e+01 4.42082050e-13
2.22508880e+01 4.54235948e-13
2.11507282e+01 4.67093248e-13
2.01049642e+01 4.80698670e-13
1.91109062e+01 4.95100208e-13
1.81659979e+01 5.10349415e-13
1.72678090e+01 5.26501713e-13
1.64140297e+01 5.43616739e-13
1.56024641e+01 5.61758722e-13
1.48310251e+01 5.80995204e-13
1.40977287e+01 6.01368861e-13
1.34006890e+01 6.23001246e-13
1.27381132e+01 6.46411588e-13
1.21082975e+01 6.70813467e-13
1.15096220e+01 6.96760673e-13
1.09405471e+01 7.24352124e-13
1.03996091e+01 7.53705328e-13
9.88541702e+00 7.84955552e-13
9.39664831e+00 8.18242462e-13
8.93204600e+00 8.53720266e-13
8.49041520e+00 8.91557762e-13
8.07062014e+00 9.31938312e-13
7.67158118e+00 9.75062347e-13
7.29227206e+00 1.02114889e-12
6.93171728e+00 1.07043748e-12
6.58898955e+00 1.12319040e-12
6.26320745e+00 1.17969497e-12
5.95353313e+00 1.23997177e-12
5.65917016e+00 1.30496637e-12
5.37936150e+00 1.37475336e-12
5.11338754e+00 1.44975001e-12
4.86056423e+00 1.53041517e-12
4.62024137e+00 1.61725372e-12
4.39180089e+00 1.71082148e-12
4.17465529e+00 1.81173063e-12
3.96824610e+00 1.92065574e-12
3.77204249e+00 2.03834037e-12
3.58553986e+00 2.16560437e-12
3.40825855e+00 2.30335188e-12
3.23974263e+00 2.45258022e-12
3.07955871e+00 2.61438951e-12
2.92729484e+00 2.78999333e-12
2.78255940e+00 2.98073031e-12
2.64498018e+00 3.18807679e-12
2.51420335e+00 3.41366067e-12
2.38989257e+00 3.65927633e-12
2.27172813e+00 3.92436681e-12
2.15940615e+00 4.21558678e-12
2.05263775e+00 4.53334299e-12
1.95114835e+00 4.88027247e-12
1.85467692e+00 5.25927464e-12
1.76297538e+00 5.67948484e-12
1.67580786e+00 6.13335715e-12
1.59295021e+00 6.62979153e-12
1.51418933e+00 7.17302983e-12
1.43932264e+00 7.76764827e-12
1.36815763e+00 8.41864087e-12
1.30051125e+00 9.13144833e-12
1.23620954e+00 9.91198689e-12
1.17508713e+00 1.07666765e-11
1.11698682e+00 1.17024677e-11
1.06175918e+00 1.27268661e-11
1.00926219e+00 1.38479529e-11
9.59360829e-01 1.50744003e-11
9.11926760e-01 1.64154788e-11
8.66837993e-01 1.78810901e-11
8.23978568e-01 1.94816167e-11
7.83238260e-01 2.12280445e-11
7.44512291e-01 2.31317875e-11
7.07701066e-01 2.52045840e-11
6.72709914e-01 2.74583093e-11
6.39448843e-01 2.99047084e-11
6.07832313e-01 3.25550251e-11
5.77779012e-01 3.54195089e-11
5.49211648e-01 3.85067784e-11
5.22056753e-01 4.18230328e-11
4.96244488e-01 4.53711111e-11
4.71708469e-01 4.91494195e-11
4.48385595e-01 5.31507739e-11
4.26215883e-01 5.73612295e-11
4.05142317e-01 6.17590045e-11
3.85110700e-01 6.63136268e-11
3.66069515e-01 7.09854473e-11
3.47969790e-01 7.57256615e-11
3.30764978e-01 8.04769479e-11
3.14410830e-01 8.51747802e-11
2.98865287e-01 8.97493944e-11
2.84088369e-01 9.41283012e-11
2.70042072e-01 9.82391616e-11
2.56690272e-01 1.02012778e-10
2.43998630e-01 1.05385944e-10
2.31934506e-01 1.08303900e-10
2.20466874e-01 1.10722235e-10
2.09566240e-01 1.12608115e-10
1.99204571e-01 1.13940838e-10
1.89355218e-01 1.14711773e-10
1.79992851e-01 1.14923804e-10
1.71093391e-01 1.14590390e-10
1.62633950e-01 1.13734360e-10
1.54592774e-01 1.12386662e-10
1.46949180e-01 1.10584844e-10
1.39683512e-01 1.08371699e-10
1.32777083e-01 1.05793832e-10
1.26212131e-01 1.02900271e-10
1.19971774e-01 9.97413500e-11
1.14039960e-01 9.63667077e-11
1.08401436e-01 9.28251793e-11
1.03041699e-01 8.91657159e-11
9.79469667e-02 8.54427531e-11
9.31041349e-02 8.16839125e-11
8.85007491e-02 7.78679036e-11
8.41249705e-02 7.41172601e-11
7.99655453e-02 7.04215272e-11
7.60117762e-02 6.68026313e-11
7.22534949e-02 6.32779471e-11
6.86810359e-02 5.98623164e-11
6.52852114e-02 5.65654535e-11
6.20572881e-02 5.33945383e-11
5.89889643e-02 4.88641656e-11
5.60723488e-02 4.61809887e-11
5.32999408e-02 4.46715227e-11
5.06646101e-02 4.20286881e-11
4.81595791e-02 3.95154648e-11
4.57784054e-02 3.71286618e-11
4.35149650e-02 3.48644427e-11
4.13634368e-02 3.27185284e-11
3.93182876e-02 3.06863618e-11
3.73742574e-02 2.87632406e-11
3.55263468e-02 2.69444201e-11
3.37698031e-02 2.52251912e-11
3.21001090e-02 2.36009378e-11
3.05129702e-02 2.20671767e-11
2.90043049e-02 2.06195838e-11
2.75702333e-02 1.92540096e-11
2.62070670e-02 1.79664853e-11
2.49113003e-02 1.67532239e-11
2.36796007e-02 1.56106156e-11
2.25088005e-02 1.45352203e-11
2.13958887e-02 1.35237588e-11
2.03380031e-02 1.25784740e-11
1.93324229e-02 1.16848116e-11
1.83765620e-02 1.08459385e-11
1.74679622e-02 1.00591744e-11
1.66042866e-02 9.32072972e-12
1.57833141e-02 8.63162605e-12
1.50029332e-02 7.98713272e-12
1.42611371e-02 7.38491525e-12
1.35560179e-02 6.82272727e-12
1.28857621e-02 6.29840677e-12
1.22486461e-02 5.80987302e-12
1.16430313e-02 5.35512413e-12
1.10673602e-02 4.93223510e-12
1.05201522e-02 4.53935628e-12
1.00000000e-02 4.17471208e-12
