1.00000000e+20 0.00000000e+00
9.50556592e+19 0.00000000e+00
9.03557835e+19 0.00000000e+00
8.58882856e+19 0.00000000e+00
8.16416760e+19 0.00000000e+00
7.76050334e+19 0.00000000e+00
7.37679760e+19 0.00000000e+00
7.01206359e+19 0.00000000e+00
6.66536327e+19 0.00000000e+00
6.33580499e+19 0.00000000e+00
6.02254120e+19 0.00000000e+00
5.72476624e+19 0.00000000e+00
5.44171429e+19 0.00000000e+00
5.17265739e+19 0.00000000e+00
4.91690358e+19 0.00000000e+00
4.67379511e+19 0.00000000e+00
4.44270675e+19 0.00000000e+00
4.22304419e+19 0.00000000e+00
4.01424249e+19 0.00000000e+00
3.81576466e+19 0.00000000e+00
3.62710025e+19 0.00000000e+00
3.44776405e+19 0.00000000e+00
3.27729485e+19 0.00000000e+00
3.11525422e+19 0.00000000e+00
2.96122544e+19 0.00000000e+00
2.81481236e+19 0.00000000e+00
2.67563844e+19 0.00000000e+00
2.54334576e+19 0.00000000e+00
2.41759408e+19 0.00000000e+00
2.29805999e+19 0.00000000e+00
2.18443607e+19 0.00000000e+00
2.07643011e+19 0.00000000e+00
1.97376433e+19 0.00000000e+00
1.87617469e+19 0.00000000e+00
1.78341022e+19 0.00000000e+00
1.69523234e+19 0.00000000e+00
1.61141428e+19 0.00000000e+00
1.53174046e+19 0.00000000e+00
1.45600600e+19 0.00000000e+00
1.38401610e+19 0.00000000e+00
1.31558562e+19 0.00000000e+00
1.25053859e+19 0.00000000e+00
1.18870770e+19 0.00000000e+00
1.12993394e+19 0.00000000e+00
1.07406615e+19 0.00000000e+00
1.02096066e+19 0.00000000e+00
9.70480888e+18 0.00000000e+00
9.22497005e+18 0.00000000e+00
8.76885609e+18 0.00000000e+00
8.33529397e+18 0.00000000e+00
7.92316862e+18 0.00000000e+00
7.53142017e+18 0.00000000e+00
7.15904109e+18 0.00000000e+00
6.80507370e+18 0.00000000e+00
6.46860766e+18 0.00000000e+00
6.14877765e+18 0.00000000e+00
5.84476113e+18 0.00000000e+00
5.55577622e+18 0.00000000e+00
5.28107971e+18 0.00000000e+00
5.01996513e+18 0.00000000e+00
4.77176095e+18 0.00000000e+00
4.53582883e+18 0.00000000e+00
4.31156199e+18 0.00000000e+00
4.09838367e+18 0.00000000e+00
3.89574562e+18 0.00000000e+00
3.70312668e+18 0.00000000e+00
3.52003147e+18 0.00000000e+00
3.34598912e+18 0.00000000e+00
3.18055202e+18 0.00000000e+00
3.02329468e+18 0.00000000e+00
2.87381269e+18 0.00000000e+00
2.73172160e+18 0.00000000e+00
2.59665597e+18 0.00000000e+00
2.46826845e+18 0.00000000e+00
2.34622885e+18 0.00000000e+00
2.23022330e+18 0.00000000e+00
2.11995346e+18 0.00000000e+00
2.01513573e+18 0.00000000e+00
1.91550056e+18 0.00000000e+00
1.82079168e+18 0.00000000e+00
1.73076553e+18 0.00000000e+00
1.64519059e+18 0.00000000e+00
1.56384676e+18 0.00000000e+00
1.48652484e+18 0.00000000e+00
1.41302599e+18 0.00000000e+00
1.34316117e+18 0.00000000e+00
1.27675070e+18 0.00000000e+00
1.21362380e+18 0.00000000e+00
1.15361810e+18 0.00000000e+00
1.09657929e+18 0.00000000e+00
1.04236067e+18 0.00000000e+00
9.90822810e+17 0.00000000e+00
9.41833153e+17 0.00000000e+00
8.95265713e+17 0.00000000e+00
8.51000725e+17 0.00000000e+00
8.08924349e+17 0.00000000e+00
7.68928372e+17 0.00000000e+00
7.30909933e+17 0.00000000e+00
6.94771255e+17 0.00000000e+00
6.60419396e+17 0.00000000e+00
6.27766011e+17 8.23667674e-47
5.96727120e+17 3.50342580e-45
5.67222897e+17 1.25626073e-43
5.39177464e+17 3.59284356e-42
5.12518693e+17 1.12327801e-40
4.87178022e+17 2.25088039e-39
4.63090280e+17 4.48069243e-38
4.40193519e+17 6.74857293e-37
4.18428851e+17 1.03466799e-35
3.97740302e+17 1.22892734e-34
3.78074666e+17 1.45965896e-33
3.59381366e+17 1.34311352e-32
3.41612327e+17 1.25804535e-31
3.24721849e+17 8.01032846e-31
3.08666494e+17 6.27681362e-30
2.93404971e+17 3.68010478e-29
2.78898029e+17 2.05523207e-28
2.65108360e+17 1.17466116e-27
2.52000499e+17 6.53721408e-27
2.39540736e+17 2.82683359e-26
2.27697026e+17 1.18745720e-25
2.16438909e+17 4.15103164e-25
2.05737431e+17 1.64037882e-24
1.95565072e+17 4.80695688e-24
1.85895668e+17 1.59237859e-23
1.76704353e+17 5.56652815e-23
1.67967487e+17 1.49202842e-22
1.59662602e+17 4.11761515e-22
1.51768339e+17 1.05407247e-21
1.44264395e+17 2.48356591e-21
1.37131472e+17 5.73931611e-21
1.30351224e+17 1.19007311e-20
1.23906216e+17 2.80400550e-20
1.17779870e+17 6.47982560e-20
1.11956432e+17 1.03408871e-19
1.06420924e+17 2.14726978e-19
1.01159111e+17 4.36514794e-19
9.61574600e+16 7.13272497e-19
9.14031075e+16 1.47900273e-18
8.68838264e+16 2.36362608e-18
8.25879939e+16 3.87512040e-18
7.85045620e+16 6.35969690e-18
7.46230289e+16 9.70684845e-18
7.09334120e+16 1.58726751e-17
6.74262224e+16 1.99862941e-17
6.40924402e+16 3.05655603e-17
6.09234915e+16 4.64796895e-17
5.79112265e+16 6.65436683e-17
5.50478981e+16 8.00953033e-17
5.23261424e+16 1.27820881e-16
4.97389596e+16 1.61923587e-16
4.72796959e+16 2.03888597e-16
4.49420266e+16 2.52296468e-16
4.27199397e+16 3.62658888e-16
4.06077203e+16 4.49281727e-16
3.85999362e+16 5.55473654e-16
3.66914238e+16 6.45309416e-16
3.48772747e+16 7.76775087e-16
3.31528234e+16 9.60317932e-16
3.15136348e+16 1.20865155e-15
2.99554933e+16 1.53126783e-15
2.84743917e+16 1.49321258e-15
2.70665207e+16 1.88042958e-15
2.57282597e+16 2.32714109e-15
2.44561668e+16 2.80439432e-15
2.32469706e+16 2.73531940e-15
2.20975611e+16 3.18353630e-15
2.10049824e+16 3.54213125e-15
1.99664245e+16 3.96103141e-15
1.89792164e+16 4.18057030e-15
1.80408193e+16 4.65052509e-15
1.71488197e+16 5.40492731e-15
1.63009236e+16 5.27867612e-15
1.54949504e+16 6.36899348e-15
1.47288272e+16 6.22416604e-15
1.40005838e+16 7.70229606e-15
1.33083472e+16 7.53329908e-15
1.26503372e+16 7.38807172e-15
1.20248614e+16 9.29014922e-15
1.14303113e+16 9.10953952e-15
1.08651577e+16 8.95308746e-15
1.03279473e+16 8.73327117e-15
9.81729841e+15 1.10635945e-14
9.33189772e+15 1.09044240e-14
8.87049689e+15 1.06409599e-14
8.43190929e+15 1.05008818e-14
8.01500696e+15 1.32001265e-14
7.61871770e+15 1.30050041e-14
7.24202233e+15 1.27196656e-14
6.88395207e+15 1.26072387e-14
6.54358602e+15 1.24249100e-14
6.22004883e+15 1.22958973e-14
5.91250841e+15 1.49273099e-14
5.62017385e+15 1.48308880e-14
5.34229330e+15 1.47653437e-14
5.07815211e+15 1.44801582e-14
4.82707097e+15 1.42089611e-14
4.58840413e+15 1.43404708e-14
4.36153779e+15 1.40001810e-14
4.14588850e+15 1.64697760e-14
3.94090164e+15 1.66653240e-14
3.74605003e+15 1.63840209e-14
3.56083255e+15 1.60104509e-14
3.38477286e+15 1.64020145e-14
3.21741815e+15 1.62122960e-14
3.05833803e+15 1.58893734e-14
2.90712338e+15 1.55875868e-14
2.76338529e+15 1.54904421e-14
2.62675410e+15 1.80211635e-14
2.49687843e+15 1.77194217e-14
2.37342425e+15 1.76507110e-14
2.25607407e+15 1.73468287e-14
2.14452608e+15 1.70343513e-14
2.03849340e+15 1.67890771e-14
1.93770334e+15 1.75656631e-14
1.84189668e+15 1.72233789e-14
1.75082703e+15 1.96189002e-14
1.66426018e+15 1.91278704e-14
1.58197348e+15 1.86671995e-14
1.50375532e+15 1.67054989e-14
1.42940453e+15 1.66090134e-14
1.35872990e+15 1.84655141e-14
1.29154967e+15 1.82173115e-14
1.22769105e+15 1.79186293e-14
1.16698982e+15 1.80039015e-14
1.10928986e+15 1.81395616e-14
1.05444279e+15 1.79189802e-14
1.00230755e+15 1.75570382e-14
9.52750047e+14 1.73204653e-14
9.05642838e+14 1.93522553e-14
8.60864770e+14 1.94458804e-14
8.18300682e+14 1.89774350e-14
7.77841107e+14 1.90136220e-14
7.39381992e+14 1.85627059e-14
7.02824426e+14 1.75675872e-14
6.68074392e+14 1.76894665e-14
6.35042517e+14 1.85193978e-14
6.03643851e+14 1.80838281e-14
5.73797641e+14 1.73091823e-14
5.45427131e+14 1.89665750e-14
5.18459354e+14 1.88472547e-14
4.92824957e+14 1.78523823e-14
4.68458012e+14 1.78249966e-14
4.45295851e+14 1.82053194e-14
4.23278907e+14 1.81476823e-14
4.02350555e+14 1.80858310e-14
3.82456972e+14 1.80925104e-14
3.63546996e+14 1.76504681e-14
3.45571994e+14 1.81935872e-14
3.28485737e+14 1.80750948e-14
3.12244282e+14 1.80547912e-14
2.96805861e+14 1.76832057e-14
2.82130768e+14 1.80874104e-14
2.68181261e+14 1.79272986e-14
2.54921465e+14 1.79564981e-14
2.42317279e+14 1.77858127e-14
2.30336287e+14 1.77895963e-14
2.18947676e+14 1.80851988e-14
2.08122157e+14 1.76808933e-14
1.97831888e+14 1.78358342e-14
1.88050406e+14 1.77223477e-14
1.78752553e+14 1.77298136e-14
1.69914417e+14 1.78982590e-14
1.61513269e+14 1.77769287e-14
1.53527503e+14 1.77989749e-14
1.45936580e+14 1.77826614e-14
1.38720978e+14 1.77353057e-14
1.31862140e+14 1.77747611e-14
1.25342427e+14 1.76949291e-14
1.19145070e+14 1.78007896e-14
1.13254132e+14 1.78244443e-14
1.07654461e+14 1.78706966e-14
1.02331658e+14 1.78268814e-14
9.72720319e+13 1.77489240e-14
9.24625712e+13 1.77671626e-14
8.78909065e+13 1.78579590e-14
8.35452806e+13 1.78359684e-14
7.94145172e+13 1.78764143e-14
7.54879928e+13 1.77761468e-14
7.17556092e+13 1.78311522e-14
6.82077673e+13 1.77944845e-14
6.48353429e+13 1.77944716e-14
6.16296626e+13 1.77845379e-14
5.85824820e+13 1.77971742e-14
5.56859644e+13 1.78102598e-14
5.29326606e+13 1.78507961e-14
5.03154895e+13 1.77788911e-14
4.78277202e+13 1.78404841e-14
4.54629547e+13 1.77949465e-14
4.32151113e+13 1.77911807e-14
4.10784089e+13 1.77933909e-14
3.90473524e+13 1.78234255e-14
3.71167182e+13 1.77943816e-14
3.52815412e+13 1.77729351e-14
3.35371015e+13 1.77846212e-14
3.18789129e+13 1.77897007e-14
3.03027108e+13 1.77912452e-14
2.88044415e+13 1.78087596e-14
2.73802518e+13 1.77780339e-14
2.60264788e+13 1.77970388e-14
2.47396410e+13 1.77902172e-14
2.35164288e+13 1.77953865e-14
2.23536965e+13 1.78007443e-14
2.12484535e+13 1.77821226e-14
2.01978576e+13 1.77950922e-14
1.91992067e+13 1.77792064e-14
1.82499324e+13 1.77855689e-14
1.73475936e+13 1.77919610e-14
1.64898694e+13 1.78016059e-14
1.56745541e+13 1.78007292e-14
1.48995507e+13 1.77768995e-14
1.41628662e+13 1.77939907e-14
1.34626058e+13 1.77742512e-14
1.27969687e+13 1.77802196e-14
1.21642429e+13 1.77821967e-14
1.15628013e+13 1.77781084e-14
1.09910970e+13 1.77989303e-14
1.04476597e+13 1.77852284e-14
9.93109181e+12 1.77759541e-14
9.44006479e+12 1.77817314e-14
8.97331581e+12 1.77952508e-14
8.52964450e+12 1.77787368e-14
8.10790981e+12 1.77848804e-14
7.70702711e+12 1.77889145e-14
7.32596543e+12 1.77805209e-14
6.96374473e+12 1.77826367e-14
6.61943346e+12 1.77902860e-14
6.29214611e+12 1.77828494e-14
5.98104096e+12 1.77829034e-14
5.68531791e+12 1.77879700e-14
5.40421642e+12 1.77843510e-14
5.13701354e+12 1.77818046e-14
4.88302209e+12 1.77822500e-14
4.64158883e+12 1.77841577e-14
4.41209286e+12 1.77849563e-14
4.19394396e+12 1.77829819e-14
3.98658107e+12 1.77826037e-14
3.78947092e+12 1.77783750e-14
3.60210656e+12 1.77817268e-14
3.42400614e+12 1.77842199e-14
3.25471161e+12 1.77829955e-14
3.09378757e+12 1.77813494e-14
2.94082017e+12 1.77832138e-14
2.79541600e+12 1.77834109e-14
2.65720111e+12 1.77804282e-14
2.52582003e+12 1.77797981e-14
2.40093488e+12 1.77817238e-14
2.28222447e+12 1.77798423e-14
2.16938352e+12 1.77805309e-14
2.06212180e+12 1.77830078e-14
1.96016347e+12 1.77828105e-14
1.86324631e+12 1.77824880e-14
1.77112106e+12 1.77816706e-14
1.68355080e+12 1.77813081e-14
1.60031031e+12 1.77829025e-14
1.52118552e+12 1.77820710e-14
1.44597292e+12 1.77809486e-14
1.37447909e+12 1.77821615e-14
1.30652016e+12 1.77810200e-14
1.24192135e+12 1.77810222e-14
1.18051653e+12 1.77814170e-14
1.12214777e+12 1.77827815e-14
1.06666496e+12 1.77809638e-14
1.01392541e+12 1.77815951e-14
9.63793480e+11 1.77814229e-14
9.16140246e+11 1.77814579e-14
8.70843150e+11 1.77818965e-14
8.27785697e+11 1.77817153e-14
7.86857151e+11 1.77821409e-14
7.47952252e+11 1.77813530e-14
7.10970943e+11 1.77815251e-14
6.75818117e+11 1.77810854e-14
6.42403366e+11 1.77811324e-14
6.10640754e+11 1.77814929e-14
5.80448594e+11 1.77814847e-14
5.51749238e+11 1.77817016e-14
5.24468875e+11 1.77817209e-14
4.98537346e+11 1.77811092e-14
4.73887961e+11 1.77811236e-14
4.50457325e+11 1.77812508e-14
4.28185180e+11 1.77811748e-14
4.07014245e+11 1.77814860e-14
3.86890074e+11 1.77812617e-14
3.67760910e+11 1.77810915e-14
3.49577557e+11 1.77809414e-14
3.32293252e+11 1.77812191e-14
3.15863541e+11 1.77814650e-14
3.00246171e+11 1.77812645e-14
2.85400977e+11 1.77811472e-14
2.71289780e+11 1.77811733e-14
2.57876289e+11 1.77813142e-14
2.45126006e+11 1.77811418e-14
2.33006141e+11 1.77812269e-14
2.21485523e+11 1.77812439e-14
2.10534524e+11 1.77811182e-14
2.00124980e+11 1.77812118e-14
1.90230119e+11 1.77812002e-14
1.80824493e+11 1.77812187e-14
1.71883914e+11 1.77812160e-14
1.63385388e+11 1.77810614e-14
1.55307057e+11 1.77812503e-14
1.47628147e+11 1.77811293e-14
1.40328908e+11 1.77811870e-14
1.33390569e+11 1.77812652e-14
1.26795285e+11 1.77811883e-14
1.20526094e+11 1.77812799e-14
1.14566873e+11 1.77810561e-14
1.08902296e+11 1.77811856e-14
1.03517796e+11 1.77812500e-14
9.83995230e+10 1.77811324e-14
9.35343152e+10 1.77811268e-14
8.89096599e+10 1.77811174e-14
8.45136633e+10 1.77811867e-14
8.03350198e+10 1.77811255e-14
7.63629826e+10 1.77811537e-14
7.25873365e+10 1.77811653e-14
6.89983712e+10 1.77811668e-14
6.55868566e+10 1.77811721e-14
6.23440189e+10 1.77811704e-14
5.92615181e+10 1.77811229e-14
5.63314267e+10 1.77811439e-14
5.35462090e+10 1.77811058e-14
5.08987019e+10 1.77811285e-14
4.83820966e+10 1.77811479e-14
4.59899209e+10 1.77811557e-14
4.37160225e+10 1.77811298e-14
4.15545533e+10 1.77811247e-14
3.94999546e+10 1.77811385e-14
3.75469422e+10 1.77811646e-14
3.56904935e+10 1.77811458e-14
3.39258338e+10 1.77811484e-14
3.22484250e+10 1.77811529e-14
3.06539530e+10 1.77811478e-14
2.91383170e+10 1.77811667e-14
2.76976194e+10 1.77811442e-14
2.63281547e+10 1.77811686e-14
2.50264010e+10 1.77811453e-14
2.37890104e+10 1.77811364e-14
2.26128007e+10 1.77811315e-14
2.14947467e+10 1.77811431e-14
2.04319732e+10 1.77811356e-14
1.94217468e+10 1.77811301e-14
1.84614695e+10 1.77811208e-14
1.75486715e+10 1.77811531e-14
1.66810054e+10 1.77811334e-14
1.58562396e+10 1.77811301e-14
1.50722531e+10 1.77811222e-14
1.43270295e+10 1.77811393e-14
1.36186524e+10 1.77811305e-14
1.29452998e+10 1.77811294e-14
1.23052400e+10 1.77811323e-14
1.16968270e+10 1.77811222e-14
1.11184960e+10 1.77811406e-14
1.05687597e+10 1.77811258e-14
1.00462042e+10 1.77811252e-14
9.54948564e+09 1.77811580e-14
9.07732653e+09 1.77811371e-14
8.62851257e+09 1.77811338e-14
8.20188950e+09 1.77811355e-14
7.79636013e+09 1.77811387e-14
7.41088152e+09 1.77811231e-14
7.04446228e+09 1.77811430e-14
6.69616005e+09 1.77811283e-14
6.36507908e+09 1.77811194e-14
6.05036788e+09 1.77811439e-14
5.75121707e+09 1.77811414e-14
5.46685730e+09 1.77811407e-14
5.19655724e+09 1.77811317e-14
4.93962174e+09 1.77811261e-14
4.69539001e+09 1.77811212e-14
4.46323393e+09 1.77811333e-14
4.24255643e+09 1.77811282e-14
4.03278998e+09 1.77811313e-14
3.83339510e+09 1.77811313e-14
3.64385898e+09 1.77811299e-14
3.46369418e+09 1.77811395e-14
3.29243733e+09 1.77811331e-14
3.12964801e+09 1.77811230e-14
2.97490755e+09 1.77811237e-14
2.82781798e+09 1.77811309e-14
2.68800102e+09 1.77811341e-14
2.55509709e+09 1.77811291e-14
2.42876438e+09 1.77811264e-14
2.30867799e+09 1.77811315e-14
2.19452909e+09 1.77811308e-14
2.08602409e+09 1.77811265e-14
1.98288395e+09 1.77811286e-14
1.88484341e+09 1.77811306e-14
1.79165033e+09 1.77811277e-14
1.70306503e+09 1.77811258e-14
1.61885969e+09 1.77811244e-14
1.53881775e+09 1.77811317e-14
1.46273336e+09 1.77811300e-14
1.39041083e+09 1.77811264e-14
1.32166418e+09 1.77811245e-14
1.25631660e+09 1.77811316e-14
1.19420003e+09 1.77811263e-14
1.13515471e+09 1.77811270e-14
1.07902879e+09 1.77811264e-14
1.02567793e+09 1.77811288e-14
9.74964918e+08 1.77811298e-14
9.26759330e+08 1.77811309e-14
8.80937190e+08 1.77811269e-14
8.37380654e+08 1.77811297e-14
7.95977700e+08 1.77811298e-14
7.56621850e+08 1.77811295e-14
7.19211887e+08 1.77811308e-14
6.83651600e+08 1.77811294e-14
6.49849535e+08 1.77811293e-14
6.17718760e+08 1.77811314e-14
5.87176639e+08 1.77811318e-14
5.58144625e+08 1.77811282e-14
5.30548053e+08 1.77811298e-14
5.04315949e+08 1.77811311e-14
4.79380850e+08 1.77811303e-14
4.55678627e+08 1.77811300e-14
4.33148322e+08 1.77811315e-14
4.11731993e+08 1.77811317e-14
3.91374560e+08 1.77811305e-14
3.72023668e+08 1.77811321e-14
3.53629550e+08 1.77811315e-14
3.36144900e+08 1.77811313e-14
3.19524751e+08 1.77811329e-14
3.03726358e+08 1.77811319e-14
2.88709092e+08 1.77811326e-14
2.74434330e+08 1.77811329e-14
2.60865362e+08 1.77811334e-14
2.47967289e+08 1.77811337e-14
2.35706941e+08 1.77811341e-14
2.24052787e+08 1.77811348e-14
2.12974854e+08 1.77811345e-14
2.02444651e+08 1.77811347e-14
1.92435098e+08 1.77811354e-14
1.82920450e+08 1.77811352e-14
1.73876240e+08 1.77811361e-14
1.65279206e+08 1.77811361e-14
1.57107239e+08 1.77811375e-14
1.49339322e+08 1.77811378e-14
1.41955477e+08 1.77811383e-14
1.34936714e+08 1.77811392e-14
1.28264983e+08 1.77811392e-14
1.21923125e+08 1.77811399e-14
1.15894830e+08 1.77811407e-14
1.10164595e+08 1.77811412e-14
1.04717682e+08 1.77811421e-14
9.95400829e+07 1.77811427e-14
9.46184819e+07 1.77811439e-14
8.99402217e+07 1.77811445e-14
8.54932707e+07 1.77811453e-14
8.12661920e+07 1.77811464e-14
7.72481145e+07 1.77811472e-14
7.34287045e+07 1.77811482e-14
6.97981391e+07 1.77811495e-14
6.63470812e+07 1.77811506e-14
6.30666554e+07 1.77811519e-14
5.99484250e+07 1.77811532e-14
5.69843706e+07 1.77811545e-14
5.41668691e+07 1.77811559e-14
5.14886745e+07 1.77811574e-14
4.89428990e+07 1.77811591e-14
4.65229952e+07 1.77811608e-14
4.42227398e+07 1.77811623e-14
4.20362168e+07 1.77811643e-14
3.99578030e+07 1.77811663e-14
3.79821531e+07 1.77811683e-14
3.61041860e+07 1.77811704e-14
3.43190720e+07 1.77811726e-14
3.26222201e+07 1.77811750e-14
3.10092664e+07 1.77811775e-14
2.94760626e+07 1.77811802e-14
2.80186656e+07 1.77811829e-14
2.66333273e+07 1.77811858e-14
2.53164848e+07 1.77811888e-14
2.40647515e+07 1.77811921e-14
2.28749082e+07 1.77811955e-14
2.17438948e+07 1.77811990e-14
2.06688025e+07 1.77812028e-14
1.96468665e+07 1.77812068e-14
1.86754584e+07 1.77812109e-14
1.77520801e+07 1.77812153e-14
1.68743568e+07 1.77812199e-14
1.60400311e+07 1.77812247e-14
1.52469573e+07 1.77812297e-14
1.44930957e+07 1.77812351e-14
1.37765077e+07 1.77812407e-14
1.30953502e+07 1.77812466e-14
1.24478715e+07 1.77812529e-14
1.18324063e+07 1.77812594e-14
1.12473718e+07 1.77812663e-14
1.06912634e+07 1.77812735e-14
1.01626509e+07 1.77812812e-14
9.66017480e+06 1.77812892e-14
9.18254284e+06 1.77812976e-14
8.72852662e+06 1.77813065e-14
8.29695852e+06 1.77813158e-14
7.88672862e+06 1.77813256e-14
7.49678187e+06 1.77813360e-14
7.12611543e+06 1.77813468e-14
6.77377600e+06 1.77813583e-14
6.43885743e+06 1.77813703e-14
6.12049837e+06 1.77813830e-14
5.81788007e+06 1.77813963e-14
5.53022426e+06 1.77814103e-14
5.25679112e+06 1.77814250e-14
4.99687745e+06 1.77814405e-14
4.74981480e+06 1.77814568e-14
4.51496777e+06 1.77814740e-14
4.29173238e+06 1.77814920e-14
4.07953450e+06 1.77815110e-14
3.87782841e+06 1.77815310e-14
3.68609536e+06 1.77815520e-14
3.50384225e+06 1.77815741e-14
3.33060034e+06 1.77815973e-14
3.16592411e+06 1.77816218e-14
3.00939003e+06 1.77816475e-14
2.86059554e+06 1.77816746e-14
2.71915794e+06 1.77817031e-14
2.58471351e+06 1.77817331e-14
2.45691646e+06 1.77817646e-14
2.33543814e+06 1.77817978e-14
2.21996612e+06 1.77818327e-14
2.11020343e+06 1.77818694e-14
2.00586778e+06 1.77819080e-14
1.90669084e+06 1.77819486e-14
1.81241755e+06 1.77819914e-14
1.72280545e+06 1.77820363e-14
1.63762407e+06 1.77820836e-14
1.55665436e+06 1.77821334e-14
1.47968806e+06 1.77821857e-14
1.40652724e+06 1.77822408e-14
1.33698374e+06 1.77822987e-14
1.27087871e+06 1.77823597e-14
1.20804213e+06 1.77824238e-14
1.14831241e+06 1.77824913e-14
1.09153594e+06 1.77825622e-14
1.03756668e+06 1.77826369e-14
9.86265846e+05 1.77827154e-14
9.37501502e+05 1.77827980e-14
8.91148232e+05 1.77828850e-14
8.47086827e+05 1.77829764e-14
8.05203967e+05 1.77830726e-14
7.65391939e+05 1.77831738e-14
7.27548353e+05 1.77832803e-14
6.91575883e+05 1.77833923e-14
6.57382014e+05 1.77835101e-14
6.24878807e+05 1.77836341e-14
5.93982669e+05 1.77837645e-14
5.64614142e+05 1.77839017e-14
5.36697695e+05 1.77840461e-14
5.10161531e+05 1.77841979e-14
4.84937407e+05 1.77843577e-14
4.60960449e+05 1.77845257e-14
4.38168993e+05 1.77847025e-14
4.16504425e+05 1.77848885e-14
3.95911027e+05 1.77850842e-14
3.76335836e+05 1.77852900e-14
3.57728510e+05 1.77855066e-14
3.40041193e+05 1.77857344e-14
3.23228398e+05 1.77859741e-14
3.07246884e+05 1.77862263e-14
2.92055551e+05 1.77864916e-14
2.77615329e+05 1.77867706e-14
2.63889081e+05 1.77870642e-14
2.50841506e+05 1.77873731e-14
2.38439047e+05 1.77876980e-14
2.26649808e+05 1.77880399e-14
2.15443469e+05 1.77883995e-14
2.04791210e+05 1.77887779e-14
1.94665634e+05 1.77891759e-14
1.85040702e+05 1.77895947e-14
1.75891659e+05 1.77900352e-14
1.67194976e+05 1.77904987e-14
1.58928287e+05 1.77909863e-14
1.51070330e+05 1.77914992e-14
1.43600898e+05 1.77920389e-14
1.36500781e+05 1.77926066e-14
1.29751717e+05 1.77932039e-14
1.23336350e+05 1.77938323e-14
1.17238180e+05 1.77944934e-14
1.11441525e+05 1.77951889e-14
1.05931476e+05 1.77959205e-14
1.00693863e+05 1.77966903e-14
9.57152154e+04 1.77975002e-14
9.09827289e+04 1.77983522e-14
8.64842328e+04 1.77992485e-14
8.22081576e+04 1.78001916e-14
7.81435061e+04 1.78011837e-14
7.42798248e+04 1.78022275e-14
7.06071771e+04 1.78033256e-14
6.71161177e+04 1.78044809e-14
6.37976681e+04 1.78056964e-14
6.06432940e+04 1.78069751e-14
5.76448828e+04 1.78083205e-14
5.47947234e+04 1.78097359e-14
5.20854855e+04 1.78112251e-14
4.95102016e+04 1.78127918e-14
4.70622485e+04 1.78144402e-14
4.47353305e+04 1.78161744e-14
4.25234633e+04 1.78179990e-14
4.04209584e+04 1.78199187e-14
3.84224085e+04 1.78219384e-14
3.65226736e+04 1.78240634e-14
3.47168682e+04 1.78262991e-14
3.30003479e+04 1.78286514e-14
3.13686982e+04 1.78311264e-14
2.98177229e+04 1.78337304e-14
2.83434331e+04 1.78364701e-14
2.69420371e+04 1.78393528e-14
2.56099310e+04 1.78423858e-14
2.43436887e+04 1.78455771e-14
2.31400538e+04 1.78489349e-14
2.19959307e+04 1.78524679e-14
2.09083769e+04 1.78561854e-14
1.98745955e+04 1.78600968e-14
1.88919278e+04 1.78642126e-14
1.79578465e+04 1.78685433e-14
1.70699493e+04 1.78731002e-14
1.62259529e+04 1.78778952e-14
1.54236865e+04 1.78829407e-14
1.46610868e+04 1.78882501e-14
1.39361927e+04 1.78938370e-14
1.32471399e+04 1.78997161e-14
1.25921561e+04 1.79059028e-14
1.19695570e+04 1.79124132e-14
1.13777413e+04 1.79192644e-14
1.08151870e+04 1.79264744e-14
1.02804473e+04 1.79340620e-14
9.77214697e+03 1.79420473e-14
9.28897872e+03 1.79504511e-14
8.82969996e+03 1.79592956e-14
8.39312950e+03 1.79686041e-14
7.97814457e+03 1.79784012e-14
7.58367791e+03 1.79887128e-14
7.20871503e+03 1.79995660e-14
6.85229160e+03 1.80109898e-14
6.51349095e+03 1.80230143e-14
6.19144176e+03 1.80356716e-14
5.88531578e+03 1.80489953e-14
5.59432571e+03 1.80630209e-14
5.31772318e+03 1.80777859e-14
5.05479682e+03 1.80933299e-14
4.80487044e+03 1.81096944e-14
4.56730127e+03 1.81269236e-14
4.34147833e+03 1.81450637e-14
4.12682085e+03 1.81641637e-14
3.92277676e+03 1.81842754e-14
3.72882131e+03 1.82054532e-14
3.54445567e+03 1.82277548e-14
3.36920571e+03 1.82512410e-14
3.20262069e+03 1.82759761e-14
3.04427221e+03 1.83020278e-14
2.89375302e+03 1.83294679e-14
2.75067601e+03 1.83583721e-14
2.61467321e+03 1.83888206e-14
2.48539486e+03 1.84208981e-14
2.36250847e+03 1.84546940e-14
2.24569800e+03 1.84903031e-14
2.13466303e+03 1.85278256e-14
2.02911802e+03 1.85673676e-14
1.92879151e+03 1.86090414e-14
1.83342548e+03 1.86529657e-14
1.74277468e+03 1.86992666e-14
1.65660596e+03 1.87480775e-14
1.57469771e+03 1.87995397e-14
1.49683929e+03 1.88538032e-14
1.42283046e+03 1.89110269e-14
1.35248087e+03 1.89713796e-14
1.28560961e+03 1.90350403e-14
1.22204469e+03 1.91021989e-14
1.16162263e+03 1.91730575e-14
1.10418805e+03 1.92478304e-14
1.04959323e+03 1.93267457e-14
9.97697764e+02 1.94100460e-14
9.48368187e+02 1.94979891e-14
9.01477631e+02 1.95908496e-14
8.56905505e+02 1.96889199e-14
8.14537177e+02 1.97925115e-14
7.74263683e+02 1.99019565e-14
7.35981448e+02 2.00176089e-14
6.99592017e+02 2.01398466e-14
6.65001803e+02 2.02690728e-14
6.32121848e+02 2.04057182e-14
6.00867589e+02 2.05502433e-14
5.71158648e+02 2.07031403e-14
5.42918618e+02 2.08649358e-14
5.16074871e+02 2.10361936e-14
4.90558371e+02 2.12175174e-14
4.66303493e+02 2.14095545e-14
4.43247859e+02 2.16129989e-14
4.21332174e+02 2.18285951e-14
4.00500076e+02 2.20571429e-14
3.80697987e+02 2.22995012e-14
3.61874981e+02 2.25565935e-14
3.43982649e+02 2.28294132e-14
3.26974974e+02 2.31209726e-14
3.10808217e+02 2.34285362e-14
2.95440800e+02 2.37552894e-14
2.80833200e+02 2.41025709e-14
2.66947849e+02 2.44718253e-14
2.53749038e+02 2.48646127e-14
2.41202821e+02 2.52826186e-14
2.29276931e+02 2.57276656e-14
2.17940698e+02 2.62017256e-14
2.07164968e+02 2.67069333e-14
1.96922026e+02 2.72456013e-14
1.87185529e+02 2.78202364e-14
1.77930439e+02 2.84335574e-14
1.69132952e+02 2.90885153e-14
1.60770442e+02 2.97883146e-14
1.52821404e+02 3.05364377e-14
1.45265393e+02 3.13366705e-14
1.38082977e+02 3.21985604e-14
1.31255684e+02 3.31157253e-14
1.24765955e+02 3.40984857e-14
1.18597101e+02 3.51521635e-14
1.12733256e+02 3.62825615e-14
1.07159340e+02 3.74960106e-14
1.01861017e+02 3.87994212e-14
9.68246612e+01 4.02003404e-14
9.20373200e+01 4.17222126e-14
8.74866812e+01 4.33436134e-14
8.31610415e+01 4.50896444e-14
7.90492762e+01 4.69710971e-14
7.51408106e+01 4.89997868e-14
7.14255929e+01 5.11886553e-14
6.78940681e+01 5.35941769e-14
6.45371540e+01 5.61470451e-14
6.13462172e+01 5.89068596e-14
5.83130511e+01 6.18923358e-14
5.54298552e+01 6.51240200e-14
5.26892142e+01 6.86244786e-14
5.00840799e+01 7.24185076e-14
4.76077523e+01 7.65333637e-14
4.52538628e+01 8.09990219e-14
4.30163576e+01 8.58484598e-14
4.08894823e+01 9.11179737e-14
3.88677669e+01 9.68097908e-14
3.69460121e+01 1.03044051e-13
3.51192753e+01 1.09830944e-13
3.33828586e+01 1.17223961e-13
3.17322963e+01 1.25282099e-13
3.01633435e+01 1.34070456e-13
2.86719650e+01 1.43395522e-13
2.72543253e+01 1.53818922e-13
2.59067786e+01 1.65202200e-13
2.46258592e+01 1.77640460e-13
2.34082728e+01 1.91238701e-13
2.22508880e+01 2.06112884e-13
2.11507282e+01 2.22391122e-13
2.01049642e+01 2.40214995e-13
1.91109062e+01 2.59741015e-13
1.81659979e+01 2.81142262e-13
1.72678090e+01 3.04610192e-13
1.64140297e+01 3.30356654e-13
1.56024641e+01 3.58616138e-13
1.48310251e+01 3.89648094e-13
1.40977287e+01 4.23727223e-13
1.34006890e+01 4.61176833e-13
1.27381132e+01 5.02356290e-13
1.21082975e+01 5.47671198e-13
1.15096220e+01 5.97530092e-13
1.09405471e+01 6.52429098e-13
1.03996091e+01 7.12899339e-13
9.88541702e+00 7.79527620e-13
9.39664831e+00 8.52972425e-13
8.93204600e+00 9.33960425e-13
8.49041520e+00 1.02330045e-12
8.07062014e+00 1.12188924e-12
7.67158118e+00 1.23072253e-12
7.29227206e+00 1.35090613e-12
6.93171728e+00 1.48366737e-12
6.58898955e+00 1.63036912e-12
6.26320745e+00 1.79252439e-12
5.95353313e+00 1.97181298e-12
5.65917016e+00 2.17009963e-12
5.37936150e+00 2.38945430e-12
5.11338754e+00 2.63067737e-12
4.86056423e+00 2.89879318e-12
4.62024137e+00 3.19556498e-12
4.39180089e+00 3.52412044e-12
4.17465529e+00 3.88792903e-12
3.96824610e+00 4.29083869e-12
3.77204249e+00 4.73711628e-12
3.58553986e+00 5.23149216e-12
3.40825855e+00 5.78795231e-12
3.23974263e+00 6.39637011e-12
3.07955871e+00 7.07056197e-12
2.92729484e+00 7.81767030e-12
2.78255940e+00 8.64560258e-12
2.64498018e+00 9.56311147e-12
2.51420335e+00 1.05798832e-11
2.38989257e+00 1.17066349e-11
2.27172813e+00 1.29553181e-11
2.15940615e+00 1.43388886e-11
2.05263775e+00 1.58719151e-11
1.95114835e+00 1.75704344e-11
1.85467692e+00 1.94521782e-11
1.76297538e+00 2.15367504e-11
1.67580786e+00 2.38458234e-11
1.59295021e+00 2.64033541e-11
1.51418933e+00 2.92358241e-11
1.43932264e+00 3.23725043e-11
1.36815763e+00 3.58457483e-11
1.30051125e+00 3.96913154e-11
1.23620954e+00 4.39487284e-11
1.17508713e+00 4.86616682e-11
1.11698682e+00 5.38778045e-11
1.06175918e+00 5.96516987e-11
1.00926219e+00 6.60417143e-11
9.59360829e-01 7.31129988e-11
9.11926760e-01 8.09375341e-11
8.66837993e-01 8.95948453e-11
8.23978568e-01 9.91727808e-11
7.83238260e-01 1.09768370e-10
7.44512291e-01 1.21488766e-10
7.07701066e-01 1.34452277e-10
6.72709914e-01 1.48789502e-10
6.39448843e-01 1.64644569e-10
6.07832313e-01 1.82176495e-10
5.77779012e-01 2.01560664e-10
5.49211648e-01 2.22990447e-10
5.22056753e-01 2.46678957e-10
4.96244488e-01 2.72860966e-10
4.71708469e-01 3.01794973e-10
4.48385595e-01 3.33765449e-10
4.26215883e-01 3.69085257e-10
4.05142317e-01 4.08098253e-10
3.85110700e-01 4.51182073e-10
3.66069515e-01 4.98751115e-10
3.47969790e-01 5.51259701e-10
3.30764978e-01 6.09205424e-10
3.14410830e-01 6.73132665e-10
2.98865287e-01 7.43636259e-10
2.84088369e-01 8.21365295e-10
2.70042072e-01 9.07026996e-10
2.56690272e-01 1.00139066e-09
2.43998630e-01 1.10529155e-09
2.31934506e-01 1.21963475e-09
2.20466874e-01 1.34539874e-09
2.09566240e-01 1.48363868e-09
1.99204571e-01 1.63548918e-09
1.89355218e-01 1.80216632e-09
1.79992851e-01 1.98496850e-09
1.71093391e-01 2.18527577e-09
1.62633950e-01 2.40454691e-09
1.54592774e-01 2.64431316e-09
1.46949180e-01 2.90616751e-09
1.39683512e-01 3.19174764e-09
1.32777083e-01 3.50271030e-09
1.26212131e-01 3.84069451e-09
1.19971774e-01 4.20727057e-09
1.14039960e-01 4.60387182e-09
1.08401436e-01 5.03170642e-09
1.03041699e-01 5.49164747e-09
9.79469667e-02 5.98410170e-09
9.31041349e-02 6.50885919e-09
8.85007491e-02 7.06493073e-09
8.41249705e-02 7.65038310e-09
7.99655453e-02 8.26218705e-09
7.60117762e-02 8.89609649e-09
7.22534949e-02 9.54657923e-09
6.86810359e-02 1.02068193e-08
6.52852114e-02 1.08688064e-08
6.20572881e-02 1.15235206e-08
5.89889643e-02 1.21612090e-08
5.60723488e-02 1.27717404e-08
5.32999408e-02 1.33450096e-08
5.06646101e-02 1.38713592e-08
4.81595791e-02 1.43419788e-08
4.57784054e-02 1.47492510e-08
4.35149650e-02 1.50870160e-08
4.13634368e-02 1.53507406e-08
3.93182876e-02 1.55376014e-08
3.73742574e-02 1.56464621e-08
3.55263468e-02 1.56777990e-08
3.37698031e-02 1.56335650e-08
3.21001090e-02 1.55170193e-08
3.05129702e-02 1.53325381e-08
2.90043049e-02 1.50854140e-08
2.75702333e-02 1.47816538e-08
2.62070670e-02 1.44277781e-08
2.49113003e-02 1.40306260e-08
2.36796007e-02 1.35971695e-08
2.25088005e-02 1.31343398e-08
2.13958887e-02 1.26488710e-08
2.03380031e-02 1.21471635e-08
1.93324229e-02 1.16351719e-08
1.83765620e-02 1.11184549e-08
1.74679622e-02 1.06059263e-08
1.66042866e-02 1.00968089e-08
1.57833141e-02 9.58402536e-09
1.50029332e-02 9.08985369e-09
1.42611371e-02 8.60880573e-09
1.35560179e-02 8.14263478e-09
1.28857621e-02 7.69299180e-09
1.22486461e-02 7.26067772e-09
1.16430313e-02 6.84627984e-09
1.10673602e-02 6.45007904e-09
1.05201522e-02 5.88643020e-09
1.00000000e-02 5.56083571e-09
