1.00000000e+20 0.00000000e+00
9.50556592e+19 0.00000000e+00
9.03557835e+19 0.00000000e+00
8.58882856e+19 0.00000000e+00
8.16416760e+19 0.00000000e+00
7.76050334e+19 0.00000000e+00
7.37679760e+19 0.00000000e+00
7.01206359e+19 0.00000000e+00
6.66536327e+19 0.00000000e+00
6.33580499e+19 0.00000000e+00
6.02254120e+19 0.00000000e+00
5.72476624e+19 0.00000000e+00
5.44171429e+19 0.00000000e+00
5.17265739e+19 0.00000000e+00
4.91690358e+19 0.00000000e+00
4.67379511e+19 0.00000000e+00
4.44270675e+19 0.00000000e+00
4.22304419e+19 0.00000000e+00
4.01424249e+19 0.00000000e+00
3.81576466e+19 0.00000000e+00
3.62710025e+19 0.00000000e+00
3.44776405e+19 0.00000000e+00
3.27729485e+19 0.00000000e+00
3.11525422e+19 0.00000000e+00
2.96122544e+19 0.00000000e+00
2.81481236e+19 0.00000000e+00
2.67563844e+19 0.00000000e+00
2.54334576e+19 0.00000000e+00
2.41759408e+19 0.00000000e+00
2.29805999e+19 0.00000000e+00
2.18443607e+19 0.00000000e+00
2.07643011e+19 0.00000000e+00
1.97376433e+19 0.00000000e+00
1.87617469e+19 0.00000000e+00
1.78341022e+19 0.00000000e+00
1.69523234e+19 0.00000000e+00
1.61141428e+19 0.00000000e+00
1.53174046e+19 0.00000000e+00
1.45600600e+19 0.00000000e+00
1.38401610e+19 0.00000000e+00
1.31558562e+19 0.00000000e+00
1.25053859e+19 0.00000000e+00
1.18870770e+19 0.00000000e+00
1.12993394e+19 0.00000000e+00
1.07406615e+19 0.00000000e+00
1.02096066e+19 0.00000000e+00
9.70480888e+18 0.00000000e+00
9.22497005e+18 0.00000000e+00
8.76885609e+18 0.00000000e+00
8.33529397e+18 0.00000000e+00
7.92316862e+18 0.00000000e+00
7.53142017e+18 0.00000000e+00
7.15904109e+18 0.00000000e+00
6.80507370e+18 0.00000000e+00
6.46860766e+18 0.00000000e+00
6.14877765e+18 0.00000000e+00
5.84476113e+18 0.00000000e+00
5.55577622e+18 0.00000000e+00
5.28107971e+18 0.00000000e+00
5.01996513e+18 0.00000000e+00
4.77176095e+18 0.00000000e+00
4.53582883e+18 0.00000000e+00
4.31156199e+18 0.00000000e+00
4.09838367e+18 0.00000000e+00
3.89574562e+18 0.00000000e+00
3.70312668e+18 0.00000000e+00
3.52003147e+18 0.00000000e+00
3.34598912e+18 0.00000000e+00
3.18055202e+18 0.00000000e+00
3.02329468e+18 0.00000000e+00
2.87381269e+18 0.00000000e+00
2.73172160e+18 0.00000000e+00
2.59665597e+18 0.00000000e+00
2.46826845e+18 0.00000000e+00
2.34622885e+18 0.00000000e+00
2.23022330e+18 0.00000000e+00
2.11995346e+18 0.00000000e+00
2.01513573e+18 0.00000000e+00
1.91550056e+18 0.00000000e+00
1.82079168e+18 0.00000000e+00
1.73076553e+18 0.00000000e+00
1.64519059e+18 0.00000000e+00
1.56384676e+18 0.00000000e+00
1.48652484e+18 0.00000000e+00
1.41302599e+18 0.00000000e+00
1.34316117e+18 0.00000000e+00
1.27675070e+18 0.00000000e+00
1.21362380e+18 0.00000000e+00
1.15361810e+18 0.00000000e+00
1.09657929e+18 0.00000000e+00
1.04236067e+18 0.00000000e+00
9.90822810e+17 0.00000000e+00
9.41833153e+17 0.00000000e+00
8.95265713e+17 0.00000000e+00
8.51000725e+17 0.00000000e+00
8.08924349e+17 0.00000000e+00
7.68928372e+17 0.00000000e+00
7.30909933e+17 0.00000000e+00
6.94771255e+17 0.00000000e+00
6.60419396e+17 0.00000000e+00
6.27766011e+17 1.22775663e-58
5.96727120e+17 5.22219625e-57
5.67222897e+17 1.87257856e-55
5.39177464e+17 5.35548211e-54
5.12518693e+17 1.67435492e-52
4.87178022e+17 3.35515572e-51
4.63090280e+17 6.67890704e-50
4.40193519e+17 1.00594031e-48
4.18428851e+17 1.54227307e-47
3.97740302e+17 1.83183549e-46
3.78074666e+17 2.17576338e-45
3.59381366e+17 2.00204108e-44
3.41612327e+17 1.87523872e-43
3.24721849e+17 1.19401722e-42
3.08666494e+17 9.35620002e-42
2.93404971e+17 5.48555342e-41
2.78898029e+17 3.06352291e-40
2.65108360e+17 1.75094650e-39
2.52000499e+17 9.74435219e-39
2.39540736e+17 4.21366988e-38
2.27697026e+17 1.77002023e-37
2.16438909e+17 6.18751563e-37
2.05737431e+17 2.44514387e-36
1.95565072e+17 7.16523587e-36
1.85895668e+17 2.37359488e-35
1.76704353e+17 8.29745058e-35
1.67967487e+17 2.22401320e-34
1.59662602e+17 6.13770509e-34
1.51768339e+17 1.57119734e-33
1.44264395e+17 3.70199608e-33
1.37131472e+17 8.55500781e-33
1.30351224e+17 1.77391950e-32
1.23906216e+17 4.17964240e-32
1.17779870e+17 9.65880909e-32
1.11956432e+17 1.54140961e-31
1.06420924e+17 3.20071405e-31
1.01159111e+17 6.50667675e-31
9.61574600e+16 1.06320190e-30
9.14031075e+16 2.20459714e-30
8.68838264e+16 3.52321412e-30
8.25879939e+16 5.77624314e-30
7.85045620e+16 9.47974565e-30
7.46230289e+16 1.44690002e-29
7.09334120e+16 2.36597634e-29
6.74262224e+16 2.97915136e-29
6.40924402e+16 4.55609464e-29
6.09234915e+16 6.92825368e-29
5.79112265e+16 9.91899344e-29
5.50478981e+16 1.19390082e-28
5.23261424e+16 1.90530243e-28
4.97389596e+16 2.41364410e-28
4.72796959e+16 3.03919312e-28
4.49420266e+16 3.76081318e-28
4.27199397e+16 5.40602399e-28
4.06077203e+16 6.69765040e-28
3.85999362e+16 8.28052748e-28
3.66914238e+16 9.62074099e-28
3.48772747e+16 1.15831065e-27
3.31528234e+16 1.43188800e-27
3.15136348e+16 1.80262172e-27
2.99554933e+16 2.28451085e-27
2.84743917e+16 2.22921052e-27
2.70665207e+16 2.80829885e-27
2.57282597e+16 3.47612885e-27
2.44561668e+16 4.19169099e-27
2.32469706e+16 4.09654151e-27
2.20975611e+16 4.77513323e-27
2.10049824e+16 5.32289422e-27
1.99664245e+16 5.96339301e-27
1.89792164e+16 6.31023799e-27
1.80408193e+16 7.05233090e-27
1.71488197e+16 8.20855980e-27
1.63009236e+16 8.06278803e-27
1.54949504e+16 9.80362687e-27
1.47288272e+16 9.65410693e-27
1.40005838e+16 1.19844948e-26
1.33083472e+16 1.18465461e-26
1.26503372e+16 1.18332226e-26
1.20248614e+16 1.48442623e-26
1.14303113e+16 1.48173629e-26
1.08651577e+16 1.49294581e-26
1.03279473e+16 1.46032048e-26
9.81729841e+15 1.85035368e-26
9.33189772e+15 1.88606259e-26
8.87049689e+15 1.84957974e-26
8.43190929e+15 1.88870560e-26
8.01500696e+15 2.36687389e-26
7.61871770e+15 2.40091636e-26
7.24202233e+15 2.38657377e-26
6.88395207e+15 2.47441278e-26
6.54358602e+15 2.50219975e-26
6.22004883e+15 2.57866550e-26
5.91250841e+15 3.01040013e-26
5.62017385e+15 3.15148173e-26
5.34229330e+15 3.28195276e-26
5.07815211e+15 3.29944819e-26
4.82707097e+15 3.32754196e-26
4.58840413e+15 3.61862791e-26
4.36153779e+15 3.56373826e-26
4.14588850e+15 4.03996779e-26
3.94090164e+15 4.40263289e-26
3.74605003e+15 4.48571384e-26
3.56083255e+15 5.95276244e-26
3.38477286e+15 5.81421299e-26
3.21741815e+15 4.05784397e-26
3.05833803e+15 5.15583608e-26
2.90712338e+15 5.21172577e-26
2.76338529e+15 5.46472934e-26
2.62675410e+15 6.25931971e-26
2.49687843e+15 5.94283846e-26
2.37342425e+15 5.80006525e-26
2.25607407e+15 6.83924426e-26
2.14452608e+15 6.96640682e-26
2.03849340e+15 7.12181191e-26
1.93770334e+15 7.75641902e-26
1.84189668e+15 7.57317401e-26
1.75082703e+15 8.69384827e-26
1.66426018e+15 8.77730864e-26
1.58197348e+15 9.63406154e-26
1.50375532e+15 1.01467046e-25
1.42940453e+15 1.06089918e-25
1.35872990e+15 1.15688065e-25
1.29154967e+15 1.16788456e-25
1.22769105e+15 1.19475439e-25
1.16698982e+15 1.27523880e-25
1.10928986e+15 1.34453730e-25
1.05444279e+15 1.32858557e-25
1.00230755e+15 1.41943291e-25
9.52750047e+14 1.47393243e-25
9.05642838e+14 1.60001215e-25
8.60864770e+14 1.74540410e-25
8.18300682e+14 1.72682084e-25
7.77841107e+14 1.91606038e-25
7.39381992e+14 1.96073073e-25
7.02824426e+14 2.09647475e-25
6.68074392e+14 2.06170812e-25
6.35042517e+14 2.25845562e-25
6.03643851e+14 2.42109553e-25
5.73797641e+14 2.46697762e-25
5.45427131e+14 2.58909099e-25
5.18459354e+14 2.79186740e-25
4.92824957e+14 2.82686709e-25
4.68458012e+14 3.01603762e-25
4.45295851e+14 3.22883746e-25
4.23278907e+14 3.42718521e-25
4.02350555e+14 3.46738123e-25
3.82456972e+14 3.82611921e-25
3.63546996e+14 3.82385590e-25
3.45571994e+14 4.16500534e-25
3.28485737e+14 4.35378646e-25
3.12244282e+14 4.49380421e-25
2.96805861e+14 4.73626456e-25
2.82130768e+14 5.08174211e-25
2.68181261e+14 5.31180835e-25
2.54921465e+14 5.55882260e-25
2.42317279e+14 5.82530089e-25
2.30336287e+14 6.24308499e-25
2.18947676e+14 6.46155982e-25
2.08122157e+14 6.82250932e-25
1.97831888e+14 7.20967777e-25
1.88050406e+14 7.51930401e-25
1.78752553e+14 7.96124164e-25
1.69914417e+14 8.35227949e-25
1.61513269e+14 8.78377842e-25
1.53527503e+14 9.28781555e-25
1.45936580e+14 9.65441376e-25
1.38720978e+14 1.01818591e-24
1.31862140e+14 1.05898730e-24
1.25342427e+14 1.13622700e-24
1.19145070e+14 1.18585247e-24
1.13254132e+14 1.25395140e-24
1.07654461e+14 1.30151796e-24
1.02331658e+14 1.37091154e-24
9.72720319e+13 1.46068390e-24
9.24625712e+13 1.53249992e-24
8.78909065e+13 1.60683501e-24
8.35452806e+13 1.71086036e-24
7.94145172e+13 1.77550561e-24
7.54879928e+13 1.88109237e-24
7.17556092e+13 1.97708029e-24
6.82077673e+13 2.06956786e-24
6.48353429e+13 2.18801625e-24
6.16296626e+13 2.28263754e-24
5.85824820e+13 2.41862319e-24
5.56859644e+13 2.52561850e-24
5.29326606e+13 2.66714778e-24
5.03154895e+13 2.80360173e-24
4.78277202e+13 2.96237922e-24
4.54629547e+13 3.10725162e-24
4.32151113e+13 3.27093426e-24
4.10784089e+13 3.44728348e-24
3.90473524e+13 3.62759808e-24
3.71167182e+13 3.81647442e-24
3.52815412e+13 4.00498869e-24
3.35371015e+13 4.20169015e-24
3.18789129e+13 4.43644069e-24
3.03027108e+13 4.67153779e-24
2.88044415e+13 4.90398840e-24
2.73802518e+13 5.15521493e-24
2.60264788e+13 5.42780396e-24
2.47396410e+13 5.70504225e-24
2.35164288e+13 6.00678189e-24
2.23536965e+13 6.30672450e-24
2.12484535e+13 6.65809574e-24
2.01978576e+13 6.98766035e-24
1.91992067e+13 7.35834043e-24
1.82499324e+13 7.74091898e-24
1.73475936e+13 8.14436652e-24
1.64898694e+13 8.56110308e-24
1.56745541e+13 9.00621165e-24
1.48995507e+13 9.48507372e-24
1.41628662e+13 9.96772653e-24
1.34626058e+13 1.04971490e-23
1.27969687e+13 1.10373334e-23
1.21642429e+13 1.16022698e-23
1.15628013e+13 1.22076375e-23
1.09910970e+13 1.28475043e-23
1.04476597e+13 1.35139612e-23
9.93109181e+12 1.42183138e-23
9.44006479e+12 1.49565072e-23
8.97331581e+12 1.57431406e-23
8.52964450e+12 1.65521398e-23
8.10790981e+12 1.74168999e-23
7.70702711e+12 1.83163060e-23
7.32596543e+12 1.92645358e-23
6.96374473e+12 2.02709198e-23
6.61943346e+12 2.13277238e-23
6.29214611e+12 2.24362676e-23
5.98104096e+12 2.35980207e-23
5.68531791e+12 2.48211390e-23
5.40421642e+12 2.61097876e-23
5.13701354e+12 2.74786824e-23
4.88302209e+12 2.89099548e-23
4.64158883e+12 3.04050579e-23
4.41209286e+12 3.20062284e-23
4.19394396e+12 3.36685048e-23
3.98658107e+12 3.54169999e-23
3.78947092e+12 3.72519965e-23
3.60210656e+12 3.91890507e-23
3.42400614e+12 4.12354852e-23
3.25471161e+12 4.33868709e-23
3.09378757e+12 4.56378527e-23
2.94082017e+12 4.79889037e-23
2.79541600e+12 5.05015669e-23
2.65720111e+12 5.31283704e-23
2.52582003e+12 5.58905898e-23
2.40093488e+12 5.87939113e-23
2.28222447e+12 6.18573056e-23
2.16938352e+12 6.50639842e-23
2.06212180e+12 6.84421468e-23
1.96016347e+12 7.20129571e-23
1.86324631e+12 7.57512607e-23
1.77112106e+12 7.96856747e-23
1.68355080e+12 8.38321260e-23
1.60031031e+12 8.82052598e-23
1.52118552e+12 9.28032163e-23
1.44597292e+12 9.76074151e-23
1.37447909e+12 1.02691343e-22
1.30652016e+12 1.08024535e-22
1.24192135e+12 1.13656453e-22
1.18051653e+12 1.19554726e-22
1.12214777e+12 1.25788783e-22
1.06666496e+12 1.32332073e-22
1.01392541e+12 1.39212822e-22
9.63793480e+11 1.46446837e-22
9.16140246e+11 1.54075569e-22
8.70843150e+11 1.62085826e-22
8.27785697e+11 1.70508827e-22
7.86857151e+11 1.79383795e-22
7.47952252e+11 1.88708427e-22
7.10970943e+11 1.98515079e-22
6.75818117e+11 2.08855155e-22
6.42403366e+11 2.19708473e-22
6.10640754e+11 2.31137055e-22
5.80448594e+11 2.43164420e-22
5.51749238e+11 2.55809610e-22
5.24468875e+11 2.69125213e-22
4.98537346e+11 2.83132175e-22
4.73887961e+11 2.97854931e-22
4.50457325e+11 3.13334844e-22
4.28185180e+11 3.29651845e-22
4.07014245e+11 3.46783266e-22
3.86890074e+11 3.64811486e-22
3.67760910e+11 3.83800199e-22
3.49577557e+11 4.03761653e-22
3.32293252e+11 4.24771354e-22
3.15863541e+11 4.46845483e-22
3.00246171e+11 4.70090503e-22
2.85400977e+11 4.94560688e-22
2.71289780e+11 5.20282641e-22
2.57876289e+11 5.47347803e-22
2.45126006e+11 5.75812857e-22
2.33006141e+11 6.05752955e-22
2.21485523e+11 6.37257025e-22
2.10534524e+11 6.70412016e-22
2.00124980e+11 7.05286147e-22
1.90230119e+11 7.41977522e-22
1.80824493e+11 7.80563225e-22
1.71883914e+11 8.21166004e-22
1.63385388e+11 8.63870794e-22
1.55307057e+11 9.08816485e-22
1.47628147e+11 9.56090148e-22
1.40328908e+11 1.00581223e-21
1.33390569e+11 1.05813366e-21
1.26795285e+11 1.11316783e-21
1.20526094e+11 1.17106900e-21
1.14566873e+11 1.23199558e-21
1.08902296e+11 1.29606539e-21
1.03517796e+11 1.36347503e-21
9.83995230e+10 1.43440420e-21
9.35343152e+10 1.50901837e-21
8.89096599e+10 1.58751351e-21
8.45136633e+10 1.67008153e-21
8.03350198e+10 1.75695632e-21
7.63629826e+10 1.84834779e-21
7.25873365e+10 1.94447900e-21
6.89983712e+10 2.04563641e-21
6.55868566e+10 2.15202242e-21
6.23440189e+10 2.26396335e-21
5.92615181e+10 2.38173494e-21
5.63314267e+10 2.50560797e-21
5.35462090e+10 2.63592516e-21
5.08987019e+10 2.77305464e-21
4.83820966e+10 2.91728725e-21
4.59899209e+10 3.06904247e-21
4.37160225e+10 3.22867301e-21
4.15545533e+10 3.39660602e-21
3.94999546e+10 3.57328074e-21
3.75469422e+10 3.75914146e-21
3.56904935e+10 3.95467919e-21
3.39258338e+10 4.16038837e-21
3.22484250e+10 4.37680306e-21
3.06539530e+10 4.60445727e-21
2.91383170e+10 4.84394784e-21
2.76976194e+10 5.09590738e-21
2.63281547e+10 5.36097653e-21
2.50264010e+10 5.63983790e-21
2.37890104e+10 5.93318794e-21
2.26128007e+10 6.24180851e-21
2.14947467e+10 6.56648350e-21
2.04319732e+10 6.90803380e-21
1.94217468e+10 7.26735650e-21
1.84614695e+10 7.64535404e-21
1.75486715e+10 8.04304009e-21
1.66810054e+10 8.46139008e-21
1.58562396e+10 8.90151799e-21
1.50722531e+10 9.36452584e-21
1.43270295e+10 9.85161402e-21
1.36186524e+10 1.03640571e-20
1.29452998e+10 1.09031510e-20
1.23052400e+10 1.14702713e-20
1.16968270e+10 1.20669032e-20
1.11184960e+10 1.26945661e-20
1.05687597e+10 1.33548797e-20
1.00462042e+10 1.40495240e-20
9.54948564e+09 1.47803426e-20
9.07732653e+09 1.55491419e-20
8.62851257e+09 1.63579120e-20
8.20188950e+09 1.72087822e-20
7.79636013e+09 1.81039031e-20
7.41088152e+09 1.90455519e-20
7.04446228e+09 2.00362489e-20
6.69616005e+09 2.10784150e-20
6.36507908e+09 2.21748046e-20
6.05036788e+09 2.33282783e-20
5.75121707e+09 2.45416840e-20
5.46685730e+09 2.58182336e-20
5.19655724e+09 2.71611600e-20
4.93962174e+09 2.85739327e-20
4.69539001e+09 3.00601902e-20
4.46323393e+09 3.16238263e-20
4.24255643e+09 3.32687216e-20
4.03278998e+09 3.49992166e-20
3.83339510e+09 3.68197243e-20
3.64385898e+09 3.87348964e-20
3.46369418e+09 4.07496969e-20
3.29243733e+09 4.28693042e-20
3.12964801e+09 4.50991692e-20
2.97490755e+09 4.74449790e-20
2.82781798e+09 4.99128730e-20
2.68800102e+09 5.25091007e-20
2.55509709e+09 5.52403692e-20
2.42876438e+09 5.81137034e-20
2.30867799e+09 6.11365104e-20
2.19452909e+09 6.43165425e-20
2.08602409e+09 6.76619398e-20
1.98288395e+09 7.11814090e-20
1.88484341e+09 7.48839358e-20
1.79165033e+09 7.87790315e-20
1.70306503e+09 8.28767315e-20
1.61885969e+09 8.71875818e-20
1.53881775e+09 9.17227027e-20
1.46273336e+09 9.64936488e-20
1.39041083e+09 1.01512769e-19
1.32166418e+09 1.06792983e-19
1.25631660e+09 1.12347856e-19
1.19420003e+09 1.18191649e-19
1.13515471e+09 1.24339403e-19
1.07902879e+09 1.30806956e-19
1.02567793e+09 1.37610904e-19
9.74964918e+08 1.44768762e-19
9.26759330e+08 1.52298968e-19
8.80937190e+08 1.60220800e-19
8.37380654e+08 1.68554735e-19
7.95977700e+08 1.77322139e-19
7.56621850e+08 1.86545586e-19
7.19211887e+08 1.96248820e-19
6.83651600e+08 2.06456739e-19
6.49849535e+08 2.17195609e-19
6.17718760e+08 2.28493138e-19
5.87176639e+08 2.40378241e-19
5.58144625e+08 2.52881527e-19
5.30548053e+08 2.66035216e-19
5.04315949e+08 2.79873117e-19
4.79380850e+08 2.94430781e-19
4.55678627e+08 3.09745630e-19
4.33148322e+08 3.25857152e-19
4.11731993e+08 3.42806676e-19
3.91374560e+08 3.60637805e-19
3.72023668e+08 3.79396504e-19
3.53629550e+08 3.99130862e-19
3.36144900e+08 4.19891734e-19
3.19524751e+08 4.41732516e-19
3.03726358e+08 4.64709309e-19
2.88709092e+08 4.88881291e-19
2.74434330e+08 5.14310566e-19
2.60865362e+08 5.41062535e-19
2.47967289e+08 5.69206019e-19
2.35706941e+08 5.98813420e-19
2.24052787e+08 6.29960802e-19
2.12974854e+08 6.62728347e-19
2.02444651e+08 6.97200294e-19
1.92435098e+08 7.33465323e-19
1.82920450e+08 7.71616641e-19
1.73876240e+08 8.11752497e-19
1.65279206e+08 8.53975966e-19
1.57107239e+08 8.98395736e-19
1.49339322e+08 9.45125966e-19
1.41955477e+08 9.94286893e-19
1.34936714e+08 1.04600495e-18
1.28264983e+08 1.10041312e-18
1.21923125e+08 1.15765134e-18
1.15894830e+08 1.21786684e-18
1.10164595e+08 1.28121444e-18
1.04717682e+08 1.34785710e-18
9.95400829e+07 1.41796616e-18
9.46184819e+07 1.49172201e-18
8.99402217e+07 1.56931424e-18
8.54932707e+07 1.65094246e-18
8.12661920e+07 1.73681660e-18
7.72481145e+07 1.82715746e-18
7.34287045e+07 1.92219749e-18
6.97981391e+07 2.02218101e-18
6.63470812e+07 2.12736518e-18
6.30666554e+07 2.23802054e-18
5.99484250e+07 2.35443168e-18
5.69843706e+07 2.47689795e-18
5.41668691e+07 2.60573432e-18
5.14886745e+07 2.74127216e-18
4.89428990e+07 2.88386003e-18
4.65229952e+07 3.03386466e-18
4.42227398e+07 3.19167176e-18
4.20362168e+07 3.35768728e-18
3.99578030e+07 3.53233815e-18
3.79821531e+07 3.71607347e-18
3.61041860e+07 3.90936585e-18
3.43190720e+07 4.11271234e-18
3.26222201e+07 4.32663599e-18
3.10092664e+07 4.55168690e-18
2.94760626e+07 4.78844390e-18
2.80186656e+07 5.03751582e-18
2.66333273e+07 5.29954333e-18
2.53164848e+07 5.57520021e-18
2.40647515e+07 5.86519550e-18
2.28749082e+07 6.17027493e-18
2.17438948e+07 6.49122310e-18
2.06688025e+07 6.82886549e-18
1.96468665e+07 7.18407047e-18
1.86754584e+07 7.55775145e-18
1.77520801e+07 7.95086956e-18
1.68743568e+07 8.36443580e-18
1.60400311e+07 8.79951373e-18
1.52469573e+07 9.25722236e-18
1.44930957e+07 9.73873880e-18
1.37765077e+07 1.02453015e-17
1.30953502e+07 1.07782130e-17
1.24478715e+07 1.13388442e-17
1.18324063e+07 1.19286366e-17
1.12473718e+07 1.25491073e-17
1.06912634e+07 1.32018519e-17
1.01626509e+07 1.38885491e-17
9.66017480e+06 1.46109650e-17
9.18254284e+06 1.53709576e-17
8.72852662e+06 1.61704814e-17
8.29695852e+06 1.70115925e-17
7.88672862e+06 1.78964543e-17
7.49678187e+06 1.88273423e-17
7.12611543e+06 1.98066507e-17
6.77377600e+06 2.08368980e-17
6.43885743e+06 2.19207338e-17
6.12049837e+06 2.30609457e-17
5.81788007e+06 2.42604659e-17
5.53022426e+06 2.55223794e-17
5.25679112e+06 2.68499317e-17
4.99687745e+06 2.82465368e-17
4.74981480e+06 2.97157868e-17
4.51496777e+06 3.12614601e-17
4.29173238e+06 3.28875319e-17
4.07953450e+06 3.45981842e-17
3.87782841e+06 3.63978165e-17
3.68609536e+06 3.82910571e-17
3.50384225e+06 4.02827751e-17
3.33060034e+06 4.23780927e-17
3.16592411e+06 4.45823988e-17
3.00939003e+06 4.69013623e-17
2.86059554e+06 4.93409473e-17
2.71915794e+06 5.19074279e-17
2.58471351e+06 5.46074046e-17
2.45691646e+06 5.74478212e-17
2.33543814e+06 6.04359828e-17
2.21996612e+06 6.35795743e-17
2.11020343e+06 6.68866804e-17
2.00586778e+06 7.03658066e-17
1.90669084e+06 7.40259002e-17
1.81241755e+06 7.78763746e-17
1.72280545e+06 8.19271323e-17
1.63762407e+06 8.61885912e-17
1.55665436e+06 9.06717110e-17
1.47968806e+06 9.53880214e-17
1.40652724e+06 1.00349652e-16
1.33698374e+06 1.05569363e-16
1.27087871e+06 1.11060578e-16
1.20804213e+06 1.16837421e-16
1.14831241e+06 1.22914747e-16
1.09153594e+06 1.29308188e-16
1.03756668e+06 1.36034184e-16
9.86265846e+05 1.43110036e-16
9.37501502e+05 1.50553939e-16
8.91148232e+05 1.58385039e-16
8.47086827e+05 1.66623477e-16
8.05203967e+05 1.75290438e-16
7.65391939e+05 1.84408215e-16
7.27548353e+05 1.94000255e-16
6.91575883e+05 2.04091227e-16
6.57382014e+05 2.14707085e-16
6.24878807e+05 2.25875129e-16
5.93982669e+05 2.37624083e-16
5.64614142e+05 2.49984163e-16
5.36697695e+05 2.62987155e-16
5.10161531e+05 2.76666503e-16
4.84937407e+05 2.91057386e-16
4.60960449e+05 3.06196816e-16
4.38168993e+05 3.22123728e-16
4.16504425e+05 3.38879083e-16
3.95911027e+05 3.56505975e-16
3.76335836e+05 3.75049735e-16
3.57728510e+05 3.94558056e-16
3.40041193e+05 4.15081109e-16
3.23228398e+05 4.36671677e-16
3.07246884e+05 4.59385286e-16
2.92055551e+05 4.83280352e-16
2.77615329e+05 5.08418330e-16
2.63889081e+05 5.34863870e-16
2.50841506e+05 5.62684986e-16
2.38439047e+05 5.91953229e-16
2.26649808e+05 6.22743872e-16
2.15443469e+05 6.55136105e-16
2.04791210e+05 6.89213235e-16
1.94665634e+05 7.25062903e-16
1.85040702e+05 7.62777309e-16
1.75891659e+05 8.02453450e-16
1.67194976e+05 8.44193365e-16
1.58928287e+05 8.88104404e-16
1.51070330e+05 9.34299500e-16
1.43600898e+05 9.82897460e-16
1.36500781e+05 1.03402327e-15
1.29751717e+05 1.08780842e-15
1.23336350e+05 1.14439124e-15
1.17238180e+05 1.20391726e-15
1.11441525e+05 1.26653955e-15
1.05931476e+05 1.33241919e-15
1.00693863e+05 1.40172561e-15
9.57152154e+04 1.47463705e-15
9.09827289e+04 1.55134104e-15
8.64842328e+04 1.63203485e-15
8.22081576e+04 1.71692601e-15
7.81435061e+04 1.80623286e-15
7.42798248e+04 1.90018508e-15
7.06071771e+04 1.99902432e-15
6.71161177e+04 2.10300478e-15
6.37976681e+04 2.21239388e-15
6.06432940e+04 2.32747297e-15
5.76448828e+04 2.44853803e-15
5.47947234e+04 2.57590043e-15
5.20854855e+04 2.70988773e-15
4.95102016e+04 2.85084455e-15
4.70622485e+04 2.99913342e-15
4.47353305e+04 3.15513573e-15
4.25234633e+04 3.31925273e-15
4.04209584e+04 3.49190650e-15
3.84224085e+04 3.67354114e-15
3.65226736e+04 3.86462378e-15
3.47168682e+04 4.06564591e-15
3.30003479e+04 4.27712456e-15
3.13686982e+04 4.49960366e-15
2.98177229e+04 4.73365543e-15
2.83434331e+04 4.97988187e-15
2.69420371e+04 5.23891630e-15
2.56099310e+04 5.51142497e-15
2.43436887e+04 5.79810881e-15
2.31400538e+04 6.09970519e-15
2.19959307e+04 6.41698987e-15
2.09083769e+04 6.75077894e-15
1.98745955e+04 7.10193098e-15
1.88919278e+04 7.47134921e-15
1.79578465e+04 7.85998384e-15
1.70699493e+04 8.26883454e-15
1.62259529e+04 8.69895298e-15
1.54236865e+04 9.15144552e-15
1.46610868e+04 9.62747613e-15
1.39361927e+04 1.01282693e-14
1.32471399e+04 1.06551132e-14
1.25921561e+04 1.12093632e-14
1.19695570e+04 1.17924450e-14
1.13777413e+04 1.24058584e-14
1.08151870e+04 1.30511816e-14
1.02804473e+04 1.37300745e-14
9.77214697e+03 1.44442838e-14
9.28897872e+03 1.51956467e-14
8.82969996e+03 1.59860962e-14
8.39312950e+03 1.68176658e-14
7.97814457e+03 1.76924951e-14
7.58367791e+03 1.86128345e-14
7.20871503e+03 1.95810522e-14
6.85229160e+03 2.05996390e-14
6.51349095e+03 2.16712157e-14
6.19144176e+03 2.27985396e-14
5.88531578e+03 2.39845111e-14
5.59432571e+03 2.52321819e-14
5.31772318e+03 2.65447625e-14
5.05479682e+03 2.79256305e-14
4.80487044e+03 2.93783391e-14
4.56730127e+03 3.09066269e-14
4.34147833e+03 3.25144267e-14
4.12682085e+03 3.42058763e-14
3.92277676e+03 3.59853290e-14
3.72882131e+03 3.78573645e-14
3.54445567e+03 3.98268011e-14
3.36920571e+03 4.18987081e-14
3.20262069e+03 4.40784187e-14
3.04427221e+03 4.63715438e-14
2.89375302e+03 4.87839865e-14
2.75067601e+03 5.13219577e-14
2.61467321e+03 5.39919913e-14
2.48539486e+03 5.68009620e-14
2.36250847e+03 5.97561024e-14
2.24569800e+03 6.28650222e-14
2.13466303e+03 6.61357273e-14
2.02911802e+03 6.95766410e-14
1.92879151e+03 7.31966256e-14
1.83342548e+03 7.70050053e-14
1.74277468e+03 8.10115902e-14
1.65660596e+03 8.52267021e-14
1.57469771e+03 8.96612009e-14
1.49683929e+03 9.43265126e-14
1.42283046e+03 9.92346593e-14
1.35248087e+03 1.04398290e-13
1.28560961e+03 1.09830715e-13
1.22204469e+03 1.15545936e-13
1.16162263e+03 1.21558688e-13
1.10418805e+03 1.27884474e-13
1.04959323e+03 1.34539608e-13
9.97697764e+02 1.41541253e-13
9.48368187e+02 1.48907471e-13
9.01477631e+02 1.56657266e-13
8.56905505e+02 1.64810635e-13
8.14537177e+02 1.73388621e-13
7.74263683e+02 1.82413366e-13
7.35981448e+02 1.91908171e-13
6.99592017e+02 2.01897555e-13
6.65001803e+02 2.12407319e-13
6.32121848e+02 2.23464616e-13
6.00867589e+02 2.35098020e-13
5.71158648e+02 2.47337601e-13
5.42918618e+02 2.60215006e-13
5.16074871e+02 2.73763538e-13
4.90558371e+02 2.88018251e-13
4.66303493e+02 3.03016032e-13
4.43247859e+02 3.18795710e-13
4.21332174e+02 3.35398149e-13
4.00500076e+02 3.52866360e-13
3.80697987e+02 3.71245619e-13
3.61874981e+02 3.90583580e-13
3.43982649e+02 4.10930407e-13
3.26974974e+02 4.32338905e-13
3.10808217e+02 4.54864663e-13
2.95440800e+02 4.78566204e-13
2.80833200e+02 5.03505138e-13
2.66947849e+02 5.29746331e-13
2.53749038e+02 5.57358081e-13
2.41202821e+02 5.86412301e-13
2.29276931e+02 6.16984714e-13
2.17940698e+02 6.49155060e-13
2.07164968e+02 6.83007316e-13
1.96922026e+02 7.18629924e-13
1.87185529e+02 7.56116034e-13
1.77930439e+02 7.95563766e-13
1.69132952e+02 8.37076476e-13
1.60770442e+02 8.80763053e-13
1.52821404e+02 9.26738217e-13
1.45265393e+02 9.75122846e-13
1.38082977e+02 1.02604432e-12
1.31255684e+02 1.07963688e-12
1.24765955e+02 1.13604203e-12
1.18597101e+02 1.19540891e-12
1.12733256e+02 1.25789478e-12
1.07159340e+02 1.32366544e-12
1.01861017e+02 1.39289575e-12
9.68246612e+01 1.46577012e-12
9.20373200e+01 1.54248311e-12
8.74866812e+01 1.62323999e-12
8.31610415e+01 1.70825737e-12
7.90492762e+01 1.79776390e-12
7.51408106e+01 1.89200098e-12
7.14255929e+01 1.99122352e-12
6.78940681e+01 2.09570077e-12
6.45371540e+01 2.20571721e-12
6.13462172e+01 2.32157349e-12
5.83130511e+01 2.44358746e-12
5.54298552e+01 2.57209524e-12
5.26892142e+01 2.70745243e-12
5.00840799e+01 2.85003535e-12
4.76077523e+01 3.00024241e-12
4.52538628e+01 3.15849563e-12
4.30163576e+01 3.32524218e-12
4.08894823e+01 3.50095617e-12
3.88677669e+01 3.68614050e-12
3.69460121e+01 3.88132893e-12
3.51192753e+01 4.08708828e-12
3.33828586e+01 4.30402089e-12
3.17322963e+01 4.53276726e-12
3.01633435e+01 4.77400895e-12
2.86719650e+01 5.01918317e-12
2.72543253e+01 5.28614355e-12
2.59067786e+01 5.56768385e-12
2.46258592e+01 5.86464682e-12
2.34082728e+01 6.17792967e-12
2.22508880e+01 6.50848825e-12
2.11507282e+01 6.85734165e-12
2.01049642e+01 7.22557727e-12
1.91109062e+01 7.61435633e-12
1.81659979e+01 8.02492003e-12
1.72678090e+01 8.45859617e-12
1.64140297e+01 8.91680665e-12
1.56024641e+01 9.40107557e-12
1.48310251e+01 9.91322105e-12
1.40977287e+01 1.04541574e-11
1.34006890e+01 1.10263795e-11
1.27381132e+01 1.16320642e-11
1.21082975e+01 1.22735471e-11
1.15096220e+01 1.29527852e-11
1.09405471e+01 1.36725477e-11
1.03996091e+01 1.44355459e-11
9.88541702e+00 1.52447195e-11
9.39664831e+00 1.61033268e-11
8.93204600e+00 1.70148705e-11
8.49041520e+00 1.79831768e-11
8.07062014e+00 1.90124020e-11
7.67158118e+00 2.01070774e-11
7.29227206e+00 2.12721495e-11
6.93171728e+00 2.25130196e-11
6.58898955e+00 2.38355968e-11
6.26320745e+00 2.52463510e-11
5.95353313e+00 2.67523753e-11
5.65917016e+00 2.83614538e-11
5.37936150e+00 3.00821384e-11
5.11338754e+00 3.19238333e-11
4.86056423e+00 3.38968897e-11
4.62024137e+00 3.60127116e-11
4.39180089e+00 3.82838727e-11
4.17465529e+00 4.07242470e-11
3.96824610e+00 4.33491539e-11
3.77204249e+00 4.61755194e-11
3.58553986e+00 4.92220549e-11
3.40825855e+00 5.25094561e-11
3.23974263e+00 5.60606226e-11
3.07955871e+00 5.99009027e-11
2.92729484e+00 6.40583625e-11
2.78255940e+00 6.85640859e-11
2.64498018e+00 7.34525041e-11
2.51420335e+00 7.87617608e-11
2.38989257e+00 8.45341155e-11
2.27172813e+00 9.08163877e-11
2.15940615e+00 9.75826282e-11
2.05263775e+00 1.05032496e-10
1.95114835e+00 1.13164242e-10
1.85467692e+00 1.22048395e-10
1.76297538e+00 1.31900483e-10
1.67580786e+00 1.42547649e-10
1.59295021e+00 1.54209800e-10
1.51418933e+00 1.66991040e-10
1.43932264e+00 1.81008282e-10
1.36815763e+00 1.96390755e-10
1.30051125e+00 2.13281240e-10
1.23620954e+00 2.31837417e-10
1.17508713e+00 2.52233331e-10
1.11698682e+00 2.74660988e-10
1.06175918e+00 2.99332078e-10
1.00926219e+00 3.26479852e-10
9.59360829e-01 3.56361139e-10
9.11926760e-01 3.89258521e-10
8.66837993e-01 4.25484570e-10
8.23978568e-01 4.65377091e-10
7.83238260e-01 5.09312250e-10
7.44512291e-01 5.57700637e-10
7.07701066e-01 6.10991884e-10
6.72709914e-01 6.69677778e-10
6.39448843e-01 7.34295500e-10
6.07832313e-01 8.05430956e-10
5.77779012e-01 8.83722176e-10
5.49211648e-01 9.69862728e-10
5.22056753e-01 1.06460509e-09
4.96244488e-01 1.16876390e-09
4.71708469e-01 1.28321902e-09
4.48385595e-01 1.40891829e-09
4.26215883e-01 1.54687980e-09
4.05142317e-01 1.69819361e-09
3.85110700e-01 1.86402272e-09
3.66069515e-01 2.04560298e-09
3.47969790e-01 2.24424194e-09
3.30764978e-01 2.46131612e-09
3.14410830e-01 2.69826665e-09
2.98865287e-01 2.95659289e-09
2.84088369e-01 3.23784368e-09
2.70042072e-01 3.54360606e-09
2.56690272e-01 3.87549101e-09
2.43998630e-01 4.23511601e-09
2.31934506e-01 4.62408413e-09
2.20466874e-01 5.04395945e-09
2.09566240e-01 5.49623859e-09
1.99204571e-01 5.98231830e-09
1.89355218e-01 6.50345876e-09
1.79992851e-01 7.06074258e-09
1.71093391e-01 7.65502893e-09
1.62633950e-01 8.28690229e-09
1.54592774e-01 8.95661464e-09
1.46949180e-01 9.66401960e-09
1.39683512e-01 1.04084964e-08
1.32777083e-01 1.11888614e-08
1.26212131e-01 1.20032642e-08
1.19971774e-01 1.28490681e-08
1.14039960e-01 1.37227125e-08
1.08401436e-01 1.46195623e-08
1.03041699e-01 1.55337504e-08
9.79469667e-02 1.64580254e-08
9.31041349e-02 1.73836231e-08
8.85007491e-02 1.83001846e-08
8.41249705e-02 1.91957604e-08
7.99655453e-02 2.00569024e-08
7.60117762e-02 2.08689073e-08
7.22534949e-02 2.16162007e-08
6.86810359e-02 2.22828753e-08
6.52852114e-02 2.28533616e-08
6.20572881e-02 2.33131895e-08
5.89889643e-02 2.36497789e-08
5.60723488e-02 2.38531832e-08
5.32999408e-02 2.39167070e-08
5.06646101e-02 2.38373297e-08
4.81595791e-02 2.36158904e-08
4.57784054e-02 2.32570183e-08
4.35149650e-02 2.27688243e-08
4.13634368e-02 2.21626169e-08
3.93182876e-02 2.14591466e-08
3.73742574e-02 2.06648110e-08
3.55263468e-02 1.97760224e-08
3.37698031e-02 1.88441301e-08
3.21001090e-02 1.78709631e-08
3.05129702e-02 1.68716656e-08
2.90043049e-02 1.58609901e-08
2.75702333e-02 1.48515615e-08
2.62070670e-02 1.38547557e-08
2.49113003e-02 1.28803394e-08
2.36796007e-02 1.15763863e-08
2.25088005e-02 1.07386293e-08
2.13958887e-02 1.01648313e-08
2.03380031e-02 9.34570291e-09
1.93324229e-02 8.57452654e-09
1.83765620e-02 7.85247211e-09
1.74679622e-02 7.17973467e-09
1.66042866e-02 6.55569534e-09
1.57833141e-02 5.97907777e-09
1.50029332e-02 5.44809520e-09
1.42611371e-02 4.96058452e-09
1.35560179e-02 4.51412473e-09
1.28857621e-02 4.10613881e-09
1.22486461e-02 3.73397855e-09
1.16430313e-02 3.39499312e-09
1.10673602e-02 3.08658262e-09
1.05201522e-02 2.80623815e-09
1.00000000e-02 2.55157035e-09
