1.00000000e+20 0.00000000e+00
9.50556592e+19 0.00000000e+00
9.03557835e+19 0.00000000e+00
8.58882856e+19 0.00000000e+00
8.16416760e+19 0.00000000e+00
7.76050334e+19 0.00000000e+00
7.37679760e+19 0.00000000e+00
7.01206359e+19 0.00000000e+00
6.66536327e+19 0.00000000e+00
6.33580499e+19 0.00000000e+00
6.02254120e+19 0.00000000e+00
5.72476624e+19 0.00000000e+00
5.44171429e+19 0.00000000e+00
5.17265739e+19 0.00000000e+00
4.91690358e+19 0.00000000e+00
4.67379511e+19 0.00000000e+00
4.44270675e+19 0.00000000e+00
4.22304419e+19 0.00000000e+00
4.01424249e+19 0.00000000e+00
3.81576466e+19 0.00000000e+00
3.62710025e+19 0.00000000e+00
3.44776405e+19 0.00000000e+00
3.27729485e+19 0.00000000e+00
3.11525422e+19 0.00000000e+00
2.96122544e+19 0.00000000e+00
2.81481236e+19 0.00000000e+00
2.67563844e+19 0.00000000e+00
2.54334576e+19 0.00000000e+00
2.41759408e+19 0.00000000e+00
2.29805999e+19 0.00000000e+00
2.18443607e+19 0.00000000e+00
2.07643011e+19 0.00000000e+00
1.97376433e+19 0.00000000e+00
1.87617469e+19 0.00000000e+00
1.78341022e+19 0.00000000e+00
1.69523234e+19 0.00000000e+00
1.61141428e+19 0.00000000e+00
1.53174046e+19 0.00000000e+00
1.45600600e+19 0.00000000e+00
1.38401610e+19 0.00000000e+00
1.31558562e+19 0.00000000e+00
1.25053859e+19 0.00000000e+00
1.18870770e+19 0.00000000e+00
1.12993394e+19 0.00000000e+00
1.07406615e+19 0.00000000e+00
1.02096066e+19 0.00000000e+00
9.70480888e+18 0.00000000e+00
9.22497005e+18 0.00000000e+00
8.76885609e+18 0.00000000e+00
8.33529397e+18 0.00000000e+00
7.92316862e+18 0.00000000e+00
7.53142017e+18 0.00000000e+00
7.15904109e+18 0.00000000e+00
6.80507370e+18 0.00000000e+00
6.46860766e+18 0.00000000e+00
6.14877765e+18 0.00000000e+00
5.84476113e+18 0.00000000e+00
5.55577622e+18 0.00000000e+00
5.28107971e+18 0.00000000e+00
5.01996513e+18 0.00000000e+00
4.77176095e+18 0.00000000e+00
4.53582883e+18 0.00000000e+00
4.31156199e+18 0.00000000e+00
4.09838367e+18 0.00000000e+00
3.89574562e+18 0.00000000e+00
3.70312668e+18 0.00000000e+00
3.52003147e+18 0.00000000e+00
3.34598912e+18 0.00000000e+00
3.18055202e+18 0.00000000e+00
3.02329468e+18 0.00000000e+00
2.87381269e+18 0.00000000e+00
2.73172160e+18 0.00000000e+00
2.59665597e+18 0.00000000e+00
2.46826845e+18 0.00000000e+00
2.34622885e+18 0.00000000e+00
2.23022330e+18 0.00000000e+00
2.11995346e+18 0.00000000e+00
2.01513573e+18 0.00000000e+00
1.91550056e+18 0.00000000e+00
1.82079168e+18 0.00000000e+00
1.73076553e+18 0.00000000e+00
1.64519059e+18 0.00000000e+00
1.56384676e+18 0.00000000e+00
1.48652484e+18 0.00000000e+00
1.41302599e+18 0.00000000e+00
1.34316117e+18 0.00000000e+00
1.27675070e+18 0.00000000e+00
1.21362380e+18 0.00000000e+00
1.15361810e+18 0.00000000e+00
1.09657929e+18 0.00000000e+00
1.04236067e+18 0.00000000e+00
9.90822810e+17 0.00000000e+00
9.41833153e+17 0.00000000e+00
8.95265713e+17 0.00000000e+00
8.51000725e+17 0.00000000e+00
8.08924349e+17 0.00000000e+00
7.68928372e+17 0.00000000e+00
7.30909933e+17 0.00000000e+00
6.94771255e+17 0.00000000e+00
6.60419396e+17 0.00000000e+00
6.27766011e+17 3.75484575e-57
5.96727120e+17 1.59710329e-55
5.67222897e+17 5.72690346e-54
5.39177464e+17 1.63786607e-52
5.12518693e+17 5.12067648e-51
4.87178022e+17 1.02610664e-49
4.63090280e+17 2.04260887e-48
4.40193519e+17 3.07646533e-47
4.18428851e+17 4.71673080e-46
3.97740302e+17 5.60229901e-45
3.78074666e+17 6.65413301e-44
3.59381366e+17 6.12283844e-43
3.41612327e+17 5.73503900e-42
3.24721849e+17 3.65166059e-41
3.08666494e+17 2.86140487e-40
2.93404971e+17 1.67764576e-39
2.78898029e+17 9.36916627e-39
2.65108360e+17 5.35491634e-38
2.52000499e+17 2.98011338e-37
2.39540736e+17 1.28866586e-36
2.27697026e+17 5.41324951e-36
2.16438909e+17 1.89232673e-35
2.05737431e+17 7.47797883e-35
1.95565072e+17 2.19134272e-34
1.85895668e+17 7.25916069e-34
1.76704353e+17 2.53760773e-33
1.67967487e+17 6.80169535e-33
1.59662602e+17 1.87709318e-32
1.51768339e+17 4.80518984e-32
1.44264395e+17 1.13218076e-31
1.37131472e+17 2.61637641e-31
1.30351224e+17 5.42517462e-31
1.23906216e+17 1.27825924e-30
1.17779870e+17 2.95395175e-30
1.11956432e+17 4.71409006e-30
1.06420924e+17 9.78873770e-30
1.01159111e+17 1.98993571e-29
9.61574600e+16 3.25158834e-29
9.14031075e+16 6.74231524e-29
8.68838264e+16 1.07750390e-28
8.25879939e+16 1.76654734e-28
7.85045620e+16 2.89918881e-28
7.46230289e+16 4.42505159e-28
7.09334120e+16 7.23586093e-28
6.74262224e+16 9.11113294e-28
6.40924402e+16 1.39338956e-27
6.09234915e+16 2.11886651e-27
5.79112265e+16 3.03352388e-27
5.50478981e+16 3.65130461e-27
5.23261424e+16 5.82698281e-27
4.97389596e+16 7.38164316e-27
4.72796959e+16 9.29475853e-27
4.49420266e+16 1.15016878e-26
4.27199397e+16 1.65332329e-26
4.06077203e+16 2.04834115e-26
3.85999362e+16 2.53243214e-26
3.66914238e+16 2.94230939e-26
3.48772747e+16 3.54245925e-26
3.31528234e+16 4.37914034e-26
3.15136348e+16 5.51295459e-26
2.99554933e+16 6.98671519e-26
2.84743917e+16 6.81759030e-26
2.70665207e+16 8.58861503e-26
2.57282597e+16 1.06310382e-25
2.44561668e+16 1.28194406e-25
2.32469706e+16 1.25284451e-25
2.20975611e+16 1.46037809e-25
2.10049824e+16 1.62789973e-25
1.99664245e+16 1.82378335e-25
1.89792164e+16 1.92985888e-25
1.80408193e+16 2.15681302e-25
1.71488197e+16 2.51042228e-25
1.63009236e+16 2.46584093e-25
1.54949504e+16 2.99824134e-25
1.47288272e+16 2.95251369e-25
1.40005838e+16 3.66521576e-25
1.33083472e+16 3.62302694e-25
1.26503372e+16 3.61895223e-25
1.20248614e+16 4.53981792e-25
1.14303113e+16 4.53159129e-25
1.08651577e+16 4.56587334e-25
1.03279473e+16 4.46609536e-25
9.81729841e+15 5.65893315e-25
9.33189772e+15 5.76814164e-25
8.87049689e+15 5.65656620e-25
8.43190929e+15 5.77622474e-25
8.01500696e+15 7.23860594e-25
7.61871770e+15 7.34271795e-25
7.24202233e+15 7.29885402e-25
6.88395207e+15 7.56749192e-25
6.54358602e+15 7.65247275e-25
6.22004883e+15 7.88632781e-25
5.91250841e+15 9.20670100e-25
5.62017385e+15 9.63817060e-25
5.34229330e+15 1.00371899e-24
5.07815211e+15 1.00906961e-24
4.82707097e+15 1.01766153e-24
4.58840413e+15 1.10668429e-24
4.36153779e+15 1.08989740e-24
4.14588850e+15 1.23554258e-24
3.94090164e+15 1.34645638e-24
3.74605003e+15 1.37186501e-24
3.56083255e+15 1.82053221e-24
3.38477286e+15 1.77815966e-24
3.21741815e+15 1.24100965e-24
3.05833803e+15 1.57680837e-24
2.90712338e+15 1.59390110e-24
2.76338529e+15 1.67127714e-24
2.62675410e+15 1.91428656e-24
2.49687843e+15 1.81749716e-24
2.37342425e+15 1.77383285e-24
2.25607407e+15 2.09164477e-24
2.14452608e+15 2.13053487e-24
2.03849340e+15 2.17806238e-24
1.93770334e+15 2.37214416e-24
1.84189668e+15 2.31610237e-24
1.75082703e+15 2.65883797e-24
1.66426018e+15 2.68436264e-24
1.58197348e+15 2.94638321e-24
1.50375532e+15 3.10316475e-24
1.42940453e+15 3.24454593e-24
1.35872990e+15 3.53808589e-24
1.29154967e+15 3.57173912e-24
1.22769105e+15 3.65391508e-24
1.16698982e+15 3.90006042e-24
1.10928986e+15 4.11199586e-24
1.05444279e+15 4.06321072e-24
1.00230755e+15 4.34104897e-24
9.52750047e+14 4.50772475e-24
9.05642838e+14 4.89331411e-24
8.60864770e+14 5.33796607e-24
8.18300682e+14 5.28113291e-24
7.77841107e+14 5.85988381e-24
7.39381992e+14 5.99649908e-24
7.02824426e+14 6.41164477e-24
6.68074392e+14 6.30531804e-24
6.35042517e+14 6.90703053e-24
6.03643851e+14 7.40443188e-24
5.73797641e+14 7.54475298e-24
5.45427131e+14 7.91821205e-24
5.18459354e+14 8.53836278e-24
4.92824957e+14 8.64540225e-24
4.68458012e+14 9.22394214e-24
4.45295851e+14 9.87474749e-24
4.23278907e+14 1.04813540e-23
4.02350555e+14 1.06042854e-23
3.82456972e+14 1.17014131e-23
3.63546996e+14 1.16944912e-23
3.45571994e+14 1.27378279e-23
3.28485737e+14 1.33151769e-23
3.12244282e+14 1.37433929e-23
2.96805861e+14 1.44849089e-23
2.82130768e+14 1.55414822e-23
2.68181261e+14 1.62450934e-23
2.54921465e+14 1.70005366e-23
2.42317279e+14 1.78155067e-23
2.30336287e+14 1.90932150e-23
2.18947676e+14 1.97613762e-23
2.08122157e+14 2.08652673e-23
1.97831888e+14 2.20493438e-23
1.88050406e+14 2.29962732e-23
1.78752553e+14 2.43478502e-23
1.69914417e+14 2.55437605e-23
1.61513269e+14 2.68634129e-23
1.53527503e+14 2.84049087e-23
1.45936580e+14 2.95260753e-23
1.38720978e+14 3.11391603e-23
1.31862140e+14 3.23869886e-23
1.25342427e+14 3.47492088e-23
1.19145070e+14 3.62669035e-23
1.13254132e+14 3.83495719e-23
1.07654461e+14 3.98042989e-23
1.02331658e+14 4.19265616e-23
9.72720319e+13 4.46720680e-23
9.24625712e+13 4.68684161e-23
8.78909065e+13 4.91418047e-23
8.35452806e+13 5.23232099e-23
7.94145172e+13 5.43002543e-23
7.54879928e+13 5.75294121e-23
7.17556092e+13 6.04650089e-23
6.82077673e+13 6.32935545e-23
6.48353429e+13 6.69160593e-23
6.16296626e+13 6.98098605e-23
5.85824820e+13 7.39687071e-23
5.56859644e+13 7.72409425e-23
5.29326606e+13 8.15693299e-23
5.03154895e+13 8.57424985e-23
4.78277202e+13 9.05983876e-23
4.54629547e+13 9.50290172e-23
4.32151113e+13 1.00034920e-22
4.10784089e+13 1.05428205e-22
3.90473524e+13 1.10942763e-22
3.71167182e+13 1.16719165e-22
3.52815412e+13 1.22484493e-22
3.35371015e+13 1.28500210e-22
3.18789129e+13 1.35679581e-22
3.03027108e+13 1.42869551e-22
2.88044415e+13 1.49978584e-22
2.73802518e+13 1.57661840e-22
2.60264788e+13 1.65998425e-22
2.47396410e+13 1.74477199e-22
2.35164288e+13 1.83705297e-22
2.23536965e+13 1.92878436e-22
2.12484535e+13 2.03624416e-22
2.01978576e+13 2.13703484e-22
1.91992067e+13 2.25039986e-22
1.82499324e+13 2.36740378e-22
1.73475936e+13 2.49079007e-22
1.64898694e+13 2.61824053e-22
1.56745541e+13 2.75436800e-22
1.48995507e+13 2.90081830e-22
1.41628662e+13 3.04842791e-22
1.34626058e+13 3.21034108e-22
1.27969687e+13 3.37554558e-22
1.21642429e+13 3.54831998e-22
1.15628013e+13 3.73345947e-22
1.09910970e+13 3.92914980e-22
1.04476597e+13 4.13297220e-22
9.93109181e+12 4.34838420e-22
9.44006479e+12 4.57414576e-22
8.97331581e+12 4.81472170e-22
8.52964450e+12 5.06213779e-22
8.10790981e+12 5.32660718e-22
7.70702711e+12 5.60167240e-22
7.32596543e+12 5.89166932e-22
6.96374473e+12 6.19945157e-22
6.61943346e+12 6.52265372e-22
6.29214611e+12 6.86167946e-22
5.98104096e+12 7.21697820e-22
5.68531791e+12 7.59104424e-22
5.40421642e+12 7.98515140e-22
5.13701354e+12 8.40380021e-22
4.88302209e+12 8.84152600e-22
4.64158883e+12 9.29877310e-22
4.41209286e+12 9.78845877e-22
4.19394396e+12 1.02968324e-21
3.98658107e+12 1.08315744e-21
3.78947092e+12 1.13927710e-21
3.60210656e+12 1.19851799e-21
3.42400614e+12 1.26110406e-21
3.25471161e+12 1.32689985e-21
3.09378757e+12 1.39574158e-21
2.94082017e+12 1.46764373e-21
2.79541600e+12 1.54448846e-21
2.65720111e+12 1.62482394e-21
2.52582003e+12 1.70930085e-21
2.40093488e+12 1.79809307e-21
2.28222447e+12 1.89178080e-21
2.16938352e+12 1.98985059e-21
2.06212180e+12 2.09316488e-21
1.96016347e+12 2.20237090e-21
1.86324631e+12 2.31669937e-21
1.77112106e+12 2.43702548e-21
1.68355080e+12 2.56383632e-21
1.60031031e+12 2.69757979e-21
1.52118552e+12 2.83819900e-21
1.44597292e+12 2.98512573e-21
1.37447909e+12 3.14060739e-21
1.30652016e+12 3.30371232e-21
1.24192135e+12 3.47595313e-21
1.18051653e+12 3.65633992e-21
1.12214777e+12 3.84699596e-21
1.06666496e+12 4.04710927e-21
1.01392541e+12 4.25754308e-21
9.63793480e+11 4.47878083e-21
9.16140246e+11 4.71209019e-21
8.70843150e+11 4.95706775e-21
8.27785697e+11 5.21466823e-21
7.86857151e+11 5.48609120e-21
7.47952252e+11 5.77126623e-21
7.10970943e+11 6.07118290e-21
6.75818117e+11 6.38741324e-21
6.42403366e+11 6.71934006e-21
6.10640754e+11 7.06886015e-21
5.80448594e+11 7.43669283e-21
5.51749238e+11 7.82342044e-21
5.24468875e+11 8.23065128e-21
4.98537346e+11 8.65902593e-21
4.73887961e+11 9.10929169e-21
4.50457325e+11 9.58271359e-21
4.28185180e+11 1.00817361e-20
4.07014245e+11 1.06056660e-20
3.86890074e+11 1.11570228e-20
3.67760910e+11 1.17377542e-20
3.49577557e+11 1.23482350e-20
3.32293252e+11 1.29907743e-20
3.15863541e+11 1.36658669e-20
3.00246171e+11 1.43767689e-20
2.85400977e+11 1.51251401e-20
2.71289780e+11 1.59117941e-20
2.57876289e+11 1.67395275e-20
2.45126006e+11 1.76100737e-20
2.33006141e+11 1.85257311e-20
2.21485523e+11 1.94892195e-20
2.10534524e+11 2.05031980e-20
2.00124980e+11 2.15697529e-20
1.90230119e+11 2.26918845e-20
1.80824493e+11 2.38719503e-20
1.71883914e+11 2.51137043e-20
1.63385388e+11 2.64197441e-20
1.55307057e+11 2.77943173e-20
1.47628147e+11 2.92400869e-20
1.40328908e+11 3.07607364e-20
1.33390569e+11 3.23608815e-20
1.26795285e+11 3.40439906e-20
1.20526094e+11 3.58147810e-20
1.14566873e+11 3.76780974e-20
1.08902296e+11 3.96375432e-20
1.03517796e+11 4.16991310e-20
9.83995230e+10 4.38683563e-20
9.35343152e+10 4.61502802e-20
8.89096599e+10 4.85508957e-20
8.45136633e+10 5.10760718e-20
8.03350198e+10 5.37329619e-20
7.63629826e+10 5.65279855e-20
7.25873365e+10 5.94679645e-20
6.89983712e+10 6.25616595e-20
6.55868566e+10 6.58152607e-20
6.23440189e+10 6.92387482e-20
5.92615181e+10 7.28405543e-20
5.63314267e+10 7.66289609e-20
5.35462090e+10 8.06144492e-20
5.08987019e+10 8.48082773e-20
4.83820966e+10 8.92193407e-20
4.59899209e+10 9.38604675e-20
4.37160225e+10 9.87424455e-20
4.15545533e+10 1.03878337e-19
3.94999546e+10 1.09281577e-19
3.75469422e+10 1.14965752e-19
3.56904935e+10 1.20945879e-19
3.39258338e+10 1.27237079e-19
3.22484250e+10 1.33855685e-19
3.06539530e+10 1.40818029e-19
2.91383170e+10 1.48142365e-19
2.76976194e+10 1.55848039e-19
2.63281547e+10 1.63954644e-19
2.50264010e+10 1.72483055e-19
2.37890104e+10 1.81454574e-19
2.26128007e+10 1.90893111e-19
2.14947467e+10 2.00822640e-19
2.04319732e+10 2.11268267e-19
1.94217468e+10 2.22257426e-19
1.84614695e+10 2.33817718e-19
1.75486715e+10 2.45980142e-19
1.66810054e+10 2.58774532e-19
1.58562396e+10 2.72234956e-19
1.50722531e+10 2.86395116e-19
1.43270295e+10 3.01291725e-19
1.36186524e+10 3.16963762e-19
1.29452998e+10 3.33450860e-19
1.23052400e+10 3.50795090e-19
1.16968270e+10 3.69041872e-19
1.11184960e+10 3.88237676e-19
1.05687597e+10 4.08432034e-19
1.00462042e+10 4.29676325e-19
9.54948564e+09 4.52026938e-19
9.07732653e+09 4.75539113e-19
8.62851257e+09 5.00273712e-19
8.20188950e+09 5.26295861e-19
7.79636013e+09 5.53671325e-19
7.41088152e+09 5.82469752e-19
7.04446228e+09 6.12768219e-19
6.69616005e+09 6.44640765e-19
6.36507908e+09 6.78171630e-19
6.05036788e+09 7.13448292e-19
5.75121707e+09 7.50557858e-19
5.46685730e+09 7.89598549e-19
5.19655724e+09 8.30669241e-19
4.93962174e+09 8.73876042e-19
4.69539001e+09 9.19330226e-19
4.46323393e+09 9.67150879e-19
4.24255643e+09 1.01745668e-18
4.03278998e+09 1.07038038e-18
3.83339510e+09 1.12605693e-18
3.64385898e+09 1.18462860e-18
3.46369418e+09 1.24624721e-18
3.29243733e+09 1.31107112e-18
3.12964801e+09 1.37926704e-18
2.97490755e+09 1.45100889e-18
2.82781798e+09 1.52648445e-18
2.68800102e+09 1.60588483e-18
2.55509709e+09 1.68941516e-18
2.42876438e+09 1.77729029e-18
2.30867799e+09 1.86973674e-18
2.19452909e+09 1.96699160e-18
2.08602409e+09 2.06930382e-18
1.98288395e+09 2.17693968e-18
1.88484341e+09 2.29017399e-18
1.79165033e+09 2.40929763e-18
1.70306503e+09 2.53461751e-18
1.61885969e+09 2.66645616e-18
1.53881775e+09 2.80515368e-18
1.46273336e+09 2.95106343e-18
1.39041083e+09 3.10456310e-18
1.32166418e+09 3.26604779e-18
1.25631660e+09 3.43593235e-18
1.19420003e+09 3.61465295e-18
1.13515471e+09 3.80266961e-18
1.07902879e+09 4.00046666e-18
1.02567793e+09 4.20855167e-18
9.74964918e+08 4.42746032e-18
9.26759330e+08 4.65775644e-18
8.80937190e+08 4.90002968e-18
8.37380654e+08 5.15490626e-18
7.95977700e+08 5.42303961e-18
7.56621850e+08 5.70512012e-18
7.19211887e+08 6.00187394e-18
6.83651600e+08 6.31406253e-18
6.49849535e+08 6.64248917e-18
6.17718760e+08 6.98800130e-18
5.87176639e+08 7.35148318e-18
5.58144625e+08 7.73387093e-18
5.30548053e+08 8.13614997e-18
5.04315949e+08 8.55935422e-18
4.79380850e+08 9.00457098e-18
4.55678627e+08 9.47294472e-18
4.33148322e+08 9.96568309e-18
4.11731993e+08 1.04840501e-17
3.91374560e+08 1.10293792e-17
3.72023668e+08 1.16030761e-17
3.53629550e+08 1.22066116e-17
3.36144900e+08 1.28415409e-17
3.19524751e+08 1.35094971e-17
3.03726358e+08 1.42121960e-17
2.88709092e+08 1.49514473e-17
2.74434330e+08 1.57291503e-17
2.60865362e+08 1.65473053e-17
2.47967289e+08 1.74080169e-17
2.35706941e+08 1.83134995e-17
2.24052787e+08 1.92660793e-17
2.12974854e+08 2.02682085e-17
2.02444651e+08 2.13224634e-17
1.92435098e+08 2.24315561e-17
1.82920450e+08 2.35983371e-17
1.73876240e+08 2.48258112e-17
1.65279206e+08 2.61171307e-17
1.57107239e+08 2.74756197e-17
1.49339322e+08 2.89047695e-17
1.41955477e+08 3.04082572e-17
1.34936714e+08 3.19899497e-17
1.28264983e+08 3.36539135e-17
1.21923125e+08 3.54044289e-17
1.15894830e+08 3.72459985e-17
1.10164595e+08 3.91833569e-17
1.04717682e+08 4.12214880e-17
9.95400829e+07 4.33656322e-17
9.46184819e+07 4.56213060e-17
8.99402217e+07 4.79943076e-17
8.54932707e+07 5.04907420e-17
8.12661920e+07 5.31170290e-17
7.72481145e+07 5.58799219e-17
7.34287045e+07 5.87865294e-17
6.97981391e+07 6.18443235e-17
6.63470812e+07 6.50611690e-17
6.30666554e+07 6.84453398e-17
5.99484250e+07 7.20055394e-17
5.69843706e+07 7.57509232e-17
5.41668691e+07 7.96911231e-17
5.14886745e+07 8.38362746e-17
4.89428990e+07 8.81970366e-17
4.65229952e+07 9.27846255e-17
4.42227398e+07 9.76108368e-17
4.20362168e+07 1.02688086e-16
3.99578030e+07 1.08029431e-16
3.79821531e+07 1.13648605e-16
3.61041860e+07 1.19560062e-16
3.43190720e+07 1.25779003e-16
3.26222201e+07 1.32321426e-16
3.10092664e+07 1.39204154e-16
2.94760626e+07 1.46444889e-16
2.80186656e+07 1.54062251e-16
2.66333273e+07 1.62075833e-16
2.53164848e+07 1.70506242e-16
2.40647515e+07 1.79375163e-16
2.28749082e+07 1.88705401e-16
2.17438948e+07 1.98520953e-16
2.06688025e+07 2.08847064e-16
1.96468665e+07 2.19710291e-16
1.86754584e+07 2.31138569e-16
1.77520801e+07 2.43161293e-16
1.68743568e+07 2.55809381e-16
1.60400311e+07 2.69115362e-16
1.52469573e+07 2.83113456e-16
1.44930957e+07 2.97839664e-16
1.37765077e+07 3.13331860e-16
1.30953502e+07 3.29629885e-16
1.24478715e+07 3.46775657e-16
1.18324063e+07 3.64813268e-16
1.12473718e+07 3.83789111e-16
1.06912634e+07 4.03751985e-16
1.01626509e+07 4.24753234e-16
9.66017480e+06 4.46846867e-16
9.18254284e+06 4.70089705e-16
8.72852662e+06 4.94541526e-16
8.29695852e+06 5.20265212e-16
7.88672862e+06 5.47326921e-16
7.49678187e+06 5.75796252e-16
7.12611543e+06 6.05746422e-16
6.77377600e+06 6.37254456e-16
6.43885743e+06 6.70401387e-16
6.12049837e+06 7.05272464e-16
5.81788007e+06 7.41957368e-16
5.53022426e+06 7.80550445e-16
5.25679112e+06 8.21150951e-16
4.99687745e+06 8.63863300e-16
4.74981480e+06 9.08797343e-16
4.51496777e+06 9.56068640e-16
4.29173238e+06 1.00579876e-15
4.07953450e+06 1.05811561e-15
3.87782841e+06 1.11315373e-15
3.68609536e+06 1.17105467e-15
3.50384225e+06 1.23196735e-15
3.33060034e+06 1.29604840e-15
3.16592411e+06 1.36346266e-15
3.00939003e+06 1.43438347e-15
2.86059554e+06 1.50899326e-15
2.71915794e+06 1.58748388e-15
2.58471351e+06 1.67005722e-15
2.45691646e+06 1.75692563e-15
2.33543814e+06 1.84831251e-15
2.21996612e+06 1.94445291e-15
2.11020343e+06 2.04559408e-15
2.00586778e+06 2.15199613e-15
1.90669084e+06 2.26393270e-15
1.81241755e+06 2.38169169e-15
1.72280545e+06 2.50557593e-15
1.63762407e+06 2.63590405e-15
1.55665436e+06 2.77301122e-15
1.47968806e+06 2.91725005e-15
1.40652724e+06 3.06899150e-15
1.33698374e+06 3.22862582e-15
1.27087871e+06 3.39656356e-15
1.20804213e+06 3.57323662e-15
1.14831241e+06 3.75909938e-15
1.09153594e+06 3.95462985e-15
1.03756668e+06 4.16033088e-15
9.86265846e+05 4.37673150e-15
9.37501502e+05 4.60438826e-15
8.91148232e+05 4.84388666e-15
8.47086827e+05 5.09584262e-15
8.05203967e+05 5.36090415e-15
7.65391939e+05 5.63975293e-15
7.27548353e+05 5.93310610e-15
6.91575883e+05 6.24171813e-15
6.57382014e+05 6.56638270e-15
6.24878807e+05 6.90793480e-15
5.93982669e+05 7.26725283e-15
5.64614142e+05 7.64526090e-15
5.36697695e+05 8.04293118e-15
5.10161531e+05 8.46128641e-15
4.84937407e+05 8.90140251e-15
4.60960449e+05 9.36441140e-15
4.38168993e+05 9.85150385e-15
4.16504425e+05 1.03639326e-14
3.95911027e+05 1.09030155e-14
3.76335836e+05 1.14701389e-14
3.57728510e+05 1.20667615e-14
3.40041193e+05 1.26944177e-14
3.23228398e+05 1.33547216e-14
3.07246884e+05 1.40493715e-14
2.92055551e+05 1.47801538e-14
2.77615329e+05 1.55489481e-14
2.63889081e+05 1.63577316e-14
2.50841506e+05 1.72085842e-14
2.38439047e+05 1.81036944e-14
2.26649808e+05 1.90453640e-14
2.15443469e+05 2.00360151e-14
2.04791210e+05 2.10781953e-14
1.94665634e+05 2.21745850e-14
1.85040702e+05 2.33280040e-14
1.75891659e+05 2.45414186e-14
1.67194976e+05 2.58179497e-14
1.58928287e+05 2.71608801e-14
1.51070330e+05 2.85736639e-14
1.43600898e+05 3.00599344e-14
1.36500781e+05 3.16235141e-14
1.29751717e+05 3.32684244e-14
1.23336350e+05 3.49988957e-14
1.17238180e+05 3.68193786e-14
1.11441525e+05 3.87345552e-14
1.05931476e+05 4.07493509e-14
1.00693863e+05 4.28689478e-14
9.57152154e+04 4.50987970e-14
9.09827289e+04 4.74446336e-14
8.64842328e+04 4.99124907e-14
8.22081576e+04 5.25087155e-14
7.81435061e+04 5.52399852e-14
7.42798248e+04 5.81133243e-14
7.06071771e+04 6.11361228e-14
6.71161177e+04 6.43161552e-14
6.37976681e+04 6.76616001e-14
6.06432940e+04 7.11810618e-14
5.76448828e+04 7.48835922e-14
5.47947234e+04 7.87787140e-14
5.20854855e+04 8.28764451e-14
4.95102016e+04 8.71873248e-14
4.70622485e+04 9.17224404e-14
4.47353305e+04 9.64934562e-14
4.25234633e+04 1.01512643e-13
4.04209584e+04 1.06792910e-13
3.84224085e+04 1.12347839e-13
3.65226736e+04 1.18191716e-13
3.47168682e+04 1.24339572e-13
3.30003479e+04 1.30807219e-13
3.13686982e+04 1.37611293e-13
2.98177229e+04 1.44769294e-13
2.83434331e+04 1.52299633e-13
2.69420371e+04 1.60221678e-13
2.56099310e+04 1.68555805e-13
2.43436887e+04 1.77323452e-13
2.31400538e+04 1.86547168e-13
2.19959307e+04 1.96250679e-13
2.09083769e+04 2.06458944e-13
1.98745955e+04 2.17198220e-13
1.88919278e+04 2.28496131e-13
1.79578465e+04 2.40381737e-13
1.70699493e+04 2.52885610e-13
1.62259529e+04 2.66039914e-13
1.54236865e+04 2.79878485e-13
1.46610868e+04 2.94436920e-13
1.39361927e+04 3.09752668e-13
1.32471399e+04 3.25865126e-13
1.25921561e+04 3.42815743e-13
1.19695570e+04 3.60648120e-13
1.13777413e+04 3.79408133e-13
1.08151870e+04 3.99144039e-13
1.02804473e+04 4.19906609e-13
9.77214697e+03 4.41749257e-13
9.28897872e+03 4.64728174e-13
8.82969996e+03 4.88902476e-13
8.39312950e+03 5.14334355e-13
7.97814457e+03 5.41089241e-13
7.58367791e+03 5.69235966e-13
7.20871503e+03 5.98846947e-13
6.85229160e+03 6.29998368e-13
6.51349095e+03 6.62770380e-13
6.19144176e+03 6.97247303e-13
5.88531578e+03 7.33517848e-13
5.59432571e+03 7.71675341e-13
5.31772318e+03 8.11817969e-13
5.05479682e+03 8.54049027e-13
4.80487044e+03 8.98477188e-13
4.56730127e+03 9.45216783e-13
4.34147833e+03 9.94388094e-13
4.12682085e+03 1.04611767e-12
3.92277676e+03 1.10053863e-12
3.72882131e+03 1.15779106e-12
3.54445567e+03 1.21802230e-12
3.36920571e+03 1.28138740e-12
3.20262069e+03 1.34804944e-12
3.04427221e+03 1.41818004e-12
2.89375302e+03 1.49195973e-12
2.75067601e+03 1.56957846e-12
2.61467321e+03 1.65123605e-12
2.48539486e+03 1.73714274e-12
2.36250847e+03 1.82751975e-12
2.24569800e+03 1.92259978e-12
2.13466303e+03 2.02262769e-12
2.02911802e+03 2.12786109e-12
1.92879151e+03 2.23857101e-12
1.83342548e+03 2.35504262e-12
1.74277468e+03 2.47757593e-12
1.65660596e+03 2.60648661e-12
1.57469771e+03 2.74210680e-12
1.49683929e+03 2.88478594e-12
1.42283046e+03 3.03489170e-12
1.35248087e+03 3.19281093e-12
1.28560961e+03 3.35895066e-12
1.22204469e+03 3.53373915e-12
1.16162263e+03 3.71762704e-12
1.10418805e+03 3.91108845e-12
1.04959323e+03 4.11462228e-12
9.97697764e+02 4.32875346e-12
9.48368187e+02 4.55403437e-12
9.01477631e+02 4.79104620e-12
8.56905505e+02 5.04040053e-12
8.14537177e+02 5.30274091e-12
7.74263683e+02 5.57874452e-12
7.35981448e+02 5.86912396e-12
6.99592017e+02 6.17462908e-12
6.65001803e+02 6.49604900e-12
6.32121848e+02 6.83421410e-12
6.00867589e+02 7.18999827e-12
5.71158648e+02 7.56432115e-12
5.42918618e+02 7.95815058e-12
5.16074871e+02 8.37250510e-12
4.90558371e+02 8.80845670e-12
4.66303493e+02 9.26713357e-12
4.43247859e+02 9.74972315e-12
4.21332174e+02 1.02574752e-11
4.00500076e+02 1.07917052e-11
3.80697987e+02 1.13537977e-11
3.61874981e+02 1.19452102e-11
3.43982649e+02 1.25674768e-11
3.26974974e+02 1.32222125e-11
3.10808217e+02 1.39111174e-11
2.95440800e+02 1.46359811e-11
2.80833200e+02 1.53986881e-11
2.66947849e+02 1.62012220e-11
2.53749038e+02 1.70456716e-11
2.41202821e+02 1.79342363e-11
2.29276931e+02 1.88692318e-11
2.17940698e+02 1.98530969e-11
2.07164968e+02 2.08883998e-11
1.96922026e+02 2.19778453e-11
1.87185529e+02 2.31242823e-11
1.77930439e+02 2.43307116e-11
1.69132952e+02 2.56002940e-11
1.60770442e+02 2.69363597e-11
1.52821404e+02 2.83424173e-11
1.45265393e+02 2.98221635e-11
1.38082977e+02 3.13794940e-11
1.31255684e+02 3.30185143e-11
1.24765955e+02 3.47435518e-11
1.18597101e+02 3.65591681e-11
1.12733256e+02 3.84701723e-11
1.07159340e+02 4.04816352e-11
1.01861017e+02 4.25989043e-11
9.68246612e+01 4.48276198e-11
9.20373200e+01 4.71737317e-11
8.74866812e+01 4.96435177e-11
8.31610415e+01 5.22436026e-11
7.90492762e+01 5.49809792e-11
7.51408106e+01 5.78630301e-11
7.14255929e+01 6.08975511e-11
6.78940681e+01 6.40927768e-11
6.45371540e+01 6.74574075e-11
6.13462172e+01 7.10006380e-11
5.83130511e+01 7.47321889e-11
5.54298552e+01 7.86623400e-11
5.26892142e+01 8.28019663e-11
5.00840799e+01 8.71625769e-11
4.76077523e+01 9.17563567e-11
4.52538628e+01 9.65962118e-11
4.30163576e+01 1.01695818e-10
4.08894823e+01 1.07069676e-10
3.88677669e+01 1.12733165e-10
3.69460121e+01 1.18702609e-10
3.51192753e+01 1.24995343e-10
3.33828586e+01 1.31629789e-10
3.17322963e+01 1.38625535e-10
3.01633435e+01 1.46003425e-10
2.86719650e+01 1.53501584e-10
2.72543253e+01 1.61666028e-10
2.59067786e+01 1.70276369e-10
2.46258592e+01 1.79358382e-10
2.34082728e+01 1.88939506e-10
2.22508880e+01 1.99048973e-10
2.11507282e+01 2.09717950e-10
2.01049642e+01 2.20979692e-10
1.91109062e+01 2.32869715e-10
1.81659979e+01 2.45425977e-10
1.72678090e+01 2.58689086e-10
1.64140297e+01 2.72702529e-10
1.56024641e+01 2.87512916e-10
1.48310251e+01 3.03175851e-10
1.40977287e+01 3.19719296e-10
1.34006890e+01 3.37219555e-10
1.27381132e+01 3.55743200e-10
1.21082975e+01 3.75361657e-10
1.15096220e+01 3.96134784e-10
1.09405471e+01 4.18147266e-10
1.03996091e+01 4.41482027e-10
9.88541702e+00 4.66228966e-10
9.39664831e+00 4.92487737e-10
8.93204600e+00 5.20365462e-10
8.49041520e+00 5.49979155e-10
8.07062014e+00 5.81455930e-10
7.67158118e+00 6.14934367e-10
7.29227206e+00 6.50565746e-10
6.93171728e+00 6.88515253e-10
6.58898955e+00 7.28963605e-10
6.26320745e+00 7.72108673e-10
5.95353313e+00 8.18167385e-10
5.65917016e+00 8.67377804e-10
5.37936150e+00 9.20001468e-10
5.11338754e+00 9.76325987e-10
4.86056423e+00 1.03666794e-09
4.62024137e+00 1.10137608e-09
4.39180089e+00 1.17083495e-09
4.17465529e+00 1.24546887e-09
3.96824610e+00 1.32574635e-09
3.77204249e+00 1.41218503e-09
3.58553986e+00 1.50535717e-09
3.40825855e+00 1.60589570e-09
3.23974263e+00 1.71450096e-09
3.07955871e+00 1.83194817e-09
2.92729484e+00 1.95909569e-09
2.78255940e+00 2.09689414e-09
2.64498018e+00 2.24639654e-09
2.51420335e+00 2.40876944e-09
2.38989257e+00 2.58530525e-09
2.27172813e+00 2.77743586e-09
2.15940615e+00 2.98436767e-09
2.05263775e+00 3.21220684e-09
1.95114835e+00 3.46089986e-09
1.85467692e+00 3.73260374e-09
1.76297538e+00 4.03390998e-09
1.67580786e+00 4.35953205e-09
1.59295021e+00 4.71619538e-09
1.51418933e+00 5.10708381e-09
1.43932264e+00 5.53577286e-09
1.36815763e+00 6.00621474e-09
1.30051125e+00 6.52277611e-09
1.23620954e+00 7.09027932e-09
1.17508713e+00 7.71404718e-09
1.11698682e+00 8.39995177e-09
1.06175918e+00 9.15446726e-09
1.00926219e+00 9.98472713e-09
9.59360829e-01 1.08985860e-08
9.11926760e-01 1.19046860e-08
8.66837993e-01 1.30125865e-08
8.23978568e-01 1.42326187e-08
7.83238260e-01 1.55762869e-08
7.44512291e-01 1.70561480e-08
7.07701066e-01 1.86859532e-08
6.72709914e-01 2.04807428e-08
6.39448843e-01 2.24569453e-08
6.07832313e-01 2.46324796e-08
5.77779012e-01 2.70268585e-08
5.49211648e-01 2.96612934e-08
5.22056753e-01 3.25587972e-08
4.96244488e-01 3.57442841e-08
4.71708469e-01 3.92446630e-08
4.48385595e-01 4.30889214e-08
4.26215883e-01 4.73081955e-08
4.05142317e-01 5.19358230e-08
3.85110700e-01 5.70073713e-08
3.66069515e-01 6.25606371e-08
3.47969790e-01 6.86356086e-08
3.30764978e-01 7.52743841e-08
3.14410830e-01 8.25210377e-08
2.98865287e-01 9.04214241e-08
2.84088369e-01 9.90229118e-08
2.70042072e-01 1.08374037e-07
2.56690272e-01 1.18524068e-07
2.43998630e-01 1.29522473e-07
2.31934506e-01 1.41418277e-07
2.20466874e-01 1.54259316e-07
2.09566240e-01 1.68091361e-07
1.99204571e-01 1.82957127e-07
1.89355218e-01 1.98895156e-07
1.79992851e-01 2.15938556e-07
1.71093391e-01 2.34113604e-07
1.62633950e-01 2.53438175e-07
1.54592774e-01 2.73919976e-07
1.46949180e-01 2.95554528e-07
1.39683512e-01 3.18322848e-07
1.32777083e-01 3.42188735e-07
1.26212131e-01 3.67095602e-07
1.19971774e-01 3.92962807e-07
1.14039960e-01 4.19681456e-07
1.08401436e-01 4.47109797e-07
1.03041699e-01 4.75068395e-07
9.79469667e-02 5.03335478e-07
9.31041349e-02 5.31643014e-07
8.85007491e-02 5.59674197e-07
8.41249705e-02 5.87063576e-07
7.99655453e-02 6.13399866e-07
7.60117762e-02 6.38233396e-07
7.22534949e-02 6.61087854e-07
6.86810359e-02 6.81476752e-07
6.52852114e-02 6.98923924e-07
6.20572881e-02 7.12986831e-07
5.89889643e-02 7.23280739e-07
5.60723488e-02 7.29501450e-07
5.32999408e-02 7.31444195e-07
5.06646101e-02 7.29016601e-07
4.81595791e-02 7.22244329e-07
4.57784054e-02 7.11268948e-07
4.35149650e-02 6.96338521e-07
4.13634368e-02 6.77798892e-07
3.93182876e-02 6.56284672e-07
3.73742574e-02 6.31991524e-07
3.55263468e-02 6.04809717e-07
3.37698031e-02 5.76309674e-07
3.21001090e-02 5.46547326e-07
3.05129702e-02 5.15985829e-07
2.90043049e-02 4.85076360e-07
2.75702333e-02 4.54205022e-07
2.62070670e-02 4.23719732e-07
2.49113003e-02 3.93919175e-07
2.36796007e-02 3.54040403e-07
2.25088005e-02 3.28419296e-07
2.13958887e-02 3.10870844e-07
2.03380031e-02 2.85819455e-07
1.93324229e-02 2.62234582e-07
1.83765620e-02 2.40152006e-07
1.74679622e-02 2.19577689e-07
1.66042866e-02 2.00492706e-07
1.57833141e-02 1.82858022e-07
1.50029332e-02 1.66618992e-07
1.42611371e-02 1.51709462e-07
1.35560179e-02 1.38055391e-07
1.28857621e-02 1.25577965e-07
1.22486461e-02 1.14196195e-07
1.16430313e-02 1.03829010e-07
1.10673602e-02 9.43968976e-08
1.05201522e-02 8.58231282e-08
1.00000000e-02 7.80346276e-08
