1.00000000e+20 0.00000000e+00
9.50556592e+19 0.00000000e+00
9.03557835e+19 0.00000000e+00
8.58882856e+19 0.00000000e+00
8.16416760e+19 0.00000000e+00
7.76050334e+19 0.00000000e+00
7.37679760e+19 0.00000000e+00
7.01206359e+19 0.00000000e+00
6.66536327e+19 0.00000000e+00
6.33580499e+19 0.00000000e+00
6.02254120e+19 0.00000000e+00
5.72476624e+19 0.00000000e+00
5.44171429e+19 0.00000000e+00
5.17265739e+19 0.00000000e+00
4.91690358e+19 0.00000000e+00
4.67379511e+19 0.00000000e+00
4.44270675e+19 0.00000000e+00
4.22304419e+19 0.00000000e+00
4.01424249e+19 0.00000000e+00
3.81576466e+19 0.00000000e+00
3.62710025e+19 0.00000000e+00
3.44776405e+19 0.00000000e+00
3.27729485e+19 0.00000000e+00
3.11525422e+19 0.00000000e+00
2.96122544e+19 0.00000000e+00
2.81481236e+19 0.00000000e+00
2.67563844e+19 0.00000000e+00
2.54334576e+19 0.00000000e+00
2.41759408e+19 0.00000000e+00
2.29805999e+19 0.00000000e+00
2.18443607e+19 0.00000000e+00
2.07643011e+19 0.00000000e+00
1.97376433e+19 0.00000000e+00
1.87617469e+19 0.00000000e+00
1.78341022e+19 0.00000000e+00
1.69523234e+19 0.00000000e+00
1.61141428e+19 0.00000000e+00
1.53174046e+19 0.00000000e+00
1.45600600e+19 0.00000000e+00
1.38401610e+19 0.00000000e+00
1.31558562e+19 0.00000000e+00
1.25053859e+19 0.00000000e+00
1.18870770e+19 0.00000000e+00
1.12993394e+19 0.00000000e+00
1.07406615e+19 0.00000000e+00
1.02096066e+19 0.00000000e+00
9.70480888e+18 0.00000000e+00
9.22497005e+18 0.00000000e+00
8.76885609e+18 0.00000000e+00
8.33529397e+18 0.00000000e+00
7.92316862e+18 0.00000000e+00
7.53142017e+18 0.00000000e+00
7.15904109e+18 0.00000000e+00
6.80507370e+18 0.00000000e+00
6.46860766e+18 0.00000000e+00
6.14877765e+18 0.00000000e+00
5.84476113e+18 0.00000000e+00
5.55577622e+18 0.00000000e+00
5.28107971e+18 0.00000000e+00
5.01996513e+18 0.00000000e+00
4.77176095e+18 0.00000000e+00
4.53582883e+18 0.00000000e+00
4.31156199e+18 0.00000000e+00
4.09838367e+18 0.00000000e+00
3.89574562e+18 0.00000000e+00
3.70312668e+18 0.00000000e+00
3.52003147e+18 0.00000000e+00
3.34598912e+18 0.00000000e+00
3.18055202e+18 0.00000000e+00
3.02329468e+18 0.00000000e+00
2.87381269e+18 0.00000000e+00
2.73172160e+18 0.00000000e+00
2.59665597e+18 0.00000000e+00
2.46826845e+18 0.00000000e+00
2.34622885e+18 0.00000000e+00
2.23022330e+18 0.00000000e+00
2.11995346e+18 0.00000000e+00
2.01513573e+18 0.00000000e+00
1.91550056e+18 0.00000000e+00
1.82079168e+18 0.00000000e+00
1.73076553e+18 0.00000000e+00
1.64519059e+18 0.00000000e+00
1.56384676e+18 0.00000000e+00
1.48652484e+18 0.00000000e+00
1.41302599e+18 0.00000000e+00
1.34316117e+18 0.00000000e+00
1.27675070e+18 0.00000000e+00
1.21362380e+18 0.00000000e+00
1.15361810e+18 0.00000000e+00
1.09657929e+18 0.00000000e+00
1.04236067e+18 0.00000000e+00
9.90822810e+17 0.00000000e+00
9.41833153e+17 0.00000000e+00
8.95265713e+17 0.00000000e+00
8.51000725e+17 0.00000000e+00
8.08924349e+17 0.00000000e+00
7.68928372e+17 0.00000000e+00
7.30909933e+17 0.00000000e+00
6.94771255e+17 0.00000000e+00
6.60419396e+17 1.29737647e-51
6.27766011e+17 6.34051116e-50
5.96727120e+17 2.63468917e-48
5.67222897e+17 8.85870243e-47
5.39177464e+17 2.12624373e-45
5.12518693e+17 5.37870974e-44
4.87178022e+17 1.07428804e-42
4.63090280e+17 1.80262987e-41
4.40193519e+17 2.55113451e-40
4.18428851e+17 3.03011110e-39
3.97740302e+17 3.59901574e-38
3.78074666e+17 3.58762745e-37
3.59381366e+17 3.26495625e-36
3.41612327e+17 2.63307407e-35
3.24721849e+17 1.99377996e-34
3.08666494e+17 1.09326729e-33
2.93404971e+17 6.96140823e-33
2.78898029e+17 4.30157647e-32
2.65108360e+17 1.94101815e-31
2.52000499e+17 9.57494919e-31
2.39540736e+17 3.77186333e-30
2.27697026e+17 1.63103576e-29
2.16438909e+17 5.54367535e-29
2.05737431e+17 1.88876387e-28
1.95565072e+17 6.41965918e-28
1.85895668e+17 1.77166101e-27
1.76704353e+17 5.85731387e-27
1.67967487e+17 1.51125764e-26
1.59662602e+17 4.04203911e-26
1.51768339e+17 1.03731998e-25
1.44264395e+17 2.31631694e-25
1.37131472e+17 5.92956318e-25
1.30351224e+17 1.17115915e-24
1.23906216e+17 2.61517740e-24
1.17779870e+17 5.15236777e-24
1.11956432e+17 8.42962028e-24
1.06420924e+17 1.75405052e-23
1.01159111e+17 3.55389454e-23
9.61574600e+16 5.67151409e-23
9.14031075e+16 9.27897859e-23
8.68838264e+16 1.69282569e-22
8.25879939e+16 2.65940129e-22
7.85045620e+16 3.81404392e-22
7.46230289e+16 6.08667576e-22
7.09334120e+16 9.95821117e-22
6.74262224e+16 1.52293518e-21
6.40924402e+16 2.02024677e-21
6.09234915e+16 2.78262118e-21
5.79112265e+16 3.99076332e-21
5.50478981e+16 4.93386048e-21
5.23261424e+16 8.06787526e-21
4.97389596e+16 1.01587903e-20
4.72796959e+16 1.25707222e-20
4.49420266e+16 1.80695520e-20
4.27199397e+16 2.17501740e-20
4.06077203e+16 2.76765864e-20
3.85999362e+16 3.21526710e-20
3.66914238e+16 3.87001498e-20
3.48772747e+16 4.78480331e-20
3.31528234e+16 6.02213064e-20
3.15136348e+16 7.62957274e-20
2.99554933e+16 7.43996167e-20
2.84743917e+16 9.36841892e-20
2.70665207e+16 1.15950272e-19
2.57282597e+16 1.13079980e-19
2.44561668e+16 1.36287839e-19
2.32469706e+16 1.58556771e-19
2.20975611e+16 1.76416052e-19
2.10049824e+16 1.97314339e-19
1.99664245e+16 2.08297773e-19
1.89792164e+16 2.31713396e-19
1.80408193e+16 2.69301726e-19
1.71488197e+16 2.63007894e-19
1.63009236e+16 3.16688279e-19
1.54949504e+16 3.10121250e-19
1.47288272e+16 3.83165732e-19
1.40005838e+16 3.74904080e-19
1.33083472e+16 3.66859367e-19
1.26503372e+16 4.61075416e-19
1.20248614e+16 4.51434354e-19
1.14303113e+16 4.42655637e-19
1.08651577e+16 4.35166445e-19
1.03279473e+16 5.51271486e-19
9.81729841e+15 5.42988859e-19
9.33189772e+15 5.29837720e-19
8.87049689e+15 5.23308879e-19
8.43190929e+15 5.17339489e-19
8.01500696e+15 6.41986858e-19
7.61871770e+15 6.32904745e-19
7.24202233e+15 6.23486475e-19
6.88395207e+15 6.15865020e-19
6.54358602e+15 6.13346262e-19
6.22004883e+15 7.44663486e-19
5.91250841e+15 7.36867557e-19
5.62017385e+15 7.22683930e-19
5.34229330e+15 7.23298609e-19
5.07815211e+15 7.10214682e-19
4.82707097e+15 7.13387966e-19
4.58840413e+15 6.99933646e-19
4.36153779e+15 8.21879669e-19
4.14588850e+15 8.32108787e-19
3.94090164e+15 8.18690003e-19
3.74605003e+15 8.02431530e-19
3.56083255e+15 7.92047061e-19
3.38477286e+15 8.06010828e-19
3.21741815e+15 7.99382567e-19
3.05833803e+15 7.82173066e-19
2.90712338e+15 7.79558953e-19
2.76338529e+15 8.00371648e-19
2.62675410e+15 8.93591026e-19
2.49687843e+15 8.88830899e-19
2.37342425e+15 1.07260960e-18
2.25607407e+15 1.04577340e-18
2.14452608e+15 1.02182493e-18
2.03849340e+15 9.96258450e-19
1.93770334e+15 9.73354186e-19
1.84189668e+15 8.58646820e-19
1.75082703e+15 9.79402058e-19
1.66426018e+15 9.56607396e-19
1.58197348e+15 9.32681745e-19
1.50375532e+15 8.47750927e-19
1.42940453e+15 8.62001269e-19
1.35872990e+15 9.20046841e-19
1.29154967e+15 9.06703737e-19
1.22769105e+15 9.11948139e-19
1.16698982e+15 9.19097277e-19
1.10928986e+15 9.12187270e-19
1.05444279e+15 8.96355888e-19
1.00230755e+15 8.79900493e-19
9.52750047e+14 9.78972551e-19
9.05642838e+14 9.82003538e-19
8.60864770e+14 9.59232335e-19
8.18300682e+14 9.07773120e-19
7.77841107e+14 9.02517317e-19
7.39381992e+14 8.72721712e-19
7.02824426e+14 8.88765844e-19
6.68074392e+14 9.30012041e-19
6.35042517e+14 9.14672925e-19
6.03643851e+14 8.88291933e-19
5.73797641e+14 9.62878336e-19
5.45427131e+14 9.47981412e-19
5.18459354e+14 9.07825399e-19
4.92824957e+14 9.18421674e-19
4.68458012e+14 9.28052224e-19
4.45295851e+14 9.17645441e-19
4.23278907e+14 9.10249619e-19
4.02350555e+14 9.40515471e-19
3.82456972e+14 8.91883545e-19
3.63546996e+14 8.92697480e-19
3.45571994e+14 9.02522382e-19
3.28485737e+14 9.09102422e-19
3.12244282e+14 8.97721936e-19
2.96805861e+14 9.05794707e-19
2.82130768e+14 9.11296918e-19
2.68181261e+14 9.13831332e-19
2.54921465e+14 9.02132405e-19
2.42317279e+14 9.09005133e-19
2.30336287e+14 8.99216639e-19
2.18947676e+14 8.94403307e-19
2.08122157e+14 9.06798533e-19
1.97831888e+14 9.01696180e-19
1.88050406e+14 8.99994325e-19
1.78752553e+14 9.05329396e-19
1.69914417e+14 8.99444006e-19
1.61513269e+14 9.02973623e-19
1.53527503e+14 9.00251158e-19
1.45936580e+14 9.01692581e-19
1.38720978e+14 9.00678463e-19
1.31862140e+14 8.95476992e-19
1.25342427e+14 8.96587035e-19
1.19145070e+14 8.93891204e-19
1.13254132e+14 8.97090501e-19
1.07654461e+14 9.00238358e-19
1.02331658e+14 9.02501280e-19
9.72720319e+13 8.96874941e-19
9.24625712e+13 8.98886992e-19
8.78909065e+13 9.01637747e-19
8.35452806e+13 9.00006632e-19
7.94145172e+13 9.00802677e-19
7.54879928e+13 9.00763014e-19
7.17556092e+13 9.00925840e-19
6.82077673e+13 8.98945444e-19
6.48353429e+13 8.99199228e-19
6.16296626e+13 9.00120817e-19
5.85824820e+13 9.00503187e-19
5.56859644e+13 9.01701242e-19
5.29326606e+13 8.98232626e-19
5.03154895e+13 8.97764582e-19
4.78277202e+13 8.98303948e-19
4.54629547e+13 8.98883859e-19
4.32151113e+13 8.99570425e-19
4.10784089e+13 8.98215145e-19
3.90473524e+13 8.97867253e-19
3.71167182e+13 8.98512553e-19
3.52815412e+13 8.98980128e-19
3.35371015e+13 8.98262299e-19
3.18789129e+13 8.97001766e-19
3.03027108e+13 8.98220052e-19
2.88044415e+13 8.98159748e-19
2.73802518e+13 8.99013518e-19
2.60264788e+13 8.97401427e-19
2.47396410e+13 8.98776138e-19
2.35164288e+13 8.97381914e-19
2.23536965e+13 8.98113014e-19
2.12484535e+13 8.98740786e-19
2.01978576e+13 8.97425731e-19
1.91992067e+13 8.97964333e-19
1.82499324e+13 8.98165824e-19
1.73475936e+13 8.98378827e-19
1.64898694e+13 8.97572916e-19
1.56745541e+13 8.98212522e-19
1.48995507e+13 8.97929282e-19
1.41628662e+13 8.97445189e-19
1.34626058e+13 8.97260067e-19
1.27969687e+13 8.98077090e-19
1.21642429e+13 8.98010862e-19
1.15628013e+13 8.97783954e-19
1.09910970e+13 8.97403800e-19
1.04476597e+13 8.97766450e-19
9.93109181e+12 8.97929402e-19
9.44006479e+12 8.97981203e-19
8.97331581e+12 8.97879115e-19
8.52964450e+12 8.97602459e-19
8.10790981e+12 8.97654156e-19
7.70702711e+12 8.97752768e-19
7.32596543e+12 8.97611564e-19
6.96374473e+12 8.97771400e-19
6.61943346e+12 8.97526946e-19
6.29214611e+12 8.97562377e-19
5.98104096e+12 8.97465221e-19
5.68531791e+12 8.97512150e-19
5.40421642e+12 8.97502680e-19
5.13701354e+12 8.97471113e-19
4.88302209e+12 8.97355693e-19
4.64158883e+12 8.97357517e-19
4.41209286e+12 8.97535878e-19
4.19394396e+12 8.97436053e-19
3.98658107e+12 8.97324391e-19
3.78947092e+12 8.97321331e-19
3.60210656e+12 8.97521971e-19
3.42400614e+12 8.97563500e-19
3.25471161e+12 8.97471251e-19
3.09378757e+12 8.97482894e-19
2.94082017e+12 8.97321935e-19
2.79541600e+12 8.97285975e-19
2.65720111e+12 8.97314477e-19
2.52582003e+12 8.97405452e-19
2.40093488e+12 8.97384585e-19
2.28222447e+12 8.97400831e-19
2.16938352e+12 8.97390225e-19
2.06212180e+12 8.97315483e-19
1.96016347e+12 8.97378640e-19
1.86324631e+12 8.97279448e-19
1.77112106e+12 8.97329305e-19
1.68355080e+12 8.97360534e-19
1.60031031e+12 8.97365542e-19
1.52118552e+12 8.97402858e-19
1.44597292e+12 8.97336629e-19
1.37447909e+12 8.97330658e-19
1.30652016e+12 8.97324693e-19
1.24192135e+12 8.97349134e-19
1.18051653e+12 8.97348647e-19
1.12214777e+12 8.97312925e-19
1.06666496e+12 8.97246327e-19
1.01392541e+12 8.97319209e-19
9.63793480e+11 8.97315303e-19
9.16140246e+11 8.97307992e-19
8.70843150e+11 8.97319392e-19
8.27785697e+11 8.97337356e-19
7.86857151e+11 8.97292204e-19
7.47952252e+11 8.97311945e-19
7.10970943e+11 8.97267549e-19
6.75818117e+11 8.97301497e-19
6.42403366e+11 8.97301770e-19
6.10640754e+11 8.97272722e-19
5.80448594e+11 8.97284009e-19
5.51749238e+11 8.97282179e-19
5.24468875e+11 8.97288282e-19
4.98537346e+11 8.97273701e-19
4.73887961e+11 8.97277475e-19
4.50457325e+11 8.97289691e-19
4.28185180e+11 8.97265633e-19
4.07014245e+11 8.97279634e-19
3.86890074e+11 8.97291427e-19
3.67760910e+11 8.97279877e-19
3.49577557e+11 8.97278258e-19
3.32293252e+11 8.97273648e-19
3.15863541e+11 8.97281324e-19
3.00246171e+11 8.97270908e-19
2.85400977e+11 8.97279791e-19
2.71289780e+11 8.97277964e-19
2.57876289e+11 8.97287910e-19
2.45126006e+11 8.97279555e-19
2.33006141e+11 8.97283237e-19
2.21485523e+11 8.97277147e-19
2.10534524e+11 8.97270260e-19
2.00124980e+11 8.97283751e-19
1.90230119e+11 8.97270274e-19
1.80824493e+11 8.97276321e-19
1.71883914e+11 8.97271253e-19
1.63385388e+11 8.97265285e-19
1.55307057e+11 8.97267380e-19
1.47628147e+11 8.97272018e-19
1.40328908e+11 8.97271391e-19
1.33390569e+11 8.97270886e-19
1.26795285e+11 8.97273568e-19
1.20526094e+11 8.97269933e-19
1.14566873e+11 8.97267281e-19
1.08902296e+11 8.97270348e-19
1.03517796e+11 8.97268609e-19
9.83995230e+10 8.97271463e-19
9.35343152e+10 8.97271603e-19
8.89096599e+10 8.97267768e-19
8.45136633e+10 8.97267790e-19
8.03350198e+10 8.97267145e-19
7.63629826e+10 8.97269031e-19
7.25873365e+10 8.97266733e-19
6.89983712e+10 8.97267269e-19
6.55868566e+10 8.97266233e-19
6.23440189e+10 8.97268047e-19
5.92615181e+10 8.97265924e-19
5.63314267e+10 8.97266330e-19
5.35462090e+10 8.97267154e-19
5.08987019e+10 8.97268371e-19
4.83820966e+10 8.97267435e-19
4.59899209e+10 8.97267838e-19
4.37160225e+10 8.97266605e-19
4.15545533e+10 8.97266839e-19
3.94999546e+10 8.97266532e-19
3.75469422e+10 8.97265041e-19
3.56904935e+10 8.97266370e-19
3.39258338e+10 8.97266982e-19
3.22484250e+10 8.97265718e-19
3.06539530e+10 8.97266708e-19
2.91383170e+10 8.97265865e-19
2.76976194e+10 8.97265778e-19
2.63281547e+10 8.97267044e-19
2.50264010e+10 8.97265833e-19
2.37890104e+10 8.97266189e-19
2.26128007e+10 8.97265221e-19
2.14947467e+10 8.97265982e-19
2.04319732e+10 8.97265997e-19
1.94217468e+10 8.97266754e-19
1.84614695e+10 8.97265324e-19
1.75486715e+10 8.97266202e-19
1.66810054e+10 8.97265998e-19
1.58562396e+10 8.97265596e-19
1.50722531e+10 8.97265681e-19
1.43270295e+10 8.97265818e-19
1.36186524e+10 8.97265633e-19
1.29452998e+10 8.97265663e-19
1.23052400e+10 8.97265464e-19
1.16968270e+10 8.97265894e-19
1.11184960e+10 8.97265146e-19
1.05687597e+10 8.97265956e-19
1.00462042e+10 8.97265974e-19
9.54948564e+09 8.97267101e-19
9.07732653e+09 8.97265321e-19
8.62851257e+09 8.97264548e-19
8.20188950e+09 8.97265829e-19
7.79636013e+09 8.97266000e-19
7.41088152e+09 8.97265088e-19
7.04446228e+09 8.97265751e-19
6.69616005e+09 8.97265739e-19
6.36507908e+09 8.97265534e-19
6.05036788e+09 8.97266007e-19
5.75121707e+09 8.97265921e-19
5.46685730e+09 8.97264703e-19
5.19655724e+09 8.97265023e-19
4.93962174e+09 8.97265552e-19
4.69539001e+09 8.97265155e-19
4.46323393e+09 8.97265222e-19
4.24255643e+09 8.97265123e-19
4.03278998e+09 8.97265458e-19
3.83339510e+09 8.97265884e-19
3.64385898e+09 8.97265632e-19
3.46369418e+09 8.97265776e-19
3.29243733e+09 8.97265195e-19
3.12964801e+09 8.97265310e-19
2.97490755e+09 8.97265614e-19
2.82781798e+09 8.97265624e-19
2.68800102e+09 8.97264925e-19
2.55509709e+09 8.97265053e-19
2.42876438e+09 8.97265255e-19
2.30867799e+09 8.97265549e-19
2.19452909e+09 8.97265325e-19
2.08602409e+09 8.97265375e-19
1.98288395e+09 8.97265493e-19
1.88484341e+09 8.97265238e-19
1.79165033e+09 8.97265218e-19
1.70306503e+09 8.97265496e-19
1.61885969e+09 8.97265288e-19
1.53881775e+09 8.97265231e-19
1.46273336e+09 8.97265333e-19
1.39041083e+09 8.97265317e-19
1.32166418e+09 8.97265318e-19
1.25631660e+09 8.97265190e-19
1.19420003e+09 8.97265184e-19
1.13515471e+09 8.97265427e-19
1.07902879e+09 8.97265373e-19
1.02567793e+09 8.97265332e-19
9.74964918e+08 8.97265221e-19
9.26759330e+08 8.97265379e-19
8.80937190e+08 8.97265319e-19
8.37380654e+08 8.97265335e-19
7.95977700e+08 8.97265222e-19
7.56621850e+08 8.97265294e-19
7.19211887e+08 8.97265411e-19
6.83651600e+08 8.97265447e-19
6.49849535e+08 8.97265281e-19
6.17718760e+08 8.97265355e-19
5.87176639e+08 8.97265250e-19
5.58144625e+08 8.97265377e-19
5.30548053e+08 8.97265320e-19
5.04315949e+08 8.97265271e-19
4.79380850e+08 8.97265279e-19
4.55678627e+08 8.97265299e-19
4.33148322e+08 8.97265302e-19
4.11731993e+08 8.97265236e-19
3.91374560e+08 8.97265340e-19
3.72023668e+08 8.97265312e-19
3.53629550e+08 8.97265287e-19
3.36144900e+08 8.97265328e-19
3.19524751e+08 8.97265299e-19
3.03726358e+08 8.97265305e-19
2.88709092e+08 8.97265284e-19
2.74434330e+08 8.97265292e-19
2.60865362e+08 8.97265297e-19
2.47967289e+08 8.97265284e-19
2.35706941e+08 8.97265300e-19
2.24052787e+08 8.97265293e-19
2.12974854e+08 8.97265327e-19
2.02444651e+08 8.97265293e-19
1.92435098e+08 8.97265333e-19
1.82920450e+08 8.97265315e-19
1.73876240e+08 8.97265308e-19
1.65279206e+08 8.97265322e-19
1.57107239e+08 8.97265318e-19
1.49339322e+08 8.97265331e-19
1.41955477e+08 8.97265289e-19
1.34936714e+08 8.97265290e-19
1.28264983e+08 8.97265326e-19
1.21923125e+08 8.97265317e-19
1.15894830e+08 8.97265315e-19
1.10164595e+08 8.97265339e-19
1.04717682e+08 8.97265331e-19
9.95400829e+07 8.97265321e-19
9.46184819e+07 8.97265318e-19
8.99402217e+07 8.97265341e-19
8.54932707e+07 8.97265355e-19
8.12661920e+07 8.97265333e-19
7.72481145e+07 8.97265352e-19
7.34287045e+07 8.97265345e-19
6.97981391e+07 8.97265351e-19
6.63470812e+07 8.97265369e-19
6.30666554e+07 8.97265372e-19
5.99484250e+07 8.97265378e-19
5.69843706e+07 8.97265378e-19
5.41668691e+07 8.97265389e-19
5.14886745e+07 8.97265388e-19
4.89428990e+07 8.97265398e-19
4.65229952e+07 8.97265406e-19
4.42227398e+07 8.97265423e-19
4.20362168e+07 8.97265426e-19
3.99578030e+07 8.97265438e-19
3.79821531e+07 8.97265442e-19
3.61041860e+07 8.97265456e-19
3.43190720e+07 8.97265455e-19
3.26222201e+07 8.97265472e-19
3.10092664e+07 8.97265486e-19
2.94760626e+07 8.97265493e-19
2.80186656e+07 8.97265510e-19
2.66333273e+07 8.97265523e-19
2.53164848e+07 8.97265535e-19
2.40647515e+07 8.97265545e-19
2.28749082e+07 8.97265565e-19
2.17438948e+07 8.97265580e-19
2.06688025e+07 8.97265598e-19
1.96468665e+07 8.97265612e-19
1.86754584e+07 8.97265635e-19
1.77520801e+07 8.97265654e-19
1.68743568e+07 8.97265674e-19
1.60400311e+07 8.97265692e-19
1.52469573e+07 8.97265715e-19
1.44930957e+07 8.97265741e-19
1.37765077e+07 8.97265764e-19
1.30953502e+07 8.97265792e-19
1.24478715e+07 8.97265817e-19
1.18324063e+07 8.97265849e-19
1.12473718e+07 8.97265880e-19
1.06912634e+07 8.97265909e-19
1.01626509e+07 8.97265946e-19
9.66017480e+06 8.97265982e-19
9.18254284e+06 8.97266017e-19
8.72852662e+06 8.97266059e-19
8.29695852e+06 8.97266100e-19
7.88672862e+06 8.97266143e-19
7.49678187e+06 8.97266191e-19
7.12611543e+06 8.97266239e-19
6.77377600e+06 8.97266289e-19
6.43885743e+06 8.97266343e-19
6.12049837e+06 8.97266399e-19
5.81788007e+06 8.97266459e-19
5.53022426e+06 8.97266521e-19
5.25679112e+06 8.97266588e-19
4.99687745e+06 8.97266657e-19
4.74981480e+06 8.97266729e-19
4.51496777e+06 8.97266806e-19
4.29173238e+06 8.97266887e-19
4.07953450e+06 8.97266971e-19
3.87782841e+06 8.97267060e-19
3.68609536e+06 8.97267154e-19
3.50384225e+06 8.97267252e-19
3.33060034e+06 8.97267356e-19
3.16592411e+06 8.97267465e-19
3.00939003e+06 8.97267580e-19
2.86059554e+06 8.97267701e-19
2.71915794e+06 8.97267828e-19
2.58471351e+06 8.97267961e-19
2.45691646e+06 8.97268103e-19
2.33543814e+06 8.97268251e-19
2.21996612e+06 8.97268406e-19
2.11020343e+06 8.97268570e-19
2.00586778e+06 8.97268742e-19
1.90669084e+06 8.97268924e-19
1.81241755e+06 8.97269115e-19
1.72280545e+06 8.97269315e-19
1.63762407e+06 8.97269526e-19
1.55665436e+06 8.97269748e-19
1.47968806e+06 8.97269982e-19
1.40652724e+06 8.97270228e-19
1.33698374e+06 8.97270486e-19
1.27087871e+06 8.97270759e-19
1.20804213e+06 8.97271044e-19
1.14831241e+06 8.97271346e-19
1.09153594e+06 8.97271662e-19
1.03756668e+06 8.97271995e-19
9.86265846e+05 8.97272346e-19
9.37501502e+05 8.97272715e-19
8.91148232e+05 8.97273103e-19
8.47086827e+05 8.97273511e-19
8.05203967e+05 8.97273940e-19
7.65391939e+05 8.97274392e-19
7.27548353e+05 8.97274867e-19
6.91575883e+05 8.97275367e-19
6.57382014e+05 8.97275892e-19
6.24878807e+05 8.97276446e-19
5.93982669e+05 8.97277028e-19
5.64614142e+05 8.97277640e-19
5.36697695e+05 8.97278284e-19
5.10161531e+05 8.97278962e-19
4.84937407e+05 8.97279675e-19
4.60960449e+05 8.97280425e-19
4.38168993e+05 8.97281214e-19
4.16504425e+05 8.97282044e-19
3.95911027e+05 8.97282917e-19
3.76335836e+05 8.97283835e-19
3.57728510e+05 8.97284802e-19
3.40041193e+05 8.97285818e-19
3.23228398e+05 8.97286888e-19
3.07246884e+05 8.97288013e-19
2.92055551e+05 8.97289197e-19
2.77615329e+05 8.97290442e-19
2.63889081e+05 8.97291752e-19
2.50841506e+05 8.97293130e-19
2.38439047e+05 8.97294580e-19
2.26649808e+05 8.97296105e-19
2.15443469e+05 8.97297710e-19
2.04791210e+05 8.97299398e-19
1.94665634e+05 8.97301174e-19
1.85040702e+05 8.97303042e-19
1.75891659e+05 8.97305007e-19
1.67194976e+05 8.97307075e-19
1.58928287e+05 8.97309250e-19
1.51070330e+05 8.97311539e-19
1.43600898e+05 8.97313946e-19
1.36500781e+05 8.97316479e-19
1.29751717e+05 8.97319143e-19
1.23336350e+05 8.97321946e-19
1.17238180e+05 8.97324895e-19
1.11441525e+05 8.97327997e-19
1.05931476e+05 8.97331261e-19
1.00693863e+05 8.97334694e-19
9.57152154e+04 8.97338306e-19
9.09827289e+04 8.97342105e-19
8.64842328e+04 8.97346103e-19
8.22081576e+04 8.97350308e-19
7.81435061e+04 8.97354732e-19
7.42798248e+04 8.97359387e-19
7.06071771e+04 8.97364283e-19
6.71161177e+04 8.97369434e-19
6.37976681e+04 8.97374853e-19
6.06432940e+04 8.97380554e-19
5.76448828e+04 8.97386552e-19
5.47947234e+04 8.97392861e-19
5.20854855e+04 8.97399499e-19
4.95102016e+04 8.97406482e-19
4.70622485e+04 8.97413828e-19
4.47353305e+04 8.97421556e-19
4.25234633e+04 8.97429687e-19
4.04209584e+04 8.97438240e-19
3.84224085e+04 8.97447239e-19
3.65226736e+04 8.97456705e-19
3.47168682e+04 8.97466664e-19
3.30003479e+04 8.97477141e-19
3.13686982e+04 8.97488164e-19
2.98177229e+04 8.97499759e-19
2.83434331e+04 8.97511958e-19
2.69420371e+04 8.97524791e-19
2.56099310e+04 8.97538293e-19
2.43436887e+04 8.97552496e-19
2.31400538e+04 8.97567439e-19
2.19959307e+04 8.97583159e-19
2.09083769e+04 8.97599697e-19
1.98745955e+04 8.97617095e-19
1.88919278e+04 8.97635398e-19
1.79578465e+04 8.97654654e-19
1.70699493e+04 8.97674912e-19
1.62259529e+04 8.97696224e-19
1.54236865e+04 8.97718645e-19
1.46610868e+04 8.97742232e-19
1.39361927e+04 8.97767047e-19
1.32471399e+04 8.97793153e-19
1.25921561e+04 8.97820617e-19
1.19695570e+04 8.97849511e-19
1.13777413e+04 8.97879908e-19
1.08151870e+04 8.97911887e-19
1.02804473e+04 8.97945531e-19
9.77214697e+03 8.97980925e-19
9.28897872e+03 8.98018161e-19
8.82969996e+03 8.98057336e-19
8.39312950e+03 8.98098549e-19
7.97814457e+03 8.98141908e-19
7.58367791e+03 8.98187523e-19
7.20871503e+03 8.98235512e-19
6.85229160e+03 8.98286000e-19
6.51349095e+03 8.98339116e-19
6.19144176e+03 8.98394998e-19
5.88531578e+03 8.98453788e-19
5.59432571e+03 8.98515639e-19
5.31772318e+03 8.98580711e-19
5.05479682e+03 8.98649171e-19
4.80487044e+03 8.98721196e-19
4.56730127e+03 8.98796971e-19
4.34147833e+03 8.98876693e-19
4.12682085e+03 8.98960566e-19
3.92277676e+03 8.99048808e-19
3.72882131e+03 8.99141647e-19
3.54445567e+03 8.99239321e-19
3.36920571e+03 8.99342085e-19
3.20262069e+03 8.99450202e-19
3.04427221e+03 8.99563952e-19
2.89375302e+03 8.99683630e-19
2.75067601e+03 8.99809544e-19
2.61467321e+03 8.99942022e-19
2.48539486e+03 9.00081404e-19
2.36250847e+03 9.00228053e-19
2.24569800e+03 9.00382347e-19
2.13466303e+03 9.00544687e-19
2.02911802e+03 9.00715492e-19
1.92879151e+03 9.00895206e-19
1.83342548e+03 9.01084295e-19
1.74277468e+03 9.01283248e-19
1.65660596e+03 9.01492583e-19
1.57469771e+03 9.01712842e-19
1.49683929e+03 9.01944599e-19
1.42283046e+03 9.02188454e-19
1.35248087e+03 9.02445042e-19
1.28560961e+03 9.02715031e-19
1.22204469e+03 9.02999124e-19
1.16162263e+03 9.03298060e-19
1.10418805e+03 9.03612619e-19
1.04959323e+03 9.03943621e-19
9.97697764e+02 9.04291930e-19
9.48368187e+02 9.04658456e-19
9.01477631e+02 9.05044157e-19
8.56905505e+02 9.05450043e-19
8.14537177e+02 9.05877176e-19
7.74263683e+02 9.06326677e-19
7.35981448e+02 9.06799724e-19
6.99592017e+02 9.07297560e-19
6.65001803e+02 9.07821494e-19
6.32121848e+02 9.08372905e-19
6.00867589e+02 9.08953246e-19
5.71158648e+02 9.09564050e-19
5.42918618e+02 9.10206930e-19
5.16074871e+02 9.10883586e-19
4.90558371e+02 9.11595813e-19
4.66303493e+02 9.12345500e-19
4.43247859e+02 9.13134640e-19
4.21332174e+02 9.13965335e-19
4.00500076e+02 9.14839800e-19
3.80697987e+02 9.15760371e-19
3.61874981e+02 9.16729515e-19
3.43982649e+02 9.17749831e-19
3.26974974e+02 9.18824063e-19
3.10808217e+02 9.19955106e-19
2.95440800e+02 9.21146015e-19
2.80833200e+02 9.22400015e-19
2.66947849e+02 9.23720510e-19
2.53749038e+02 9.25111097e-19
2.41202821e+02 9.26575571e-19
2.29276931e+02 9.28117944e-19
2.17940698e+02 9.29742452e-19
2.07164968e+02 9.31453573e-19
1.96922026e+02 9.33256040e-19
1.87185529e+02 9.35154856e-19
1.77930439e+02 9.37155312e-19
1.69132952e+02 9.39263005e-19
1.60770442e+02 9.41483855e-19
1.52821404e+02 9.43824129e-19
1.45265393e+02 9.46290461e-19
1.38082977e+02 9.48889873e-19
1.31255684e+02 9.51629808e-19
1.24765955e+02 9.54518147e-19
1.18597101e+02 9.57563248e-19
1.12733256e+02 9.60773970e-19
1.07159340e+02 9.64159712e-19
1.01861017e+02 9.67730445e-19
9.68246612e+01 9.71496756e-19
9.20373200e+01 9.75469887e-19
8.74866812e+01 9.79661781e-19
8.31610415e+01 9.84085133e-19
7.90492762e+01 9.88753442e-19
7.51408106e+01 9.93681072e-19
7.14255929e+01 9.98883310e-19
6.78940681e+01 1.00437644e-18
6.45371540e+01 1.01017780e-18
6.13462172e+01 1.01630590e-18
5.83130511e+01 1.02278047e-18
5.54298552e+01 1.02962256e-18
5.26892142e+01 1.03685467e-18
5.00840799e+01 1.04450084e-18
4.76077523e+01 1.05258678e-18
4.52538628e+01 1.06114000e-18
4.30163576e+01 1.07018996e-18
4.08894823e+01 1.07985927e-18
3.88677669e+01 1.08999933e-18
3.69460121e+01 1.10073789e-18
3.51192753e+01 1.11211398e-18
3.33828586e+01 1.12416955e-18
3.17322963e+01 1.13694975e-18
3.01633435e+01 1.15050318e-18
2.86719650e+01 1.16273042e-18
2.72543253e+01 1.17774025e-18
2.59067786e+01 1.19366267e-18
2.46258592e+01 1.21055969e-18
2.34082728e+01 1.22849815e-18
2.22508880e+01 1.24755022e-18
2.11507282e+01 1.26779379e-18
2.01049642e+01 1.28931305e-18
1.91109062e+01 1.31219910e-18
1.81659979e+01 1.33655050e-18
1.72678090e+01 1.36270412e-18
1.64140297e+01 1.39031327e-18
1.56024641e+01 1.41973599e-18
1.48310251e+01 1.45109223e-18
1.40977287e+01 1.48448808e-18
1.34006890e+01 1.52013903e-18
1.27381132e+01 1.55826595e-18
1.21082975e+01 1.59902258e-18
1.15096220e+01 1.64320650e-18
1.09405471e+01 1.68985115e-18
1.03996091e+01 1.73980627e-18
9.88541702e+00 1.79333921e-18
9.39664831e+00 1.85074850e-18
8.93204600e+00 1.91235789e-18
8.49041520e+00 1.98004989e-18
8.07062014e+00 2.05112850e-18
7.67158118e+00 2.12757992e-18
7.29227206e+00 2.20987358e-18
6.93171728e+00 2.29852499e-18
6.58898955e+00 2.39410081e-18
6.26320745e+00 2.49722399e-18
5.95353313e+00 2.60857997e-18
5.65917016e+00 2.72892332e-18
5.37936150e+00 2.85908517e-18
5.11338754e+00 2.99998137e-18
4.86056423e+00 3.15262171e-18
4.62024137e+00 3.31812001e-18
4.39180089e+00 3.49770538e-18
4.17465529e+00 3.69174032e-18
3.96824610e+00 3.90375352e-18
3.77204249e+00 4.13436472e-18
3.58553986e+00 4.38540341e-18
3.40825855e+00 4.65889209e-18
3.23974263e+00 4.95706729e-18
3.07955871e+00 5.28240279e-18
2.92729484e+00 5.63763551e-18
2.78255940e+00 6.02579408e-18
2.64498018e+00 6.45023060e-18
2.51420335e+00 6.91465582e-18
2.38989257e+00 7.41927640e-18
2.27172813e+00 7.97523031e-18
2.15940615e+00 8.58477743e-18
2.05263775e+00 9.25349858e-18
1.95114835e+00 9.98757645e-18
1.85467692e+00 1.08051267e-17
1.76297538e+00 1.16928142e-17
1.67580786e+00 1.26687702e-17
1.59295021e+00 1.37422972e-17
1.51418933e+00 1.49236996e-17
1.43932264e+00 1.62243915e-17
1.36815763e+00 1.76570161e-17
1.30051125e+00 1.92355773e-17
1.23620954e+00 2.09755859e-17
1.17508713e+00 2.28942207e-17
1.11698682e+00 2.50105076e-17
1.06175918e+00 2.73455167e-17
1.00926219e+00 2.99225811e-17
9.59360829e-01 3.27675384e-17
9.11926760e-01 3.59089172e-17
8.66837993e-01 3.93785987e-17
8.23978568e-01 4.32115417e-17
7.83238260e-01 4.74465788e-17
7.44512291e-01 5.21267009e-17
7.07701066e-01 5.72995007e-17
6.72709914e-01 6.30176635e-17
6.39448843e-01 6.93395098e-17
6.07832313e-01 7.63295965e-17
5.77779012e-01 8.40593809e-17
5.49211648e-01 9.26079573e-17
5.22056753e-01 1.02062870e-16
4.96244488e-01 1.12521017e-16
4.71708469e-01 1.24089642e-16
4.48385595e-01 1.36887442e-16
4.26215883e-01 1.51045790e-16
4.05142317e-01 1.66710080e-16
3.85110700e-01 1.84041230e-16
3.66069515e-01 2.03217333e-16
3.47969790e-01 2.24435491e-16
3.30764978e-01 2.47913843e-16
3.14410830e-01 2.73893806e-16
2.98865287e-01 3.02642563e-16
2.84088369e-01 3.34455810e-16
2.70042072e-01 3.69660795e-16
2.56690272e-01 4.08619689e-16
2.43998630e-01 4.51733309e-16
2.31934506e-01 4.99445240e-16
2.20466874e-01 5.52246401e-16
2.09566240e-01 6.10680093e-16
1.99204571e-01 6.75347586e-16
1.89355218e-01 7.46914305e-16
1.79992851e-01 8.26116671e-16
1.71093391e-01 9.13769675e-16
1.62633950e-01 1.01077526e-15
1.54592774e-01 1.11813159e-15
1.46949180e-01 1.23694332e-15
1.39683512e-01 1.36843294e-15
1.32777083e-01 1.51395334e-15
1.26212131e-01 1.67500172e-15
1.19971774e-01 1.85323497e-15
1.14039960e-01 2.05048669e-15
1.08401436e-01 2.26878600e-15
1.03041699e-01 2.51037841e-15
9.79469667e-02 2.77774886e-15
9.31041349e-02 3.07364717e-15
8.85007491e-02 3.40111633e-15
8.41249705e-02 3.76352363e-15
7.99655453e-02 4.16459521e-15
7.60117762e-02 4.60845423e-15
7.22534949e-02 5.09966309e-15
6.86810359e-02 5.64327011e-15
6.52852114e-02 6.24486119e-15
6.20572881e-02 6.91061687e-15
5.89889643e-02 7.64737548e-15
5.60723488e-02 8.46270291e-15
5.32999408e-02 9.36496972e-15
5.06646101e-02 1.03634364e-14
4.81595791e-02 1.14683477e-14
4.57784054e-02 1.26910365e-14
4.35149650e-02 1.40440388e-14
4.13634368e-02 1.55412209e-14
3.93182876e-02 1.71979196e-14
3.73742574e-02 1.90310967e-14
3.55263468e-02 2.10595102e-14
3.37698031e-02 2.33039025e-14
3.21001090e-02 2.57872085e-14
3.05129702e-02 2.85347846e-14
2.90043049e-02 3.15746613e-14
2.75702333e-02 3.49378216e-14
2.62070670e-02 3.86585070e-14
2.49113003e-02 4.27745550e-14
2.36796007e-02 4.73277691e-14
2.25088005e-02 5.23643268e-14
2.13958887e-02 5.79352263e-14
2.03380031e-02 6.40967774e-14
1.93324229e-02 7.09111391e-14
1.83765620e-02 7.84469083e-14
1.74679622e-02 8.67797637e-14
1.66042866e-02 9.59931687e-14
1.57833141e-02 1.06179138e-13
1.50029332e-02 1.17439071e-13
1.42611371e-02 1.29884660e-13
1.35560179e-02 1.43638871e-13
1.28857621e-02 1.58837009e-13
1.22486461e-02 1.75627862e-13
1.16430313e-02 1.94174932e-13
1.10673602e-02 2.14657761e-13
1.05201522e-02 2.37273333e-13
1.00000000e-02 2.62237577e-13
