1.00000000e+20 0.00000000e+00
9.50556592e+19 0.00000000e+00
9.03557835e+19 0.00000000e+00
8.58882856e+19 0.00000000e+00
8.16416760e+19 0.00000000e+00
7.76050334e+19 0.00000000e+00
7.37679760e+19 0.00000000e+00
7.01206359e+19 0.00000000e+00
6.66536327e+19 0.00000000e+00
6.33580499e+19 0.00000000e+00
6.02254120e+19 0.00000000e+00
5.72476624e+19 0.00000000e+00
5.44171429e+19 0.00000000e+00
5.17265739e+19 0.00000000e+00
4.91690358e+19 0.00000000e+00
4.67379511e+19 0.00000000e+00
4.44270675e+19 0.00000000e+00
4.22304419e+19 0.00000000e+00
4.01424249e+19 0.00000000e+00
3.81576466e+19 0.00000000e+00
3.62710025e+19 0.00000000e+00
3.44776405e+19 0.00000000e+00
3.27729485e+19 0.00000000e+00
3.11525422e+19 0.00000000e+00
2.96122544e+19 0.00000000e+00
2.81481236e+19 0.00000000e+00
2.67563844e+19 0.00000000e+00
2.54334576e+19 0.00000000e+00
2.41759408e+19 0.00000000e+00
2.29805999e+19 0.00000000e+00
2.18443607e+19 0.00000000e+00
2.07643011e+19 0.00000000e+00
1.97376433e+19 0.00000000e+00
1.87617469e+19 0.00000000e+00
1.78341022e+19 0.00000000e+00
1.69523234e+19 0.00000000e+00
1.61141428e+19 0.00000000e+00
1.53174046e+19 0.00000000e+00
1.45600600e+19 0.00000000e+00
1.38401610e+19 0.00000000e+00
1.31558562e+19 0.00000000e+00
1.25053859e+19 0.00000000e+00
1.18870770e+19 0.00000000e+00
1.12993394e+19 0.00000000e+00
1.07406615e+19 0.00000000e+00
1.02096066e+19 0.00000000e+00
9.70480888e+18 0.00000000e+00
9.22497005e+18 0.00000000e+00
8.76885609e+18 0.00000000e+00
8.33529397e+18 0.00000000e+00
7.92316862e+18 0.00000000e+00
7.53142017e+18 0.00000000e+00
7.15904109e+18 0.00000000e+00
6.80507370e+18 0.00000000e+00
6.46860766e+18 0.00000000e+00
6.14877765e+18 0.00000000e+00
5.84476113e+18 0.00000000e+00
5.55577622e+18 0.00000000e+00
5.28107971e+18 0.00000000e+00
5.01996513e+18 0.00000000e+00
4.77176095e+18 0.00000000e+00
4.53582883e+18 0.00000000e+00
4.31156199e+18 0.00000000e+00
4.09838367e+18 0.00000000e+00
3.89574562e+18 0.00000000e+00
3.70312668e+18 0.00000000e+00
3.52003147e+18 0.00000000e+00
3.34598912e+18 0.00000000e+00
3.18055202e+18 0.00000000e+00
3.02329468e+18 0.00000000e+00
2.87381269e+18 0.00000000e+00
2.73172160e+18 0.00000000e+00
2.59665597e+18 0.00000000e+00
2.46826845e+18 0.00000000e+00
2.34622885e+18 0.00000000e+00
2.23022330e+18 0.00000000e+00
2.11995346e+18 0.00000000e+00
2.01513573e+18 0.00000000e+00
1.91550056e+18 0.00000000e+00
1.82079168e+18 0.00000000e+00
1.73076553e+18 0.00000000e+00
1.64519059e+18 0.00000000e+00
1.56384676e+18 0.00000000e+00
1.48652484e+18 0.00000000e+00
1.41302599e+18 0.00000000e+00
1.34316117e+18 0.00000000e+00
1.27675070e+18 0.00000000e+00
1.21362380e+18 0.00000000e+00
1.15361810e+18 0.00000000e+00
1.09657929e+18 0.00000000e+00
1.04236067e+18 0.00000000e+00
9.90822810e+17 0.00000000e+00
9.41833153e+17 0.00000000e+00
8.95265713e+17 0.00000000e+00
8.51000725e+17 0.00000000e+00
8.08924349e+17 0.00000000e+00
7.68928372e+17 0.00000000e+00
7.30909933e+17 0.00000000e+00
6.94771255e+17 0.00000000e+00
6.60419396e+17 5.79383983e-62
6.27766011e+17 2.83155330e-60
5.96727120e+17 1.17660274e-58
5.67222897e+17 3.95613026e-57
5.39177464e+17 9.49540549e-56
5.12518693e+17 2.40203083e-54
4.87178022e+17 4.79756880e-53
4.63090280e+17 8.05020671e-52
4.40193519e+17 1.13928880e-50
4.18428851e+17 1.35319075e-49
3.97740302e+17 1.60725289e-48
3.78074666e+17 1.60216709e-47
3.59381366e+17 1.45806819e-46
3.41612327e+17 1.17588147e-45
3.24721849e+17 8.90384716e-45
3.08666494e+17 4.88232656e-44
2.93404971e+17 3.10883428e-43
2.78898029e+17 1.92100333e-42
2.65108360e+17 8.66822282e-42
2.52000499e+17 4.27599262e-41
2.39540736e+17 1.68444338e-40
2.27697026e+17 7.28389964e-40
2.16438909e+17 2.47570138e-39
2.05737431e+17 8.43486500e-39
1.95565072e+17 2.86689932e-38
1.85895668e+17 7.91190561e-38
1.76704353e+17 2.61576645e-37
1.67967487e+17 6.74899302e-37
1.59662602e+17 1.80509881e-36
1.51768339e+17 4.63247637e-36
1.44264395e+17 1.03442368e-35
1.37131472e+17 2.64803164e-35
1.30351224e+17 5.23017698e-35
1.23906216e+17 1.16788915e-34
1.17779870e+17 2.30095075e-34
1.11956432e+17 3.76451022e-34
1.06420924e+17 7.83326045e-34
1.01159111e+17 1.58710261e-33
9.61574600e+16 2.53279176e-33
9.14031075e+16 4.14381771e-33
8.68838264e+16 7.55984184e-33
8.25879939e+16 1.18763871e-32
7.85045620e+16 1.70328044e-32
7.46230289e+16 2.71819517e-32
7.09334120e+16 4.44715023e-32
6.74262224e+16 6.80114273e-32
6.40924402e+16 9.02204296e-32
6.09234915e+16 1.24266640e-31
5.79112265e+16 1.78220001e-31
5.50478981e+16 2.20336950e-31
5.23261424e+16 3.60296169e-31
4.97389596e+16 4.53672510e-31
4.72796959e+16 5.61384862e-31
4.49420266e+16 8.06952281e-31
4.27199397e+16 9.71321955e-31
4.06077203e+16 1.23598441e-30
3.85999362e+16 1.43587795e-30
3.66914238e+16 1.72827606e-30
3.48772747e+16 2.13680337e-30
3.31528234e+16 2.68937053e-30
3.15136348e+16 3.40722401e-30
2.99554933e+16 3.32254726e-30
2.84743917e+16 4.18376008e-30
2.70665207e+16 5.17812157e-30
2.57282597e+16 5.04993972e-30
2.44561668e+16 6.08635912e-30
2.32469706e+16 7.08084784e-30
2.20975611e+16 7.87840983e-30
2.10049824e+16 8.81168810e-30
1.99664245e+16 9.30218766e-30
1.89792164e+16 1.03478854e-29
1.80408193e+16 1.20265097e-29
1.71488197e+16 1.17454390e-29
1.63009236e+16 1.41427042e-29
1.54949504e+16 1.38494330e-29
1.47288272e+16 1.71114625e-29
1.40005838e+16 1.67425127e-29
1.33083472e+16 1.63832509e-29
1.26503372e+16 2.05907628e-29
1.20248614e+16 2.01602111e-29
1.14303113e+16 1.97681700e-29
1.08651577e+16 1.94337168e-29
1.03279473e+16 2.46187500e-29
9.81729841e+15 2.42488635e-29
9.33189772e+15 2.36615583e-29
8.87049689e+15 2.33699925e-29
8.43190929e+15 2.31034107e-29
8.01500696e+15 2.86699283e-29
7.61871770e+15 2.82643382e-29
7.24202233e+15 2.78437359e-29
6.88395207e+15 2.75033760e-29
6.54358602e+15 2.73908930e-29
6.22004883e+15 3.32552738e-29
5.91250841e+15 3.29071223e-29
5.62017385e+15 3.22737081e-29
5.34229330e+15 3.23011585e-29
5.07815211e+15 3.17168549e-29
4.82707097e+15 3.18585678e-29
4.58840413e+15 3.12577231e-29
4.36153779e+15 3.67036037e-29
4.14588850e+15 3.71604169e-29
3.94090164e+15 3.65611592e-29
3.74605003e+15 3.58350863e-29
3.56083255e+15 3.53713354e-29
3.38477286e+15 3.59949310e-29
3.21741815e+15 3.56989253e-29
3.05833803e+15 3.49303813e-29
2.90712338e+15 3.48136399e-29
2.76338529e+15 3.57430958e-29
2.62675410e+15 3.99060983e-29
2.49687843e+15 3.96935200e-29
2.37342425e+15 4.79007318e-29
2.25607407e+15 4.67022777e-29
2.14452608e+15 4.56327839e-29
2.03849340e+15 4.44910328e-29
1.93770334e+15 4.34681713e-29
1.84189668e+15 3.83455556e-29
1.75082703e+15 4.37382579e-29
1.66426018e+15 4.27202911e-29
1.58197348e+15 4.16518165e-29
1.50375532e+15 3.78589655e-29
1.42940453e+15 3.84953590e-29
1.35872990e+15 4.10875653e-29
1.29154967e+15 4.04916873e-29
1.22769105e+15 4.07258925e-29
1.16698982e+15 4.10451596e-29
1.10928986e+15 4.07365716e-29
1.05444279e+15 4.00295718e-29
1.00230755e+15 3.92947048e-29
9.52750047e+14 4.37190769e-29
9.05642838e+14 4.38544352e-29
8.60864770e+14 4.28375160e-29
8.18300682e+14 4.05394440e-29
7.77841107e+14 4.03047297e-29
7.39381992e+14 3.89741139e-29
7.02824426e+14 3.96906147e-29
6.68074392e+14 4.15325925e-29
6.35042517e+14 4.08475763e-29
6.03643851e+14 3.96694507e-29
5.73797641e+14 4.30003395e-29
5.45427131e+14 4.23350709e-29
5.18459354e+14 4.05417787e-29
4.92824957e+14 4.10149884e-29
4.68458012e+14 4.14450707e-29
4.45295851e+14 4.09803233e-29
4.23278907e+14 4.06500398e-29
4.02350555e+14 4.20016559e-29
3.82456972e+14 3.98298454e-29
3.63546996e+14 3.98661942e-29
3.45571994e+14 4.03049559e-29
3.28485737e+14 4.05988081e-29
3.12244282e+14 4.00905770e-29
2.96805861e+14 4.04510918e-29
2.82130768e+14 4.06968102e-29
2.68181261e+14 4.08099924e-29
2.54921465e+14 4.02875403e-29
2.42317279e+14 4.05944634e-29
2.30336287e+14 4.01573276e-29
2.18947676e+14 3.99423732e-29
2.08122157e+14 4.04959207e-29
1.97831888e+14 4.02680592e-29
1.88050406e+14 4.01920576e-29
1.78752553e+14 4.04303119e-29
1.69914417e+14 4.01674814e-29
1.61513269e+14 4.03251074e-29
1.53527503e+14 4.02035273e-29
1.45936580e+14 4.02678985e-29
1.38720978e+14 4.02226099e-29
1.31862140e+14 3.99903220e-29
1.25342427e+14 4.00398944e-29
1.19145070e+14 3.99195037e-29
1.13254132e+14 4.00623783e-29
1.07654461e+14 4.02029557e-29
1.02331658e+14 4.03040135e-29
9.72720319e+13 4.00527518e-29
9.24625712e+13 4.01426062e-29
8.78909065e+13 4.02654498e-29
8.35452806e+13 4.01926072e-29
7.94145172e+13 4.02281571e-29
7.54879928e+13 4.02263858e-29
7.17556092e+13 4.02336573e-29
6.82077673e+13 4.01452166e-29
6.48353429e+13 4.01565501e-29
6.16296626e+13 4.01977065e-29
5.85824820e+13 4.02147824e-29
5.56859644e+13 4.02682853e-29
5.29326606e+13 4.01133834e-29
5.03154895e+13 4.00924814e-29
4.78277202e+13 4.01165685e-29
4.54629547e+13 4.01424663e-29
4.32151113e+13 4.01731270e-29
4.10784089e+13 4.01126028e-29
3.90473524e+13 4.00970666e-29
3.71167182e+13 4.01258845e-29
3.52815412e+13 4.01467655e-29
3.35371015e+13 4.01147086e-29
3.18789129e+13 4.00584155e-29
3.03027108e+13 4.01128219e-29
2.88044415e+13 4.01101288e-29
2.73802518e+13 4.01482566e-29
2.60264788e+13 4.00762636e-29
2.47396410e+13 4.01376556e-29
2.35164288e+13 4.00753922e-29
2.23536965e+13 4.01080418e-29
2.12484535e+13 4.01360769e-29
2.01978576e+13 4.00773490e-29
1.91992067e+13 4.01014020e-29
1.82499324e+13 4.01104002e-29
1.73475936e+13 4.01199125e-29
1.64898694e+13 4.00839220e-29
1.56745541e+13 4.01124856e-29
1.48995507e+13 4.00998367e-29
1.41628662e+13 4.00782180e-29
1.34626058e+13 4.00699508e-29
1.27969687e+13 4.01064375e-29
1.21642429e+13 4.01034799e-29
1.15628013e+13 4.00933466e-29
1.09910970e+13 4.00763696e-29
1.04476597e+13 4.00925649e-29
9.93109181e+12 4.00998420e-29
9.44006479e+12 4.01021553e-29
8.97331581e+12 4.00975963e-29
8.52964450e+12 4.00852414e-29
8.10790981e+12 4.00875501e-29
7.70702711e+12 4.00919539e-29
7.32596543e+12 4.00856480e-29
6.96374473e+12 4.00927859e-29
6.61943346e+12 4.00818691e-29
6.29214611e+12 4.00834514e-29
5.98104096e+12 4.00791126e-29
5.68531791e+12 4.00812083e-29
5.40421642e+12 4.00807854e-29
5.13701354e+12 4.00793757e-29
4.88302209e+12 4.00742212e-29
4.64158883e+12 4.00743027e-29
4.41209286e+12 4.00822680e-29
4.19394396e+12 4.00778100e-29
3.98658107e+12 4.00728234e-29
3.78947092e+12 4.00726867e-29
3.60210656e+12 4.00816469e-29
3.42400614e+12 4.00835015e-29
3.25471161e+12 4.00793819e-29
3.09378757e+12 4.00799018e-29
2.94082017e+12 4.00727137e-29
2.79541600e+12 4.00711078e-29
2.65720111e+12 4.00723807e-29
2.52582003e+12 4.00764434e-29
2.40093488e+12 4.00755115e-29
2.28222447e+12 4.00762371e-29
2.16938352e+12 4.00757634e-29
2.06212180e+12 4.00724256e-29
1.96016347e+12 4.00752461e-29
1.86324631e+12 4.00708163e-29
1.77112106e+12 4.00730428e-29
1.68355080e+12 4.00744375e-29
1.60031031e+12 4.00746611e-29
1.52118552e+12 4.00763276e-29
1.44597292e+12 4.00733699e-29
1.37447909e+12 4.00731033e-29
1.30652016e+12 4.00728369e-29
1.24192135e+12 4.00739284e-29
1.18051653e+12 4.00739066e-29
1.12214777e+12 4.00723114e-29
1.06666496e+12 4.00693372e-29
1.01392541e+12 4.00725920e-29
9.63793480e+11 4.00724175e-29
9.16140246e+11 4.00720911e-29
8.70843150e+11 4.00726002e-29
8.27785697e+11 4.00734024e-29
7.86857151e+11 4.00713860e-29
7.47952252e+11 4.00722676e-29
7.10970943e+11 4.00702850e-29
6.75818117e+11 4.00718010e-29
6.42403366e+11 4.00718132e-29
6.10640754e+11 4.00705160e-29
5.80448594e+11 4.00710201e-29
5.51749238e+11 4.00709384e-29
5.24468875e+11 4.00712109e-29
4.98537346e+11 4.00705598e-29
4.73887961e+11 4.00707283e-29
4.50457325e+11 4.00712738e-29
4.28185180e+11 4.00701994e-29
4.07014245e+11 4.00708247e-29
3.86890074e+11 4.00713514e-29
3.67760910e+11 4.00708356e-29
3.49577557e+11 4.00707633e-29
3.32293252e+11 4.00705574e-29
3.15863541e+11 4.00709002e-29
3.00246171e+11 4.00704351e-29
2.85400977e+11 4.00708318e-29
2.71289780e+11 4.00707502e-29
2.57876289e+11 4.00711944e-29
2.45126006e+11 4.00708213e-29
2.33006141e+11 4.00709857e-29
2.21485523e+11 4.00707138e-29
2.10534524e+11 4.00704062e-29
2.00124980e+11 4.00710087e-29
1.90230119e+11 4.00704069e-29
1.80824493e+11 4.00706769e-29
1.71883914e+11 4.00704506e-29
1.63385388e+11 4.00701841e-29
1.55307057e+11 4.00702777e-29
1.47628147e+11 4.00704848e-29
1.40328908e+11 4.00704568e-29
1.33390569e+11 4.00704343e-29
1.26795285e+11 4.00705541e-29
1.20526094e+11 4.00703918e-29
1.14566873e+11 4.00702734e-29
1.08902296e+11 4.00704104e-29
1.03517796e+11 4.00703327e-29
9.83995230e+10 4.00704602e-29
9.35343152e+10 4.00704665e-29
8.89096599e+10 4.00702953e-29
8.45136633e+10 4.00702963e-29
8.03350198e+10 4.00702675e-29
7.63629826e+10 4.00703518e-29
7.25873365e+10 4.00702492e-29
6.89983712e+10 4.00702731e-29
6.55868566e+10 4.00702269e-29
6.23440189e+10 4.00703080e-29
5.92615181e+10 4.00702132e-29
5.63314267e+10 4.00702314e-29
5.35462090e+10 4.00702682e-29
5.08987019e+10 4.00703226e-29
4.83820966e+10 4.00702808e-29
4.59899209e+10 4.00702989e-29
4.37160225e+10 4.00702439e-29
4.15545533e+10 4.00702544e-29
3.94999546e+10 4.00702408e-29
3.75469422e+10 4.00701742e-29
3.56904935e+10 4.00702336e-29
3.39258338e+10 4.00702611e-29
3.22484250e+10 4.00702047e-29
3.06539530e+10 4.00702490e-29
2.91383170e+10 4.00702114e-29
2.76976194e+10 4.00702076e-29
2.63281547e+10 4.00702642e-29
2.50264010e+10 4.00702103e-29
2.37890104e+10 4.00702263e-29
2.26128007e+10 4.00701831e-29
2.14947467e+10 4.00702173e-29
2.04319732e+10 4.00702180e-29
1.94217468e+10 4.00702520e-29
1.84614695e+10 4.00701882e-29
1.75486715e+10 4.00702276e-29
1.66810054e+10 4.00702186e-29
1.58562396e+10 4.00702008e-29
1.50722531e+10 4.00702048e-29
1.43270295e+10 4.00702111e-29
1.36186524e+10 4.00702030e-29
1.29452998e+10 4.00702045e-29
1.23052400e+10 4.00701959e-29
1.16968270e+10 4.00702153e-29
1.11184960e+10 4.00701821e-29
1.05687597e+10 4.00702185e-29
1.00462042e+10 4.00702195e-29
9.54948564e+09 4.00702701e-29
9.07732653e+09 4.00701909e-29
8.62851257e+09 4.00701567e-29
8.20188950e+09 4.00702142e-29
7.79636013e+09 4.00702221e-29
7.41088152e+09 4.00701818e-29
7.04446228e+09 4.00702117e-29
6.69616005e+09 4.00702116e-29
6.36507908e+09 4.00702028e-29
6.05036788e+09 4.00702243e-29
5.75121707e+09 4.00702209e-29
5.46685730e+09 4.00701670e-29
5.19655724e+09 4.00701817e-29
4.93962174e+09 4.00702059e-29
4.69539001e+09 4.00701886e-29
4.46323393e+09 4.00701922e-29
4.24255643e+09 4.00701884e-29
4.03278998e+09 4.00702039e-29
3.83339510e+09 4.00702236e-29
3.64385898e+09 4.00702131e-29
3.46369418e+09 4.00702202e-29
3.29243733e+09 4.00701950e-29
3.12964801e+09 4.00702009e-29
2.97490755e+09 4.00702153e-29
2.82781798e+09 4.00702166e-29
2.68800102e+09 4.00701864e-29
2.55509709e+09 4.00701930e-29
2.42876438e+09 4.00702031e-29
2.30867799e+09 4.00702173e-29
2.19452909e+09 4.00702084e-29
2.08602409e+09 4.00702118e-29
1.98288395e+09 4.00702183e-29
1.88484341e+09 4.00702083e-29
1.79165033e+09 4.00702088e-29
1.70306503e+09 4.00702226e-29
1.61885969e+09 4.00702149e-29
1.53881775e+09 4.00702140e-29
1.46273336e+09 4.00702202e-29
1.39041083e+09 4.00702213e-29
1.32166418e+09 4.00702232e-29
1.25631660e+09 4.00702194e-29
1.19420003e+09 4.00702212e-29
1.13515471e+09 4.00702343e-29
1.07902879e+09 4.00702342e-29
1.02567793e+09 4.00702348e-29
9.74964918e+08 4.00702324e-29
9.26759330e+08 4.00702420e-29
8.80937190e+08 4.00702422e-29
8.37380654e+08 4.00702459e-29
7.95977700e+08 4.00702440e-29
7.56621850e+08 4.00702504e-29
7.19211887e+08 4.00702591e-29
6.83651600e+08 4.00702643e-29
6.49849535e+08 4.00702607e-29
6.17718760e+08 4.00702681e-29
5.87176639e+08 4.00702676e-29
5.58144625e+08 4.00702777e-29
5.30548053e+08 4.00702798e-29
5.04315949e+08 4.00702825e-29
4.79380850e+08 4.00702881e-29
4.55678627e+08 4.00702944e-29
4.33148322e+08 4.00703003e-29
4.11731993e+08 4.00703033e-29
3.91374560e+08 4.00703143e-29
3.72023668e+08 4.00703197e-29
3.53629550e+08 4.00703256e-29
3.36144900e+08 4.00703348e-29
3.19524751e+08 4.00703413e-29
3.03726358e+08 4.00703497e-29
2.88709092e+08 4.00703573e-29
2.74434330e+08 4.00703667e-29
2.60865362e+08 4.00703765e-29
2.47967289e+08 4.00703858e-29
2.35706941e+08 4.00703971e-29
2.24052787e+08 4.00704078e-29
2.12974854e+08 4.00704210e-29
2.02444651e+08 4.00704317e-29
1.92435098e+08 4.00704464e-29
1.82920450e+08 4.00704591e-29
1.73876240e+08 4.00704731e-29
1.65279206e+08 4.00704887e-29
1.57107239e+08 4.00705042e-29
1.49339322e+08 4.00705214e-29
1.41955477e+08 4.00705370e-29
1.34936714e+08 4.00705554e-29
1.28264983e+08 4.00705763e-29
1.21923125e+08 4.00705963e-29
1.15894830e+08 4.00706175e-29
1.10164595e+08 4.00706411e-29
1.04717682e+08 4.00706644e-29
9.95400829e+07 4.00706888e-29
9.46184819e+07 4.00707149e-29
8.99402217e+07 4.00707435e-29
8.54932707e+07 4.00707731e-29
8.12661920e+07 4.00708026e-29
7.72481145e+07 4.00708355e-29
7.34287045e+07 4.00708689e-29
6.97981391e+07 4.00709047e-29
6.63470812e+07 4.00709429e-29
6.30666554e+07 4.00709823e-29
5.99484250e+07 4.00710239e-29
5.69843706e+07 4.00710674e-29
5.41668691e+07 4.00711136e-29
5.14886745e+07 4.00711617e-29
4.89428990e+07 4.00712128e-29
4.65229952e+07 4.00712664e-29
4.42227398e+07 4.00713231e-29
4.20362168e+07 4.00713822e-29
3.99578030e+07 4.00714448e-29
3.79821531e+07 4.00715102e-29
3.61041860e+07 4.00715794e-29
3.43190720e+07 4.00716516e-29
3.26222201e+07 4.00717283e-29
3.10092664e+07 4.00718088e-29
2.94760626e+07 4.00718932e-29
2.80186656e+07 4.00719824e-29
2.66333273e+07 4.00720760e-29
2.53164848e+07 4.00721744e-29
2.40647515e+07 4.00722778e-29
2.28749082e+07 4.00723870e-29
2.17438948e+07 4.00725016e-29
2.06688025e+07 4.00726223e-29
1.96468665e+07 4.00727491e-29
1.86754584e+07 4.00728828e-29
1.77520801e+07 4.00730232e-29
1.68743568e+07 4.00731709e-29
1.60400311e+07 4.00733262e-29
1.52469573e+07 4.00734897e-29
1.44930957e+07 4.00736619e-29
1.37765077e+07 4.00738427e-29
1.30953502e+07 4.00740332e-29
1.24478715e+07 4.00742334e-29
1.18324063e+07 4.00744442e-29
1.12473718e+07 4.00746659e-29
1.06912634e+07 4.00748989e-29
1.01626509e+07 4.00751444e-29
9.66017480e+06 4.00754025e-29
9.18254284e+06 4.00756739e-29
8.72852662e+06 4.00759596e-29
8.29695852e+06 4.00762601e-29
7.88672862e+06 4.00765762e-29
7.49678187e+06 4.00769088e-29
7.12611543e+06 4.00772587e-29
6.77377600e+06 4.00776267e-29
6.43885743e+06 4.00780139e-29
6.12049837e+06 4.00784212e-29
5.81788007e+06 4.00788498e-29
5.53022426e+06 4.00793006e-29
5.25679112e+06 4.00797749e-29
4.99687745e+06 4.00802739e-29
4.74981480e+06 4.00807987e-29
4.51496777e+06 4.00813510e-29
4.29173238e+06 4.00819319e-29
4.07953450e+06 4.00825430e-29
3.87782841e+06 4.00831860e-29
3.68609536e+06 4.00838623e-29
3.50384225e+06 4.00845739e-29
3.33060034e+06 4.00853225e-29
3.16592411e+06 4.00861100e-29
3.00939003e+06 4.00869384e-29
2.86059554e+06 4.00878100e-29
2.71915794e+06 4.00887269e-29
2.58471351e+06 4.00896915e-29
2.45691646e+06 4.00907062e-29
2.33543814e+06 4.00917738e-29
2.21996612e+06 4.00928969e-29
2.11020343e+06 4.00940783e-29
2.00586778e+06 4.00953213e-29
1.90669084e+06 4.00966289e-29
1.81241755e+06 4.00980045e-29
1.72280545e+06 4.00994517e-29
1.63762407e+06 4.01009741e-29
1.55665436e+06 4.01025757e-29
1.47968806e+06 4.01042607e-29
1.40652724e+06 4.01060333e-29
1.33698374e+06 4.01078980e-29
1.27087871e+06 4.01098598e-29
1.20804213e+06 4.01119236e-29
1.14831241e+06 4.01140948e-29
1.09153594e+06 4.01163789e-29
1.03756668e+06 4.01187818e-29
9.86265846e+05 4.01213097e-29
9.37501502e+05 4.01239691e-29
8.91148232e+05 4.01267669e-29
8.47086827e+05 4.01297101e-29
8.05203967e+05 4.01328065e-29
7.65391939e+05 4.01360639e-29
7.27548353e+05 4.01394907e-29
6.91575883e+05 4.01430958e-29
6.57382014e+05 4.01468884e-29
6.24878807e+05 4.01508782e-29
5.93982669e+05 4.01550757e-29
5.64614142e+05 4.01594914e-29
5.36697695e+05 4.01641368e-29
5.10161531e+05 4.01690239e-29
4.84937407e+05 4.01741651e-29
4.60960449e+05 4.01795738e-29
4.38168993e+05 4.01852638e-29
4.16504425e+05 4.01912498e-29
3.95911027e+05 4.01975472e-29
3.76335836e+05 4.02041721e-29
3.57728510e+05 4.02111416e-29
3.40041193e+05 4.02184736e-29
3.23228398e+05 4.02261870e-29
3.07246884e+05 4.02343016e-29
2.92055551e+05 4.02428383e-29
2.77615329e+05 4.02518191e-29
2.63889081e+05 4.02612670e-29
2.50841506e+05 4.02712063e-29
2.38439047e+05 4.02816626e-29
2.26649808e+05 4.02926628e-29
2.15443469e+05 4.03042352e-29
2.04791210e+05 4.03164095e-29
1.94665634e+05 4.03292171e-29
1.85040702e+05 4.03426909e-29
1.75891659e+05 4.03568655e-29
1.67194976e+05 4.03717774e-29
1.58928287e+05 4.03874650e-29
1.51070330e+05 4.04039686e-29
1.43600898e+05 4.04213306e-29
1.36500781e+05 4.04395957e-29
1.29751717e+05 4.04588109e-29
1.23336350e+05 4.04790255e-29
1.17238180e+05 4.05002917e-29
1.11441525e+05 4.05226640e-29
1.05931476e+05 4.05462001e-29
1.00693863e+05 4.05709603e-29
9.57152154e+04 4.05970085e-29
9.09827289e+04 4.06244117e-29
8.64842328e+04 4.06532402e-29
8.22081576e+04 4.06835682e-29
7.81435061e+04 4.07154738e-29
7.42798248e+04 4.07490390e-29
7.06071771e+04 4.07843502e-29
6.71161177e+04 4.08214980e-29
6.37976681e+04 4.08605782e-29
6.06432940e+04 4.09016911e-29
5.76448828e+04 4.09449426e-29
5.47947234e+04 4.09904439e-29
5.20854855e+04 4.10383120e-29
4.95102016e+04 4.10886699e-29
4.70622485e+04 4.11416474e-29
4.47353305e+04 4.11973805e-29
4.25234633e+04 4.12560126e-29
4.04209584e+04 4.13176946e-29
3.84224085e+04 4.13825851e-29
3.65226736e+04 4.14508510e-29
3.47168682e+04 4.15226678e-29
3.30003479e+04 4.15982203e-29
3.13686982e+04 4.16777028e-29
2.98177229e+04 4.17613198e-29
2.83434331e+04 4.18492863e-29
2.69420371e+04 4.19418285e-29
2.56099310e+04 4.20391845e-29
2.43436887e+04 4.21416048e-29
2.31400538e+04 4.22493526e-29
2.19959307e+04 4.23627053e-29
2.09083769e+04 4.24819543e-29
1.98745955e+04 4.26074063e-29
1.88919278e+04 4.27393842e-29
1.79578465e+04 4.28782273e-29
1.70699493e+04 4.30242927e-29
1.62259529e+04 4.31779563e-29
1.54236865e+04 4.33396132e-29
1.46610868e+04 4.35096793e-29
1.39361927e+04 4.36885920e-29
1.32471399e+04 4.38768117e-29
1.25921561e+04 4.40748224e-29
1.19695570e+04 4.42831336e-29
1.13777413e+04 4.45022810e-29
1.08151870e+04 4.47328286e-29
1.02804473e+04 4.49753692e-29
9.77214697e+03 4.52305270e-29
9.28897872e+03 4.54989583e-29
8.82969996e+03 4.57813537e-29
8.39312950e+03 4.60784397e-29
7.97814457e+03 4.63909806e-29
7.58367791e+03 4.67197806e-29
7.20871503e+03 4.70656856e-29
6.85229160e+03 4.74295855e-29
6.51349095e+03 4.78124167e-29
6.19144176e+03 4.82151641e-29
5.88531578e+03 4.86388641e-29
5.59432571e+03 4.90846069e-29
5.31772318e+03 4.95535396e-29
5.05479682e+03 5.00468687e-29
4.80487044e+03 5.05658637e-29
4.56730127e+03 5.11118604e-29
4.34147833e+03 5.16862638e-29
4.12682085e+03 5.22949743e-29
3.92277676e+03 5.29307023e-29
3.72882131e+03 5.35995069e-29
3.54445567e+03 5.43031093e-29
3.36920571e+03 5.50433206e-29
3.20262069e+03 5.58220464e-29
3.04427221e+03 5.66412911e-29
2.89375302e+03 5.75031639e-29
2.75067601e+03 5.84098836e-29
2.61467321e+03 5.93637847e-29
2.48539486e+03 6.03673233e-29
2.36250847e+03 6.14230834e-29
2.24569800e+03 6.25337839e-29
2.13466303e+03 6.37022850e-29
2.02911802e+03 6.49315962e-29
1.92879151e+03 6.62248839e-29
1.83342548e+03 6.75854792e-29
1.74277468e+03 6.90168873e-29
1.65660596e+03 7.05227960e-29
1.57469771e+03 7.21195913e-29
1.49683929e+03 7.37863369e-29
1.42283046e+03 7.55398403e-29
1.35248087e+03 7.73846211e-29
1.28560961e+03 7.93254344e-29
1.22204469e+03 8.13672835e-29
1.16162263e+03 8.35154328e-29
1.10418805e+03 8.58108572e-29
1.04959323e+03 8.81884735e-29
9.97697764e+02 9.06898885e-29
9.48368187e+02 9.33215551e-29
9.01477631e+02 9.60902637e-29
8.56905505e+02 9.90031591e-29
8.14537177e+02 1.02067760e-28
7.74263683e+02 1.05291978e-28
7.35981448e+02 1.08684138e-28
6.99592017e+02 1.12253001e-28
6.65001803e+02 1.16007787e-28
6.32121848e+02 1.19958197e-28
6.00867589e+02 1.24114442e-28
5.71158648e+02 1.28487266e-28
5.42918618e+02 1.33087977e-28
5.16074871e+02 1.37928477e-28
4.90558371e+02 1.43021289e-28
4.66303493e+02 1.48379596e-28
4.43247859e+02 1.54017273e-28
4.21332174e+02 1.59948922e-28
4.00500076e+02 1.66189915e-28
3.80697987e+02 1.72756429e-28
3.61874981e+02 1.79665495e-28
3.43982649e+02 1.86935040e-28
3.26974974e+02 1.94583935e-28
3.10808217e+02 2.02632047e-28
2.95440800e+02 2.11100291e-28
2.80833200e+02 2.20010686e-28
2.66947849e+02 2.29386415e-28
2.53749038e+02 2.39251889e-28
2.41202821e+02 2.49632810e-28
2.29276931e+02 2.60556244e-28
2.17940698e+02 2.72050693e-28
2.07164968e+02 2.84146173e-28
1.96922026e+02 2.96874299e-28
1.87185529e+02 3.10268369e-28
1.77930439e+02 3.24363458e-28
1.69132952e+02 3.39299322e-28
1.60770442e+02 3.54909171e-28
1.52821404e+02 3.71336919e-28
1.45265393e+02 3.88625781e-28
1.38082977e+02 4.06821299e-28
1.31255684e+02 4.25971471e-28
1.24765955e+02 4.46126889e-28
1.18597101e+02 4.67340887e-28
1.12733256e+02 4.89669695e-28
1.07159340e+02 5.13172606e-28
1.01861017e+02 5.37912150e-28
9.68246612e+01 5.63954285e-28
9.20373200e+01 5.91368594e-28
8.74866812e+01 6.20228497e-28
8.31610415e+01 6.50611480e-28
7.90492762e+01 6.82599334e-28
7.51408106e+01 7.16278417e-28
7.14255929e+01 7.51739928e-28
6.78940681e+01 7.89080204e-28
6.45371540e+01 8.28401038e-28
6.13462172e+01 8.69810017e-28
5.83130511e+01 9.13420888e-28
5.54298552e+01 9.59353954e-28
5.26892142e+01 1.00773649e-27
5.00840799e+01 1.05870321e-27
4.76077523e+01 1.11239674e-27
4.52538628e+01 1.16896818e-27
4.30163576e+01 1.22857765e-27
4.08894823e+01 1.29139492e-27
3.88677669e+01 1.35760010e-27
3.69460121e+01 1.42738437e-27
3.51192753e+01 1.50095078e-27
3.33828586e+01 1.57851512e-27
3.17322963e+01 1.66030688e-27
3.01633435e+01 1.74657029e-27
2.86719650e+01 1.83417112e-27
2.72543253e+01 1.92963251e-27
2.59067786e+01 2.03031219e-27
2.46258592e+01 2.13651225e-27
2.34082728e+01 2.24855438e-27
2.22508880e+01 2.36678131e-27
2.11507282e+01 2.49155851e-27
2.01049642e+01 2.62327603e-27
1.91109062e+01 2.76235043e-27
1.81659979e+01 2.90922704e-27
1.72678090e+01 3.06438235e-27
1.64140297e+01 3.22832669e-27
1.56024641e+01 3.40160717e-27
1.48310251e+01 3.58480304e-27
1.40977287e+01 3.77841105e-27
1.34006890e+01 3.98317918e-27
1.27381132e+01 4.19997489e-27
1.21082975e+01 4.42960493e-27
1.15096220e+01 4.67277266e-27
1.09405471e+01 4.93047319e-27
1.03996091e+01 5.20368125e-27
9.88541702e+00 5.49345373e-27
9.39664831e+00 5.80096240e-27
8.93204600e+00 6.12746710e-27
8.49041520e+00 6.47434426e-27
8.07062014e+00 6.84308943e-27
7.67158118e+00 7.23533336e-27
7.29227206e+00 7.65285665e-27
6.93171728e+00 8.09760398e-27
6.58898955e+00 8.57170335e-27
6.26320745e+00 9.07748526e-27
5.95353313e+00 9.61750529e-27
5.65917016e+00 1.01945687e-26
5.37936150e+00 1.08117583e-26
5.11338754e+00 1.14724649e-26
4.86056423e+00 1.21804221e-26
4.62024137e+00 1.29397445e-26
4.39180089e+00 1.37549702e-26
4.17465529e+00 1.46311085e-26
3.96824610e+00 1.55736928e-26
3.77204249e+00 1.65888393e-26
3.58553986e+00 1.76833127e-26
3.40825855e+00 1.88645988e-26
3.23974263e+00 2.01409854e-26
3.07955871e+00 2.15216519e-26
2.92729484e+00 2.30167688e-26
2.78255940e+00 2.46376087e-26
2.64498018e+00 2.63966678e-26
2.51420335e+00 2.83078025e-26
2.38989257e+00 3.03863792e-26
2.27172813e+00 3.26494411e-26
2.15940615e+00 3.50880675e-26
2.05263775e+00 3.77740673e-26
1.95114835e+00 4.07073269e-26
1.85467692e+00 4.39136648e-26
1.76297538e+00 4.74708446e-26
1.67580786e+00 5.13179413e-26
1.59295021e+00 5.55345628e-26
1.51418933e+00 6.01591741e-26
1.43932264e+00 6.52350434e-26
1.36815763e+00 7.08101380e-26
1.30051125e+00 7.69376277e-26
1.23620954e+00 8.36764419e-26
1.17508713e+00 9.10918854e-26
1.11698682e+00 9.92563187e-26
1.06175918e+00 1.08249911e-25
1.00926219e+00 1.18161473e-25
9.59360829e-01 1.29089375e-25
9.11926760e-01 1.41142570e-25
8.66837993e-01 1.54442383e-25
8.23978568e-01 1.69121210e-25
7.83238260e-01 1.85327574e-25
7.44512291e-01 2.03225276e-25
7.07701066e-01 2.22995663e-25
6.72709914e-01 2.44839488e-25
6.39448843e-01 2.68978984e-25
6.07832313e-01 2.95660147e-25
5.77779012e-01 3.25155266e-25
5.49211648e-01 3.57765724e-25
5.22056753e-01 3.93825098e-25
4.96244488e-01 4.33702591e-25
4.71708469e-01 4.77806824e-25
4.48385595e-01 5.26590040e-25
4.26215883e-01 5.80552756e-25
4.05142317e-01 6.40248909e-25
3.85110700e-01 7.06291550e-25
3.66069515e-01 7.79359154e-25
3.47969790e-01 8.60202591e-25
3.30764978e-01 9.49652854e-25
3.14410830e-01 1.04862961e-24
2.98865287e-01 1.15815063e-24
2.84088369e-01 1.27934232e-24
2.70042072e-01 1.41345124e-24
2.56690272e-01 1.56185695e-24
2.43998630e-01 1.72608622e-24
2.31934506e-01 1.90782873e-24
2.20466874e-01 2.10895440e-24
2.09566240e-01 2.33153269e-24
1.99204571e-01 2.57785386e-24
1.89355218e-01 2.85045250e-24
1.79992851e-01 3.15213362e-24
1.71093391e-01 3.48600151e-24
1.62633950e-01 3.85549161e-24
1.54592774e-01 4.26440588e-24
1.46949180e-01 4.71695185e-24
1.39683512e-01 5.21778591e-24
1.32777083e-01 5.77206111e-24
1.26212131e-01 6.38548015e-24
1.19971774e-01 7.06435396e-24
1.14039960e-01 7.81566653e-24
1.08401436e-01 8.64714663e-24
1.03041699e-01 9.56734716e-24
9.79469667e-02 1.05857329e-23
9.31041349e-02 1.17127778e-23
8.85007491e-02 1.29600721e-23
8.41249705e-02 1.43404416e-23
7.99655453e-02 1.58680786e-23
7.60117762e-02 1.75586879e-23
7.22534949e-02 1.94296470e-23
6.86810359e-02 2.15001846e-23
6.52852114e-02 2.37915766e-23
6.20572881e-02 2.63273639e-23
5.89889643e-02 2.91335932e-23
5.60723488e-02 3.22390818e-23
5.32999408e-02 3.56757124e-23
5.06646101e-02 3.94787572e-23
4.81595791e-02 4.36872370e-23
4.57784054e-02 4.83443174e-23
4.35149650e-02 5.34977469e-23
4.13634368e-02 5.92003408e-23
3.93182876e-02 6.55105146e-23
3.73742574e-02 7.24928743e-23
3.55263468e-02 8.02188667e-23
3.37698031e-02 8.87674974e-23
3.21001090e-02 9.82261225e-23
3.05129702e-02 1.08691322e-22
2.90043049e-02 1.20269860e-22
2.75702333e-02 1.33079748e-22
2.62070670e-02 1.47251408e-22
2.49113003e-02 1.62928958e-22
2.36796007e-02 1.80271623e-22
2.25088005e-02 1.99455288e-22
2.13958887e-02 2.20674199e-22
2.03380031e-02 2.44142834e-22
1.93324229e-02 2.70097948e-22
1.83765620e-02 2.98800820e-22
1.74679622e-02 3.30539701e-22
1.66042866e-02 3.65632493e-22
1.57833141e-02 4.04429669e-22
1.50029332e-02 4.47317449e-22
1.42611371e-02 4.94721256e-22
1.35560179e-02 5.47109454e-22
1.28857621e-02 6.04997402e-22
1.22486461e-02 6.68951813e-22
1.16430313e-02 7.39595456e-22
1.10673602e-02 8.17612177e-22
1.05201522e-02 9.03752272e-22
1.00000000e-02 9.98838186e-22
